4 0.329163653125 0.456737190625 0.3189223171875 0.45428835625 0.29597170625 0.459842425 0.185926575 0.5055698546875 0.0995797515625 0.544310484375 0.0940471125 0.551641984375 0.1035384234375 0.58005380625 0.127606309375 0.6173227828125001 0.1391921015625 0.6319108578125 0.1574316859375 0.6411067140625 0.23061953124999998 0.622676078125 0.384546871875 0.5721619078125 0.39209774375 0.5666857656250001 0.39658391875 0.5580893859375 0.3924750859375 0.5291740125 0.38193653437499997 0.5076740640625 0.354579096875 0.47343839687499994 0.329163653125 0.456737190625
0 0 0.47758177343749997 0.08896340312499999 0.5548431453125 0.08903887031249999 0.54734079375 0.10189752968750002 0.540686696875 0.291561 0.460936453125 0.2938040875 0.4566382640625 0.2878987671875 0.452421 0.19326346249999998 0.39177271875 0.1636613859375 0.3781887453125 0.11768624999999999 0.3804457265625 0 0.40315762812499994 0 0.47758177343749997
0 0.7047036984374999 0.459290965625 0.78221935 0.4436743328125 0.7968323515625 0.38140799687500004 0.502187365625 0.32000680625 0.43632715624999996 0.36070998906249996 0.422584090625 0.38751444375 0.7047036984374999 0.459290965625
0 0.9917634937500001 0.7369406703125 0.9944548281250001 0.505647884375 0.8690538765625 0.42939563124999997 0.670416184375 0.47913415156249994 0.7232697828125 0.517681253125 0.7120794453125 0.5425168421875 0.9597202171875001 0.745418625 0.9917634937500001 0.7369406703125
2 0.2061093203125 0.3963211875 0.23652471562500002 0.39362220937500003 0.38923941875 0.346496928125 0.42592985156249996 0.34595212656249996 0.43925933749999996 0.30526556718750003 0.40594908749999997 0.2576108171875 0.37547848125 0.247339253125 0.3556261375 0.2449575875 0.3570044046875 0.2418939 0.1627288171875 0.3426147640625 0.2061093203125 0.3963211875
2 0.81360605625 0.2069987234375 0.7745834796875 0.2065610984375 0.746848703125 0.20983718125 0.7390737546875 0.2132901171875 0.7351112 0.21843056249999998 0.7387975296875 0.23534734375 0.7372749375 0.2625184875 0.7294984390625 0.282324928125 0.721570225 0.3253128234375 0.72254121875 0.3340800546875 0.7281477734374999 0.3355997109375 0.7258292187500001 0.34740025 0.721493203125 0.34916868125 0.7263520625 0.352121065625 0.725080746875 0.35700973125 0.7303877562500001 0.36400853125 0.751394046875 0.3654502609375 0.7657465453125 0.3722842109375 0.796470553125 0.379630709375 0.8073102000000001 0.37929800937499997 0.8813297468749999 0.2619880109375 0.8917967109375 0.250106546875 0.9012911265625 0.24581135625 0.9018155234374999 0.23417866874999999 0.8909019593749999 0.2256602140625 0.8719146796875 0.2178970875 0.81360605625 0.2069987234375
2 0.5475507453125 0.1944127765625 0.5325999359375 0.1903603625 0.505163928125 0.1963340578125 0.494846346875 0.209564328125 0.4914058625 0.2276023390625 0.4967821296875 0.292512809375 0.5046302171875 0.30608778124999997 0.5173379390624999 0.314438384375 0.5420072421875 0.3162188140625 0.5580799843750001 0.314033759375 0.5781160546875 0.2985315046875 0.5855945640625 0.26785070312500003 0.587914671875 0.23969665624999997 0.59112953125 0.23598894375 0.5861983093750001 0.207831896875 0.579994221875 0.200917025 0.5626517171875001 0.19163724375 0.5475507453125 0.1944127765625
0 0.676682709375 1 0.8928487921875 0.9797768265625001 0.9432423953125 0.8946582875000001 0.9512429734375001 0.8768750531249999 0.949673665625 0.8708893578125 0.525602359375 0.667306634375 0.5133420140625 0.671179196875 0.4163765125 0.744982746875 0.2904041421875 0.8351278015625001 0.2961593046875 0.8461730140625001 0.2933925984375 0.8539271390625001 0.307594934375 0.8675890374999999 0.5040034171875 1 0.676682709375 1
1 0.63691803125 0.6248672921875 0.7343208171875 0.6695846953125 0.8588592921875 0.7219843 0.8641670781249999 0.7208063453125 0.8778489015625001 0.70521716875 0.8831574640625 0.6958624609374999 0.8818869234375001 0.6925743765625 0.657030346875 0.5936859359375 0.6497790171875 0.5936829343750001 0.63691803125 0.6248672921875
1 0.6659163609375 0.6984700671875 0.6602320125000001 0.7289830203125 0.7019442734375 0.745522378125 0.991154084375 0.78931320625 0.9915754578125 0.75310039375 0.6659163609375 0.6984700671875
1 0.48956343750000003 0.4523439296875 0.39382875624999997 0.45522966406250004 0.4030246453125 0.48431303750000004 0.46140941875 0.48368878593750003 0.462283759375 0.461688034375 0.48956343750000003 0.4523439296875
1 0.4939571734375 0.45221148906249997 0.5052115578125 0.46479863125 0.545156209375 0.45855277499999997 0.575483453125 0.45601535625 0.6133088812499999 0.460448221875 0.6477562609375 0.466182409375 0.64578185 0.44763503125000004 0.4939571734375 0.45221148906249997
1 0.5094164546875 0.533855240625 0.5717192890625 0.5534185703125 0.49775097031250004 0.452341 0.45576849062499997 0.4623241375 0.4651872640625 0.4791965921875 0.5094164546875 0.533855240625
0 0.6556334015624999 0.4682596140625 0.656038434375 0.4532168296875 0.5932348765625 0.4266527296875 0.42173787812499997 0.3714773734375 0.27914875 0.3781626828125 0.2851853546875 0.42715202343750003 0.3160131265625 0.4541516875 0.3568959171875 0.47755597187500004 0.40393441250000006 0.5427184453125 0.42972627812499997 0.597771225 0.47525995156249995 0.6037056484375001 0.47974955625 0.5093417062500001 0.4629598125 0.46131884218749997 0.5029220203125 0.44732598437500004 0.5163632453125 0.4627905 0.60688178125 0.45052952187499995 0.6811835734375 0.48977400156249995 0.6556334015624999 0.4682596140625
3 0.021817907812500002 0.7751385671875 0.033212657812500004 0.8570971921874999 0.18516130625 0.743354575 0.0530298015625 0.8617307343749999 0.08081922968750001 0.895423121875 0.16535758750000001 0.8815915890625 0.2066830203125 0.8205997390625 0.20467332031250002 0.7934190453125 0.188383128125 0.777322309375 0.21082319218749998 0.7469691187499999 0.33538122812500004 0.6303133484375001 0.3246935515625 0.6126145171874999 0.1665882109375 0.730459990625 0.1259159765625 0.756995525 0.08451800937500001 0.7473203875000001 0.021817907812500002 0.7751385671875