0 0.629061371875 0.23425863281249998 0.6281588453125 0.2362897765625 0.6462093859375 0.246445496875 0.7283393499999999 0.2850372375 0.7563176890625 0.2945159109375 0.75812274375 0.2911306703125 0.7626353796875 0.29180771875 0.7716606500000001 0.28639133437500003 0.7788808671874999 0.2735274203125 0.8474729234374999 0.19498984375 0.8619133578125 0.17332430625 0.8574007218749999 0.167907921875 0.841155234375 0.1597833453125 0.6462093859375 0.0717670953125 0.6299638984375 0.067027759375 0.5415162453125 0.17738659375000002 0.54061371875 0.1902505078125 0.553249096875 0.205145565625 0.599277978125 0.2207176703125 0.6064981953124999 0.2200406234375 0.6110108296875 0.22613405625 0.629061371875 0.23425863281249998
0 0.58393501875 0.45633039999999997 0.6543321296875 0.419769803125 0.674187725 0.404874746875 0.7211191328125001 0.380501015625 0.7193140796875 0.3730534875 0.7084837546875 0.36086662187499996 0.5685920578125 0.22613405625 0.5523465703125 0.215978334375 0.5198555953125 0.2308733921875 0.47111913281250006 0.2593094109375 0.4232851984375 0.288422478125 0.419675090625 0.2945159109375 0.4205776171875 0.3026404875 0.444043321875 0.324306025 0.446750903125 0.3303994578125 0.5117328515625 0.38997968906249997 0.5487364625 0.4292484765625 0.58393501875 0.45633039999999997
0 0.305956678125 0.45836154375 0.281588446875 0.394719025 0.27978339375 0.3764387265625 0.2545126359375 0.31076506406250004 0.25 0.3073798234375 0.2355595671875 0.3073798234375 0.1064981953125 0.3317535546875 0.10379061406250001 0.3337846984375 0.10559566718749999 0.341909275 0.1597472921875 0.48408937031250004 0.17689530625 0.48341232187500005 0.2761732859375 0.4664861203125 0.305956678125 0.45836154375
0 0.41877256249999995 0.68652674375 0.43321299687500003 0.6770480703125 0.43772563125 0.67298578125 0.438628159375 0.6662153015625 0.43231046875 0.6533513875 0.424187725 0.6188219359375 0.39079422343750003 0.5545023703124999 0.37454873593750004 0.5484089375 0.37725631718749997 0.5389302640625 0.37545126406249996 0.527420446875 0.25180505468750003 0.5531482734375001 0.25 0.5599187546875 0.26083032500000003 0.591062965625 0.27978339375 0.628300609375 0.3104693140625 0.704807040625 0.341155234375 0.70412999375 0.41877256249999995 0.68652674375
0 0.588447653125 0.555856465625 0.5045126359375 0.39268788125 0.3619133578125 0.4312796203125 0.33393501875 0.4394041984375 0.3366426 0.450914015625 0.43501804999999993 0.6330399453125 0.457581228125 0.622884225 0.5974729234375 0.5795531484375 0.588447653125 0.555856465625
4 0.8501805046875001 0.3568043328125 0.8935018046875 0.3493568046875 0.911552346875 0.3378469875 0.924187725 0.324306025 0.9296028875 0.3087339203125 0.9268953062499999 0.288422478125 0.9169675093749999 0.2748815171875 0.8989169671875 0.2647257953125 0.8799638984374999 0.26066350781250003 0.8510830328125 0.2633717 0.830324909375 0.2714962765625 0.81498195 0.28300609374999997 0.7554151625000001 0.3371699390625 0.7545126359375 0.3507109 0.7590252703125 0.35883547656250003 0.7698555953125 0.3669600546875 0.782490975 0.369668246875 0.822202165625 0.364928909375 0.8501805046875001 0.3568043328125
4 0.6949458484375 0.5172647265625 0.7166064984375 0.5044008125 0.7229241875 0.49356804375 0.7238267140625 0.4820582265625 0.7166064984375 0.4691943125 0.7084837546875 0.4624238328125 0.6850180499999999 0.45497630312500004 0.66170306875 0.45497630312500004 0.6498194953125 0.450914015625 0.634476534375 0.450914015625 0.618231046875 0.45836154375 0.604693140625 0.4698713609375 0.601985559375 0.47664184218749994 0.6028880859375 0.49424509062500005 0.610108303125 0.5044008125 0.6254512640625001 0.5132024375 0.645306859375 0.5179417734375 0.685920578125 0.5192958703125 0.6949458484375 0.5172647265625
3 0.0956678703125 0.52403520625 0.1010830328125 0.5192958703125 0.10379061406250001 0.503046715625 0.12184115468750001 0.4807041296875 0.139891696875 0.4698713609375 0.1471119140625 0.4597156390625 0.1462093859375 0.452945159375 0.137184115625 0.43601895781250005 0.123646209375 0.4312796203125 0.099277978125 0.4312796203125 0.08754512656249999 0.42586323593750003 0.069494584375 0.43060257343749997 0.06137184062499999 0.4414353421875 0.06317689531250001 0.4624238328125 0.0767148015625 0.47393365000000004 0.085740071875 0.4955991875 0.085740071875 0.5213270140625 0.08754512656249999 0.52403520625 0.0956678703125 0.52403520625
2 0 0.6005416390625 0.01353790625 0.610697359375 0.0333935015625 0.6134055515625 0.185920578125 0.5795531484375 0.20848375468749997 0.5714285718750001 0.22021660625 0.56127285 0.2229241875 0.5402843609375 0.215703971875 0.52606635 0.20667870000000002 0.5172647265625 0.185920578125 0.5084631015625 0.16064981875 0.5071090046875 0.1064981953125 0.52403520625 0.059566787499999996 0.53283683125 0.0036101078125 0.5477318890625 0 0.5497630328125 0 0.6005416390625
2 0.169675090625 0.766418415625 0.18501805 0.759647934375 0.20036101093749997 0.746784021875 0.2220216609375 0.7156398109375 0.2788808671875 0.6553825328125 0.2788808671875 0.6425186187499999 0.26353790625 0.626269465625 0.2400722015625 0.622884225 0.22833935 0.6255924171875 0.13267147968749998 0.665538253125 0.099277978125 0.67298578125 0.0812274375 0.685172646875 0.06768953125 0.709546378125 0.066787003125 0.7210561953125 0.0740072203125 0.740013540625 0.099277978125 0.76100203125 0.13267147968749998 0.7704807046875 0.1498194953125 0.7704807046875 0.169675090625 0.766418415625
2 0.45306859218750006 0.6492891000000001 0.446750903125 0.6553825328125 0.444043321875 0.6641841578125 0.446750903125 0.7007447531250001 0.454873646875 0.7088693296875 0.6335740078125001 0.7149627625 0.6227436828124999 0.647935003125 0.615523465625 0.628300609375 0.45306859218750006 0.6492891000000001
2 0.7012635375 0.6736628296875 0.7328519859375 0.6750169265625 0.7626353796875 0.6696005421875 0.7879061375 0.6533513875 0.8023465703125 0.63168585 0.803249096875 0.60731211875 0.792418771875 0.5870006765625 0.7779783390625 0.575490859375 0.7490974734375 0.5639810421875 0.7184115531249999 0.5619498984375 0.675090253125 0.5511171296875 0.6552346578125 0.549085984375 0.642599278125 0.5545023703124999 0.6335740078125001 0.5639810421875 0.6335740078125001 0.5842924843749999 0.645306859375 0.6093432640625001 0.6498194953125 0.637102234375 0.6588447656249999 0.652674340625 0.672382671875 0.6628300609375 0.7012635375 0.6736628296875
2 0.8501805046875001 0.5213270140625 0.8691335734375001 0.52606635 0.8880866421875 0.5267433984375 0.919675090625 0.5220040625 0.9512635375 0.5084631015625 0.97021660625 0.4908598515625 0.9810469312500001 0.463777928125 0.97833935 0.4394041984375 0.962996390625 0.4184157078125 0.9449458484375001 0.40690589062500004 0.91064981875 0.3974272171875 0.8763537906250001 0.3987813140625 0.8447653421875 0.40825998593749996 0.8240072203125001 0.4218009484375 0.7770758125 0.4394041984375 0.75812274375 0.45700744687499995 0.7563176890625 0.4644549765625 0.7599277984375 0.47393365000000004 0.77978339375 0.490182803125 0.8023465703125 0.501015571875 0.8212996390624999 0.5050778609375 0.8501805046875001 0.5213270140625
1 0.37635379062499996 0.33310765 0.32310469375 0.22748815156250002 0.3185920578125 0.22139471875 0.311371840625 0.21868652656249998 0.2969314078125 0.222748815625 0.2969314078125 0.22884224843749998 0.3583032484375 0.343263371875 0.36462093906250004 0.347325659375 0.37274368281250003 0.345294515625 0.3781588453125 0.341232228125 0.37635379062499996 0.33310765
1 0.4043321296875 0.33987813125 0.346570396875 0.22613405625 0.33935018125 0.2207176703125 0.32310469375 0.2254570078125 0.32851985625 0.24238320937500002 0.3835740078125 0.3466486125 0.3880866421875 0.3493568046875 0.3962093859375 0.347325659375 0.4043321296875 0.343263371875 0.4043321296875 0.33987813125
1 0.3583032484375 0.3493568046875 0.3583032484375 0.3446174671875 0.311371840625 0.2586323625 0.3023465703125 0.2362897765625 0.2969314078125 0.23222748750000002 0.29602888125 0.22681110312500002 0.2779783390625 0.22884224843749998 0.2752707578125 0.2329045359375 0.2806859203125 0.24441435312499998 0.3366426 0.34867975625000003 0.341155234375 0.3527420453125 0.3528880859375 0.3513879484375 0.3583032484375 0.3493568046875
1 0.2707581234375 0.2437373046875 0.2572202171875 0.246445496875 0.2806859203125 0.3723764390625 0.28519855625 0.37508463124999997 0.2969314078125 0.37508463124999997 0.304151625 0.37102234218749996 0.281588446875 0.24779959375 0.2707581234375 0.2437373046875