2 0.5117328515625 0.323628978125 0.5144404328125 0.2748815171875 0.5054151625000001 0.2593094109375 0.35649819531250004 0.246445496875 0.295126353125 0.24306025781249999 0.2879061375 0.2450914015625 0.2933213 0.334461746875 0.295126353125 0.343263371875 0.30054151562500003 0.3466486125 0.4900722015625 0.332430603125 0.5054151625000001 0.3290453625 0.5117328515625 0.323628978125
2 0.13267147968749998 0.3175355453125 0.059566787499999996 0.2660798921875 0.0018050546875 0.23019634375 0 0.3378469875 0.0740072203125 0.371699390625 0.0902527078125 0.37102234218749996 0.12184115468750001 0.3493568046875 0.13267147968749998 0.33310765 0.13267147968749998 0.3175355453125
2 0.8104693140625001 0.36086662187499996 0.8601083031250001 0.31821259375 0.9268953062499999 0.26946513125 0.9332129968749999 0.25321597812499996 0.9323104687500001 0.24238320937500002 0.927797834375 0.2308733921875 0.9169675093749999 0.21733243125 0.898014440625 0.20446851718749998 0.8555956671875 0.19295869999999998 0.822202165625 0.19295869999999998 0.792418771875 0.2024373734375 0.7752707578125 0.2207176703125 0.7707581234374999 0.25321597812499996 0.7427797828125 0.31550440156250004 0.7355595671875 0.3446174671875 0.7445848374999999 0.3568043328125 0.7590252703125 0.364928909375 0.7788808671874999 0.3689911984375 0.7942238265625 0.36831415 0.8104693140625001 0.36086662187499996
4 0.7707581234374999 0.5172647265625 0.805956678125 0.505754909375 0.81498195 0.501015571875 0.822202165625 0.488151659375 0.8185920578125 0.461746784375 0.8077617328125 0.447528775 0.7933213 0.4400812453125 0.6416967515625001 0.450914015625 0.631768953125 0.4536222078125 0.6245487359374999 0.4664861203125 0.6254512640625001 0.49424509062500005 0.6326714796874999 0.5159106296875 0.6416967515625001 0.5301286390625 0.6597472921875001 0.542992553125 0.6850180499999999 0.5389302640625 0.7707581234374999 0.5172647265625
3 0.937603790625 0.587867975 0.962996390625 0.5781990515625 0.9693140796874999 0.56804333125 0.97021660625 0.5595802296875 0.9717617328125 0.5532092078125 0.9623853796875 0.547685171875 0.8558944046875 0.5587339203125 0.9489900718750001 0.536133378125 0.9516687718749999 0.5341245765625 0.952338446875 0.5285998640625 0.9494584843749999 0.5226811109375 0.946750903125 0.516587678125 0.9332129968749999 0.5084631015625 0.9232851984374999 0.505754909375 0.9016245484375001 0.505754909375 0.8808664265624999 0.5132024375 0.8727436828125 0.51997291875 0.8691335734375001 0.5362220718749999 0.8637184109374999 0.5436696000000001 0.7969314078124999 0.5653351390625 0.7313194953125 0.57631618125 0.7112274375000001 0.5853568046875 0.7373474734375 0.58184089375 0.7118971125 0.59439675 0.8418294218750001 0.5722985781250001 0.884693140625 0.570792146875 0.9160649812500001 0.589031821875 0.937603790625 0.587867975
0 0.57851985625 0.6005416390625 0.6462093859375 0.5775220046875 0.6588447656249999 0.56804333125 0.66064981875 0.5605958015625 0.6579422375 0.5565335140625 0.489169675 0.3425863234375 0.42509025312500004 0.3689911984375 0.289711190625 0.417738659375 0.287003609375 0.4211239 0.297833934375 0.442112390625 0.43772563125 0.6513202437500001 0.44855595625 0.6506431953125 0.5767148015625 0.60324983125 0.57851985625 0.6005416390625
0 0 0.8537576171874999 0.0604693140625 0.8381855109374999 0.21660649843750002 0.7887610015625001 0.3104693140625 0.7488151656250001 0.3158844765625 0.7440758296875 0.330324909375 0.7406905890625 0.42870036093749997 0.698713609375 0.42960288750000003 0.6926201765625 0.395306859375 0.6418415703125 0.2861010828125 0.488151659375 0.2752707578125 0.47867298593749996 0.2707581234375 0.4773188890625 0.07918501875 0.5407433984375001 0.055046028125 0.5275152328125 0.0036101078125 0.5226811109375 0 0.5247122546874999 0 0.8537576171874999
1 0.083032490625 0.5213270140625 0.0740072203125 0.520649965625 0.06317689531250001 0.52403520625 0.06137184062499999 0.52606635 0.0685920578125 0.5308056875 0.075812275 0.5416384562500001 0.08935018125000001 0.5368991203125 0.0902527078125 0.5301286390625 0.083032490625 0.5213270140625
1 0.5821299640625 0.6310088015625 0.5767148015625 0.62491536875 0.5523465703125 0.6269465125 0.5685920578125 0.8077183484375 0.5712996390625 0.8131347328125 0.5929602890625 0.8131347328125 0.5983754515624999 0.8083953953125 0.5983754515624999 0.78740690625 0.5821299640625 0.6310088015625
1 0.707581228125 0.937711578125 0.7247292421875 0.937711578125 0.7337545125 0.9350033859375 0.7337545125 0.924170615625 0.696750903125 0.73459715625 0.69314079375 0.7325660125 0.674187725 0.7339201078124999 0.6633574 0.737982396875 0.6633574 0.7515233578125 0.6850180499999999 0.8551117125 0.6949458484375 0.8679756265625 0.69314079375 0.8882870687500001 0.702166065625 0.9350033859375 0.707581228125 0.937711578125
0 0.5983754515624999 0.47528774531250007 0.618231046875 0.47325660156250005 0.6281588453125 0.45565335156250003 0.639891696875 0.45159106250000003 0.7626353796875 0.43737305312499997 0.7003610109375 0.2890995265625 0.688628159375 0.2762356125 0.669675090625 0.26675693906250003 0.6588447656249999 0.26743398749999997 0.55144404375 0.28232904531249997 0.5306859203125 0.2965470546875 0.532490975 0.31821259375 0.5415162453125 0.3358158421875 0.5469314078124999 0.3656059578125 0.572202165625 0.4427894375 0.5875451265625 0.4664861203125 0.5983754515624999 0.47528774531250007
2 0.9530685921875 0.5016926203125001 0.9729241875 0.498984428125 0.9882671484375001 0.49153689843750004 0.9990974734375 0.4820582265625 0.9990974734375 0.3527420453125 0.9124548734375001 0.40555179375000006 0.8808664265624999 0.41909275625 0.868231046875 0.43737305312499997 0.868231046875 0.4522681109375 0.8763537906250001 0.4691943125 0.887184115625 0.4807041296875 0.9124548734375001 0.4962762359375 0.9223826718750001 0.5003385234375 0.9530685921875 0.5016926203125001
0 0.34747292343749997 0.994583615625 0.357400721875 0.9993229515625 0.6444043328125 0.9993229515625 0.6489169671874999 0.9864590390625001 0.653429603125 0.9851049421875 0.6543321296875 0.9742721734374999 0.6624548734375 0.961408259375 0.685920578125 0.902505078125 0.694043321875 0.8679756265625 0.685920578125 0.85985105 0.32942238281249997 0.7461069734375 0.32039711249999997 0.75423155 0.223090253125 0.9181008796875 0.1896669671875 0.909050778125 0.1785261734375 0.927151659375 0.2110207578125 0.9368984421875 0.20637906093749997 0.9445565328125 0.3375451265625 0.9952606640624999 0.34747292343749997 0.994583615625
0 0.9584837546875 0.8815165875 0.9593862812499999 0.8761002031249999 0.8925992781250001 0.6418415703125 0.8754512640625001 0.6398104265625 0.7012635375 0.649966146875 0.683212996875 0.654705484375 0.6841155234375 0.6770480703125 0.69855595625 0.7366283 0.72563176875 0.882870684375 0.7319494578125 0.8997968859375 0.9386281593750001 0.8849018281250001 0.9584837546875 0.8815165875
1 0.9747292421875 0.52606635 0.9648014437500001 0.52877454375 0.9548736468750001 0.5409614078125 0.9557761734374999 0.5436696000000001 0.97021660625 0.5545023703124999 0.9990974734375 0.5673662828125 0.9990974734375 0.5389302640625 0.9747292421875 0.52606635