0 0.328122728125 0.6758990609375 0.3943663421875 0.66786805625 0.5654548828125 0.6558709171875 0.5667648828125 0.6320424203125 0.5602547484375 0.6165875953125 0.556453503125 0.59057455625 0.5520244265625001 0.5843777390625 0.551950303125 0.574064678125 0.50260794375 0.3698237625 0.47078373281249997 0.3688945171875 0.347441403125 0.3795400828125 0.31105463437499997 0.3785736171875 0.26718881250000004 0.383974684375 0.256397846875 0.38294916093750003 0.22731707812500002 0.3927565328125 0.2288296609375 0.4053581015625 0.27104911875000004 0.5171305984375001 0.3220080125 0.6742420453125 0.328122728125 0.6758990609375
2 0.5254939609375 0.75116951875 0.5300219671875 0.72991190625 0.5261415781250001 0.7258624124999999 0.49744146406249995 0.7226818734375 0.407707909375 0.70226245625 0.30294213124999997 0.6842650421875 0.2897833609375 0.6917915953125 0.272002671875 0.7157535875 0.2663179296875 0.7491892109375 0.2824079625 0.7620436234375 0.3308708890625 0.777974609375 0.434099278125 0.8211379437499999 0.4510049578125 0.8238204828125 0.4891119125 0.84154198125 0.495587496875 0.8357019749999999 0.501647875 0.8215550453124999 0.5254939609375 0.75116951875
2 0.8950790312500001 0.9789003234375 0.9191692609375 0.9713042390625001 0.9308936156250001 0.9087306890625 0.915847053125 0.9014500312499999 0.783263146875 0.78090698125 0.76162564375 0.7676866890625 0.7425978578125 0.7646674203125 0.71798985 0.7689185796875 0.6933595703125001 0.779691046875 0.6844276921875 0.80029519375 0.6892622937499999 0.81655960625 0.775061646875 0.93130938125 0.8013986796875001 0.961588515625 0.8134977875 0.9798201265625 0.851666934375 0.9915863546875 0.8950790312500001 0.9789003234375
2 0.91100795625 0.7141359656249999 0.9177652671875001 0.7227624796875001 0.9232521468750001 0.7442357171875 0.9353085218749999 0.7646911234375 0.944883396875 0.794367315625 0.9423821109375 0.809078990625 0.9448981609375 0.8211530343750001 0.97330208125 0.6594658 0.9329755656250001 0.6709224984375 0.9204791765625 0.6799276609375 0.9128666453125 0.6924547921875 0.91100795625 0.7141359656249999
2 0 0.6657055328125 0.0487539109375 0.6260756656249999 0.07098346093749999 0.6028196046875001 0.07280257812499999 0.5921202046875 0.061843579687500004 0.5759594484375 0.0379729875 0.56049693125 0.011393503125 0.555592628125 0 0.558685334375 0 0.6657055328125
1 0.3413317109375 0.34560646093749997 0.3425229953125 0.3547232828125 0.36164321250000003 0.3605042328125 0.3745548078125 0.359805990625 0.3896711984375 0.30314383437500003 0.42500046406249997 0.1652183484375 0.419454221875 0.16021776875 0.40022031093750005 0.15510553124999998 0.391189103125 0.15985326718749998 0.382760921875 0.1825522734375 0.3413317109375 0.34560646093749997
1 0.2941570390625 0 0.2603824875 0.203652084375 0.26170725156249997 0.20660930781250003 0.2810548609375 0.2110528328125 0.29440145 0.213170628125 0.29953248125 0.209864284375 0.332538859375 0 0.2941570390625 0
0 0.073873434375 0 0.032209996875 0.2450495015625 0.2201200515625 0.289975053125 0.24336783281250002 0.2929771859375 0.2498434171875 0.287137178125 0.2879559921875 0.025351006250000002 0.2815199796875 0.020209239062500002 0.256171353125 0.013439985937500001 0.19410437187500001 0 0.073873434375 0
0 0.35795633437499996 0 0.3203634421875 0.0497224078125 0.3137345921875 0.06721289999999999 0.3154943515625 0.072986159375 0.3283663734375 0.083269690625 0.6447196640625 0.3079029609375 0.6804292859375 0.28060509843750003 0.7012005890624999 0.2605514140625 0.7075822625 0.24988923281250003 0.7170484640625 0.247957534375 0.743044709375 0.22941968125 0.7911765953125001 0.1828035921875 0.8196982578125 0.164321028125 0.8503090437499999 0.1822279375 0.8653140859375 0.1642185 0.8340504546874999 0.143761096875 0.8522034812499999 0.13277601562500002 0.7557342359375 0.074166725 0.6972614390625 0.0257435125 0.5350228515625 0 0.35795633437499996 0
1 0.834729965625 0.6038267 0.8310967515625001 0.5929488953125001 0.8094950328125 0.596388734375 0.8085854734375 0.601738434375 0.8148880046875 0.6130397984375 0.83925295 0.6148456921875 0.8440428984375 0.6135454874999999 0.834729965625 0.6038267
0 0.6838894453125001 0.3086242734375 0.66484335 0.313156384375 0.651269371875 0.3123760140625 0.5321485140625 0.3250649359375 0.52423446875 0.328616434375 0.5884903390625 0.563380659375 0.5980652140625 0.5930568515625 0.6033840625 0.59939485625 0.6275216171875 0.6025381765625 0.7569588765625 0.5990405125 0.8050461703125 0.595682803125 0.8122978328125001 0.5906526953125 0.8194160125 0.5917821859375 0.8321610187499999 0.6018615125 0.8476019890625001 0.6141102328125 0.891616053125 0.6293352859375 0.9706921234375001 0.6425695828125 0.9762581484374999 0.6420792750000001 0.993724084375 0.53935085625 0.9966081265625 0.29149691093749996 0.9873119515625 0.29221560625 0.9705199656250001 0.2888643546875 0.958270753125 0.29104120624999996 0.9484832531249999 0.28948815625 0.7760699468750001 0.2985280734375 0.6838894453125001 0.3086242734375
4 0.24089577968749998 0.48487583125 0.24402489843750003 0.450347934375 0.2308909328125 0.42010699687499997 0.218453903125 0.41263949999999994 0.1242121265625 0.407986809375 0.053766825 0.40848357343749997 0.0367276640625 0.41196063125000004 0.025121048437499998 0.42110698125 0.019742840625 0.43124163437499996 0.0169943796875 0.452781621875 0.0257190515625 0.47133485625000004 0.04126039375 0.482041946875 0.0710578828125 0.48951713124999996 0.2060561453125 0.5178057671875 0.2215431515625 0.5127089109375 0.23225999375 0.5034213750000001 0.24089577968749998 0.48487583125
3 0.044058617187499996 0.3231592125 0.03049453125 0.3196333984375 0.0251756828125 0.31329539375 0.0204994296875 0.3139268859375 0.014473604687499999 0.3493686484375 0.025926953125000003 0.35187278437499997 0.10805299531250001 0.3525427296875 0.1349735640625 0.35544089375 0.1926209671875 0.3549736609375 0.1915433765625 0.3451881265625 0.181320884375 0.340819040625 0.1477369140625 0.3341165328125 0.044058617187499996 0.3231592125
0 0.2323781125 0.7177071234375 0.2423930015625 0.7179227484374999 0.2663427390625 0.7114217203125001 0.27731680000000003 0.6307526625000001 0.28045093906249996 0.5639481609375 0.27668424375 0.5592299546875 0.27804858125 0.5512054046875 0.26219096406250003 0.5047369609375 0.2427296625 0.50096215 0.23515670000000002 0.502507509375 0.219308825 0.5151013875 0.20594245 0.5184744796875 0.07261003906249999 0.4911369296875 0.082332859375 0.6650547765625 0.09338576562499999 0.6860377062499999 0.10591670625 0.6983273765625 0.1218189171875 0.7015374421875 0.1721009640625 0.7067690265625 0.2323781125 0.7177071234375