1 0.13500263437499999 0.3104714359375 0.1279453515625 0.3244309296875 0.1397848265625 0.33363806406249996 0.2023492875 0.35882085625000004 0.3130562828125 0.4107126140625 0.3221084046875 0.4130578546875 0.3292681421875 0.407895965625 0.3318584703125 0.39783939375 0.3200426375 0.390662471875 0.14488667500000002 0.30675753125 0.13946170625 0.3058917765625 0.13500263437499999 0.3104714359375
1 0.06719793125 0.37778133125 0.0699537609375 0.38193626875 0.2585499890625 0.4575161453125 0.2703106546875 0.45995589218750005 0.27834959531250003 0.45279529218750003 0.27914211093749997 0.44335245156249997 0.25463124062500003 0.430997325 0.0868635609375 0.3615559171875 0.0805278640625 0.3599819234375 0.076045146875 0.362531365625 0.06719793125 0.37778133125
1 0.25825839375 0.43247681406250005 0.2654890578125 0.433405571875 0.2699638921875 0.4301793921875 0.273417665625 0.416770628125 0.25797467812499997 0.40811421875000004 0.07837540625 0.3301424140625 0.0693942125 0.333887821875 0.06141831875 0.346462334375 0.06688269375 0.35071178281250004 0.25825839375 0.43247681406250005
1 0.246150965625 0.4002605609375 0.25564822187499997 0.3878223390625 0.050453521875 0.2921676171875 0.0411206796875 0.31190453281249997 0.246150965625 0.4002605609375
0 0.3708802625 0.604935896875 0.3809332765625 0.65006248125 0.5636931875 0.737734115625 0.6499964734375 0.6343478499999999 0.45164136718750003 0.5371939453125 0.44109084374999996 0.5227350734375 0.3708802625 0.604935896875
0 0.027779978125 0.4027880265625 0.014402759375 0.41652700156250005 0.0159262625 0.54735015625 0.0163366671875 0.5614548218750001 0.033322209375 0.5687150203125 0.19462809375 0.6257546125 0.28179106875 0.5158264984375001 0.28256782187499996 0.50503018125 0.0349791203125 0.40100983125 0.027779978125 0.4027880265625
0 0.448472128125 0.33696780625 0.4140535734375 0.32629636875 0.3971910578125 0.350737153125 0.3282347796875 0.4741533515625 0.3328278296875 0.4810782546875 0.3400821375 0.48403722812499994 0.6191286593750001 0.5769788703125001 0.6254013078125 0.57313895625 0.69163328125 0.448274771875 0.6942236109375 0.438218196875 0.6806020828125 0.4309782734375 0.514695265625 0.36633704218749996 0.448472128125 0.33696780625
0 0.4415463125 0.1297282515625 0.45693413281249995 0.1336474875 0.48690937500000003 0.1502520625 0.50693753125 0.16515663125 0.5178032296875 0.1682416171875 0.520559059375 0.17239655625 0.5541535765625001 0.1898038796875 0.5651611328125 0.2050701625 0.5769217984375 0.207509909375 0.5878741890625 0.2180390203125 0.6024064453125 0.2259871875 0.60961346875 0.22488573125000003 0.6132800265625 0.22974891249999999 0.6232034718749999 0.2294187015625 0.6312424140624999 0.222258096875 0.72015591875 0.10765581718749999 0.7200849890625001 0.1015651671875 0.713694125 0.0952540046875 0.5881869187500001 0.0124049640625 0.46556942812499996 0.0081265453125 0.3968361734375 0.0069268015624999995 0.3497203140625 0.071730659375 0.351581175 0.0765308375 0.36788760468750004 0.08183505468749999 0.3715778078125 0.0887284515625 0.4088073578125 0.1082919984375 0.4415463125 0.1297282515625
0 0.4764604140625 0.33794438437499996 0.4809194875 0.333364728125 0.48259120624999996 0.321923175 0.487073921875 0.31937373281250003 0.49501829218750004 0.30409226562499997 0.5380678140625 0.2034483453125 0.5388209234375 0.19062181250000002 0.5333171453125 0.182988671875 0.4090910734375 0.1326545921875 0.3392959484375 0.10654304375000001 0.3202888546875 0.10182105781249999 0.29758368125 0.08952893437500001 0.2151092796875 0.05959265625 0.21063444531250003 0.0628188375 0.1772404171875 0.1401234296875 0.14564420312499998 0.2168142890625 0.14485957031250002 0.2269338671875 0.15214540000000001 0.23259979843749998 0.2481861625 0.26503883125 0.41033184843750004 0.3166960171875 0.4538498125 0.3337731296875 0.4764604140625 0.33794438437499996
2 0.745350525 0.48870752656249994 0.7204096640625 0.51692521875 0.632860521875 0.5936931359375001 0.63023866875 0.60104275625 0.652143446875 0.6221009765625001 0.6739851781249999 0.6377452906250001 0.69122598125 0.6457879640625 0.8148732781250001 0.56892666875 0.8400032812499999 0.55695070625 0.84173805 0.5509230625 0.8180354546874999 0.530478575 0.7625676828125 0.4947199828125 0.745350525 0.48870752656249994
2 0.46447968125 0.8590798749999999 0.49876426093750004 0.85824675625 0.5203459203125 0.851558690625 0.5346890359375001 0.8432651281249999 0.550759034375 0.8282671828125 0.55868764375 0.8116322390624999 0.559393465625 0.7947452734375 0.5483228625 0.7740650812500001 0.532832590625 0.7613482421875 0.5237725859375 0.7583262609375 0.4689869953125 0.7036504906250001 0.45446261874999994 0.6963790640624999 0.43369711562499996 0.69565450625 0.40945419843749997 0.7063084953125001 0.40146254218750005 0.7175295296875001 0.402688509375 0.7453073171875 0.40937885312500005 0.7773345546875 0.4107860828125 0.8206773359374999 0.418182246875 0.83581760625 0.430053246875 0.8477316984375 0.44909974375 0.8558373765624999 0.46447968125 0.8590798749999999
2 0.24314008125000003 0.83918045625 0.2584412109375 0.835655565625 0.2781541265625 0.8234905859375001 0.28701710468749997 0.8095940984375 0.2904472359375 0.7941551203125 0.2950447015625 0.7239633109375 0.2985694015625 0.7166451953124999 0.29844330625 0.705817375 0.2901442953125 0.6906456015625 0.26558613750000004 0.6742300421875 0.24568407812499998 0.6701532921875 0.218614403125 0.6705616953125 0.19072856875 0.67838271875 0.17105505781250002 0.693931390625 0.1650030765625 0.7167199906249999 0.17454381875 0.7610230312499999 0.1795939640625 0.8071987765624999 0.1869980078125 0.823015784375 0.1979425171875 0.8328681578125 0.212435371875 0.8374326312499999 0.24314008125000003 0.83918045625
2 0.8048360359375 0.48198908906250004 0.8247538562500001 0.4874193171875 0.8491228703125 0.487593146875 0.868019628125 0.48284079062499996 0.878782875 0.4771281734375 0.8957636046875 0.46283846874999995 0.9072484359375 0.44159236562500004 0.9069253171874999 0.4138460765625 0.89403325625 0.39174940468749997 0.8703937093749999 0.3767188265625 0.85320019375 0.3727365828125 0.8351432328125 0.3721065328125 0.8081523671875 0.379282321875 0.7242899625 0.38515018749999996 0.7027240640625 0.3931917296875 0.6930606890625 0.41585431875 0.6941132765625 0.42874385468750004 0.6986984453125 0.43499201562499995 0.7168184515625 0.44103597656250004 0.7195821625 0.44586765625 0.7350015046875 0.4524938484375 0.7793829125 0.46621876718750005 0.8048360359375 0.48198908906250004
2 0.808886253125 0.2873088625 0.8314968546875001 0.29148012031250004 0.857647921875 0.28968673906250003 0.8809958703125 0.279677984375 0.8970973953125 0.2673869953125 0.9095087187500001 0.2482026078125 0.9138180546875001 0.23076491406250002 0.9145081156250001 0.21252447187499998 0.9088861218750001 0.19474025 0.8932933984375 0.173225809375 0.8642131203125001 0.1559759984375 0.8424974859375001 0.1511595046875 0.8253512562499999 0.1512376953125 0.79298270625 0.1616081609375 0.77062429375 0.17909254375 0.7231122359375 0.2065226734375 0.7088636921875 0.2229371 0.70203495625 0.2565220140625 0.7139295999999999 0.27046632187499997 0.7284382140625 0.276384271875 0.7645915375000001 0.2810280671875 0.7889369078125 0.27917168124999997 0.808886253125 0.2873088625
4 0.733795715625 0.34895282656250004 0.7336065734375 0.332711096875 0.72258325625 0.31609133749999996 0.706229540625 0.3067266890625 0.6736797296875 0.3015321640625 0.62400733125 0.2984460484375 0.61230183125 0.3007434703125 0.5889854062500001 0.313459178125 0.579282625 0.33273807187500004 0.5803903796875 0.35036478125000003 0.5895922390624999 0.3655680578125 0.6068803265625 0.3776711640625 0.6249766906249999 0.381684909375 0.6529492140625 0.381308009375 0.7070176375 0.374400559375 0.7222636 0.3661384984375 0.733795715625 0.34895282656250004
4 0.3824047015625 0.6309536625 0.3822234390625 0.6153886734375 0.3738929015625 0.59750994375 0.3419937484375 0.5706912843749999 0.32654288125 0.5613581390625 0.2985309515625 0.55835134375 0.280552803125 0.564488678125 0.26983684218750004 0.57426173125 0.25316347031249997 0.6149442406250001 0.252449765625 0.6311544687499999 0.2607645421875 0.6476797203125 0.2807926953125 0.6625842890625 0.31065760625 0.6697145203125 0.34311284531249997 0.6667881812500001 0.3565925171875 0.6618468078124999 0.37179907343749996 0.65020105625 0.3824047015625 0.6309536625
3 0.0651381359375 0.665883 0.0351471296875 0.6479249499999999 0.0183653703125 0.63117683125 0.0192045203125 0.6600165578125 0.10357789375 0.7118708609375 0.11352498124999999 0.713570865625 0.118015578125 0.7116981625000001 0.11886326093749999 0.7069924953125 0.11337524218749999 0.70071283125 0.0651381359375 0.665883