0 0.568172975 0.3534839125 0.5687399828124999 0.3413063265625 0.5634880953125 0.3377031828125 0.5560040171875 0.32384180625000003 0.45965929843750003 0.220275846875 0.4474468921875 0.21096646406250003 0.40898265624999997 0.2222772 0.12581956562500002 0.32867573437500003 0.12202430312500001 0.3325879390625 0.12873281718750001 0.3437064359375 0.2078533015625 0.4486038 0.21913264062499999 0.45855296718750005 0.22400652187499998 0.470274503125 0.23786455625 0.48304004375 0.248588834375 0.4855106078125 0.261305246875 0.48399546875 0.405937990625 0.4234645875 0.41987096875 0.415220871875 0.4436266640625 0.40941097187500003 0.53219293125 0.36964061875 0.5523423640625 0.36368373125 0.568172975 0.3534839125
1 0.63099795 0.517364928125 0.63162795625 0.503834278125 0.62563200625 0.49681172343749996 0.466956565625 0.49034422187500004 0.41839805781250006 0.4856537453125 0.3795047625 0.4867797484375 0.37520549375 0.5015164750000001 0.37666211875 0.509031828125 0.3864848328125 0.51146564375 0.624403490625 0.523196490625 0.63099795 0.517364928125
0 0.382465759375 0.486118915625 0.342715615625 0.5784928875 0.5339258453125 0.62299024375 0.551947346875 0.6212778703125 0.5681700484375 0.6231625546874999 0.593318646875 0.6260231218750001 0.614926534375 0.6348559859375 0.7120918328125 0.35210883125 0.550573765625 0.3179973078125 0.5731844078125 0.34032976875 0.568914821875 0.3444381875 0.568204109375 0.359702115625 0.40690741093750005 0.42592390468749997 0.382465759375 0.486118915625
0 0.072372009375 0.7975796765625 0.0939465671875 0.799814675 0.0991669546875 0.8040943515625001 0.11269042968750001 0.804645559375 0.1403239421875 0.812550046875 0.21729152499999999 0.8278878875 0.23448426093750002 0.82723301875 0.2431653515625 0.8153861578124999 0.26028748125 0.7774485062500001 0.338843103125 0.584083609375 0.3374179765625 0.575891725 0.35348103750000004 0.5412999875 0.3589968765625 0.5198346843749999 0.3440167765625 0.511768125 0.28054116875 0.4976580234375 0.27348615 0.49398138437499994 0.2214788859375 0.48576125625 0.21451836875 0.48005501875 0.20469565312500002 0.477621203125 0.1474364984375 0.46579792812500004 0.11324003125 0.4630484734375 0.09037395468750001 0.488551309375 0.0849526171875 0.5079870171875001 0.073314828125 0.5251358953125 0.0194012515625 0.635455946875 0.0150074796875 0.6522222703125 0.0044287578125 0.6660252343749999 0.00388585625 0.6679219203125 0.004529453125 0.77854686875 0.0082153390625 0.7786971015625 0.0098609671875 0.7821532609374999 0.0144002921875 0.7816604625 0.0178805515625 0.7845135812499999 0.051017953125 0.790608953125 0.072372009375 0.7975796765625
2 0.7666867234375 0.338529434375 0.8024267125 0.308128796875 0.8159306328125 0.2897003484375 0.799556909375 0.27276537031250003 0.6530080515625001 0.16105277812500002 0.6419807171875 0.1456913484375 0.6262131046875 0.154538103125 0.5922132453125 0.186365296875 0.541658265625 0.243952559375 0.5405992000000001 0.2472984765625 0.74457665625 0.347795490625 0.7666867234375 0.338529434375
2 0.1062175859375 0.30347537812500003 0.137677859375 0.306791125 0.15853985625 0.3049301796875 0.180000359375 0.29021511875 0.18537825000000002 0.29111213281250004 0.1923192125 0.27783871250000003 0.19224860625 0.24055593125 0.185709540625 0.20639858125 0.19220189062499998 0.16396076875 0.1816470609375 0.138451353125 0.1609860125 0.11659691406249999 0.143427221875 0.10571398125 0.1132465171875 0.0943165921875 0.0656210734375 0.0889863296875 0.026570274999999997 0.09349499375 0.021066384375 0.095304109375 0.014388296875000001 0.23872900000000002 0.019608684374999998 0.243008678125 0.025919640625 0.24326590937499998 0.027470767187500002 0.2487516640625 0.053824709375 0.26473779375 0.06852130468749999 0.2788931453125 0.0895918578125 0.2919526625 0.09120598437500001 0.29608535156250004 0.1062175859375 0.30347537812500003
2 0.2802825265625 0 0.29667805625 0.0346893046875 0.3351021140625 0.140639175 0.3410350625 0.14901479374999999 0.35520809999999997 0.15501500937499998 0.38408968125 0.1555143859375 0.414124828125 0.1506382484375 0.430731003125 0.14318130625 0.4383845296875 0.134003828125 0.41854583749999996 0 0.2802825265625 0
0 0.8602919796874999 0.3457338015625 0.8283711500000001 0.3329098515625 0.8094382828125 0.3321381609375 0.8050879609375 0.32857176250000003 0.781477821875 0.3506551890625 0.6593244687500001 0.5103856984374999 0.6587574593750001 0.522563284375 0.6737375625 0.53062984375 0.68980823125 0.5346739546875 0.699977446875 0.529665915625 0.7163631203125 0.5269447015625001 0.778275653125 0.5552252375 0.8257631484375001 0.5829178171875 0.8399676843749999 0.5882415015625 0.8490463359374999 0.5872559078124999 0.8720384140625 0.559046940625 0.961408478125 0.424415046875 0.9645031218750001 0.396750709375 0.9576371078125 0.38901487343749996 0.8602919796874999 0.3457338015625
2 1 0.46428963124999995 0.9910732265625001 0.4662931484375 0.9449869640624999 0.48610483281250005 0.93469174375 0.49381900312499993 0.9288098484375 0.50374650625 0.9281168375 0.518630221875 0.9328962203125 0.5323813546875 0.9484943828124999 0.5465734546875 0.9555179 0.5509266265625 0.9742932625 0.5550809796875 0.9996315843750001 0.554080303125 1 0.5461678609375 1 0.46428963124999995
4 0.6764933109375 0.5490432109375 0.65639493125 0.573303221875 0.643540571875 0.59718068125 0.6417569953125 0.61608684375 0.650426140625 0.6238961734374999 0.7545232265624999 0.6579630203125 0.817841334375 0.675455784375 0.83509706875 0.67344785 0.8489985499999999 0.6658806687500001 0.8710575609375001 0.6383114859375 0.8736167 0.6221482 0.8669711875000001 0.6096766390624999 0.767551375 0.5527546734375 0.715430053125 0.5275844859375 0.70728446875 0.52793029375 0.6962136859375 0.5329015890625 0.6764933109375 0.5490432109375
2 0.9751264140625 0.7699827531250001 0.9895829546874999 0.7698941734375 0.9950955265625 0.6515009843749999 0.96994620625 0.6484424671875 0.9544621015624999 0.6512004265625 0.9358952921875 0.6619665359375 0.91763154375 0.6856235125000001 0.916182525 0.71674400625 0.9269263578125001 0.738194228125 0.9529652937499999 0.7609456812500001 0.9751264140625 0.7699827531250001
3 0.885154578125 0.8205408796875 0.89824899375 0.8109073515624999 0.90003256875 0.7920011875 0.8866155421874999 0.76976419375 0.858489971875 0.7530280375 0.8360138484374999 0.7507562921875001 0.8187581109375 0.7527642250000001 0.813443221875 0.7505141453124999 0.7569205250000001 0.7034744359375 0.7267517671875 0.672420853125 0.692012184375 0.6425366015625 0.6814139078125 0.6373599078125001 0.6741068875 0.6390955296875 0.6764020765625001 0.64800069375 0.7495700578125 0.725542778125 0.77323885625 0.7603983234375 0.7836166312499999 0.7703107453125 0.7832701265625001 0.7777526031249999 0.77436853125 0.7943351890625 0.7737700234375 0.8071893093750001 0.786285484375 0.82938955625 0.7993364546875 0.8400887515625 0.817954315625 0.847625765625 0.836855678125 0.8490739890624999 0.8459973312500001 0.84673533125 0.8697964718750001 0.8205927093750001 0.885154578125 0.8205408796875
1 0.47765914531250003 0.784274975 0.47191519687500005 0.7718401593750001 0.4650806828125 0.7634277921875 0.44599031718750004 0.7660387625 0.21457488281249998 0.8474338359375 0.2141023765625 0.8575818234374999 0.2207163890625 0.87072991875 0.23150366875 0.87184741875 0.4765370765625 0.7889739546875 0.47765914531250003 0.784274975
1 0.3146529375 0.7932207328125 0.322085959375 0.7887789828125 0.46601048125 0.6658601203125001 0.48778599062500005 0.6443797328125 0.48800649218750003 0.63964400625 0.48365616874999995 0.63607760625 0.4713492625 0.6287978203125 0.4613690484375 0.6297466671875 0.2920627578125 0.7739989296875 0.2908461890625 0.7807275078125 0.30657035312500003 0.792213475 0.3146529375 0.7932207328125
4 0.627930146875 0.65334271875 0.6140739296875 0.635649528125 0.5731290484375 0.6217460546875 0.5396421 0.6228280671875 0.5090695546874999 0.6313696234374999 0.481969646875 0.6528993734374999 0.47400735312500003 0.6773022578125001 0.4733547890625 0.6978162078125 0.486783653125 0.7246682609375 0.5191902953125 0.7467879296875 0.543382653125 0.752667828125 0.580911721875 0.7523626390625 0.6059285375 0.7405356515625 0.6269325171875 0.727322321875 0.640051275 0.708281015625 0.4790061375 0.6815302 0.4821867328125 0.6657548765625 0.4906681421875 0.65875914375 0.639930675 0.675854784375 0.627930146875 0.65334271875
1 0.678603790625 0.685995284375 0.672376078125 0.6796241546874999 0.4911003546875 0.6603791171875 0.482073015625 0.668197159375 0.4806334625 0.6815965296875001 0.6627300203125001 0.7116523031249999 0.6775803406249999 0.7079758265625 0.6813201046875 0.69772851875 0.678603790625 0.685995284375
0 0.536871325 0.75415323125 0.5261470453125 0.75168266875 0.498930646875 0.77361910625 0.3355888078125 0.92557045625 0.335336803125 0.930982715625 0.3553482890625 0.947388146875 0.41566625156250003 0.9905156515625 0.5056614546875 0.9941837921875001 0.5958249171875 0.9931346453125001 0.7338882671875 0.8489440078125 0.73784103125 0.8416491390624999 0.6021620078125001 0.7486806359375 0.5976856859375 0.7478203671875 0.578437815625 0.7538140046875 0.536871325 0.75415323125