0 0.10604693125 0 0.000255415625 0.0679228171875 0.0002174234375 0.1077353375 0.1904124546875 0 0.10604693125 0
0 0.1919842390625 0.0013669296875 0.000217421875 0.1077378953125 0 0.33558158437499996 0.043108303125000004 0.3679796890625 0.33769855625 0.15707650625 0.4169969296875 0.1794786859375 0.33869404375 0.1554962765625 0.3369232859375 0.1274157078125 0.1919842390625 0.0013669296875
0 0.5293799640625 0.29023832031249996 0.523121840625 0.2774312796875 0.45423092499999995 0.22615619374999998 0.16593592031249998 0.438534190625 0.0429314078125 0.3710209890625 0.2412942234375 0.4922484765625 0.25238176874999996 0.4998056875 0.5293799640625 0.29023832031249996
0 0 0.8023351390625001 0.24295036093750003 0.7440717671875 0.1706426 0.4446960046875 0.1153185921875 0.42241435312500003 0 0.429925525 0 0.8023351390625001
0 0.3720108296875 0.9410243734374999 0.6358140796875 0.7704664859375 0.502726534375 0.6292843609375 0.2223176890625 0.7915511171875 0.3720108296875 0.9410243734374999
0 0.9990974734375 0.384746784375 0.9025270765625001 0.3131347328125 0.6946904328125 0.4752891 0.72079693125 0.4940203109375 0.765746390625 0.4994021671875 0.8554792421874999 0.5814746109375 0.9990974734375 0.4291652 0.9990974734375 0.384746784375
0 0.5733077625 0.5515626265625 0.606420578125 0.6016865265625 0.79960018125 0.35530467187500003 0.7922581234375 0.3020067703125 0.8364241874999999 0.25030941093750003 0.8210090250000001 0.22599119843749998 0.6114801437499999 0.23522139531250003 0.3780126359375 0.477490859375 0.542150721875 0.5438138125 0.8195722015625 0.23005754843749998 0.5463285203125 0.544368990625 0.5733077625 0.5515626265625
4 0.83935018125 0.6438727156249999 0.8564981953125 0.6323628984375 0.8664259921875 0.6194989843750001 0.8691335734375001 0.6025727828125 0.8564981953125 0.5870006765625 0.7716606500000001 0.5091401484375 0.7563176890625 0.49695328437499997 0.7481949453125 0.49424509062500005 0.7238267140625 0.49763033125 0.688628159375 0.5159106296875 0.656137184375 0.5457007453125 0.6489169671874999 0.5605958015625 0.6498194953125 0.5707515234375 0.6570397109375 0.5775220046875 0.7608303249999999 0.6357481375 0.7987364625 0.6519972921875 0.8185920578125 0.6519972921875 0.83935018125 0.6438727156249999
4 0.596570396875 0.9972918078124999 0.5956678703125 0.9993229515625 0.6949458484375 0.9993229515625 0.677797834375 0.9864590390625001 0.6543321296875 0.9810426546875 0.6245487359374999 0.983750846875 0.596570396875 0.9972918078124999
1 0.653429603125 0.7291807718750001 0.6543321296875 0.7230873390625 0.5135379062500001 0.5849695328125 0.5054151625000001 0.58090724375 0.4837545125 0.593094109375 0.4819494578125 0.59647935 0.49187725625 0.60731211875 0.6200361015625 0.7305348687500001 0.6335740078125001 0.7373053484375001 0.6462093859375 0.7352742046875 0.653429603125 0.7291807718750001
1 0.4314079421875 0.562626946875 0.41696750937499993 0.5551794171875 0.3835740078125 0.552471225 0.3583032484375 0.5599187546875 0.3583032484375 0.5693974265625 0.36552346562500004 0.5781990515625 0.4043321296875 0.589031821875 0.42148014375000004 0.5883547734375 0.4341155234375 0.5761679078124999 0.4314079421875 0.562626946875
1 0.824909746875 0.773188896875 0.8068592062500001 0.7670954640625001 0.7933213 0.7670954640625001 0.792418771875 0.780636425 0.7870036093749999 0.790792146875 0.7653429609375 0.93635748125 0.7653429609375 0.9580230203125 0.77436823125 0.9627623562500001 0.7933213 0.9627623562500001 0.8005415156250001 0.937711578125 0.8276173281249999 0.780636425 0.824909746875 0.773188896875
2 0.9990974734375 0.78740690625 0.9990974734375 0.6811103593750001 0.9945848375 0.6770480703125 0.9521660656250001 0.6662153015625 0.924187725 0.6533513875 0.8898916968749999 0.6533513875 0.8727436828125 0.658090725 0.8592057765625001 0.66689235 0.8456678703125 0.6811103593750001 0.835740071875 0.7014218015625 0.8375451265624999 0.731211915625 0.846570396875 0.7461069734375 0.865523465625 0.7623561265625 0.887184115625 0.7704807046875 0.9386281593750001 0.7745429921875 0.9990974734375 0.78740690625
2 0.9485559562500001 0.4996614765625 0.9386281593750001 0.507786053125 0.930505415625 0.520649965625 0.9314079421875 0.545023696875 0.9395306859374999 0.5572105625 0.957581228125 0.56804333125 0.9990974734375 0.5727826671875 0.9990974734375 0.49153689843750004 0.9485559562500001 0.4996614765625
2 0.49819494531249997 0 0.47472924218749996 0.04603926875 0.4620938625 0.056194990624999996 0.4395306859375 0.0927555859375 0.4232851984375 0.10358835468750001 0.41155234687500003 0.12525389375 0.41155234687500003 0.1462423828125 0.4232851984375 0.17129316249999998 0.45938628125000003 0.185511171875 0.48014440468749997 0.1882193640625 0.5054151625000001 0.2010832765625 0.532490975 0.2010832765625 0.55144404375 0.1936357484375 0.56768953125 0.17738659375000002 0.5866426 0.12593094062500002 0.5929602890625 0.12051455625 0.6362815890625 0.050101557812499996 0.6416967515625001 0.028436018749999997 0.6407942234374999 0.0169262015625 0.6335740078125001 0 0.49819494531249997 0
2 0.7129963906250001 0.21868652656249998 0.7120938625 0.2254570078125 0.7563176890625 0.2254570078125 0.7635379062500001 0.22410291093749998 0.7644404328125 0.22139471875 0.8203971125 0.22816519999999998 0.8375451265624999 0.24712254531250002 0.849277978125 0.24779959375 0.898014440625 0.2437373046875 0.914259928125 0.2396750171875 0.930505415625 0.23358158437499998 0.9503610109375 0.21868652656249998 0.962996390625 0.200406228125 0.968411553125 0.185511171875 0.967509025 0.1604603921875 0.962996390625 0.1428571421875 0.9530685921875 0.12660798906249998 0.93501805 0.10697359531249999 0.9025270765625001 0.08530805625 0.8564981953125 0.07921462500000001 0.8267148015625001 0.0832769125 0.8131768953125 0.0873392015625 0.797833934375 0.09681787343750001 0.7779783390625 0.11916046093749999 0.7662454875 0.1638456328125 0.7509025265625 0.17129316249999998 0.7463898921875 0.1794177390625 0.7355595671875 0.185511171875 0.7373646203125 0.2058226140625 0.7129963906250001 0.21868652656249998
2 0.9638989171875 0.19972918125 0.9476534296875 0.22139471875 0.930505415625 0.23425863281249998 0.9287003609375001 0.2396750171875 0.941335740625 0.2762356125 0.9747292421875 0.272850371875 0.9990974734375 0.26540284375 0.9990974734375 0.051455653125 0.9711191328125001 0.0555179421875 0.9395306859374999 0.06431956718750001 0.9025270765625001 0.07921462500000001 0.8971119140624999 0.0839539609375 0.935920578125 0.1049424515625 0.9521660656250001 0.123899796875 0.9638989171875 0.1448882875 0.9693140796874999 0.17197020937500002 0.9638989171875 0.19972918125
3 0.72021660625 0.7264725796875 0.7166064984375 0.7616790796874999 0.7193140796875 0.7711577515625 0.7265342953125 0.7792823296875 0.7364620937499999 0.7867298578125 0.7572202171875 0.7941773859375 0.784296028125 0.7887610015625001 0.79061371875 0.78266756875 0.792418771875 0.7704807046875 0.7996389890625 0.759647934375 0.8104693140625001 0.76100203125 0.825812275 0.7494922140625 0.8267148015625001 0.7305348687500001 0.8176895312499999 0.7163168578125 0.8014440437499999 0.704807040625 0.7888086640624999 0.7007447531250001 0.7707581234374999 0.7007447531250001 0.7554151625000001 0.70819228125 0.7400722015625 0.70412999375 0.7319494578125 0.6966824640625 0.7247292421875 0.69532836875 0.669675090625 0.6607989171875001 0.664259928125 0.6540284359374999 0.607400721875 0.6147596484375 0.5983754515624999 0.6134055515625 0.5956678703125 0.6222071765625 0.6110108296875 0.6411645234375001 0.6389891703125 0.6594448203125001 0.6579422375 0.67772511875 0.67148014375 0.6858496953125 0.72021660625 0.7264725796875