0 0.5135379062500001 0.62965470625 0.545126353125 0.6255924171875 0.6651624546875 0.5958023015625 0.7012635375 0.591062965625 0.7436823109375 0.5788761 0.7545126359375 0.5781990515625 0.7815884468750001 0.5639810421875 0.7779783390625 0.551794178125 0.717509025 0.44820582187499997 0.6407942234374999 0.30128639062499996 0.634476534375 0.30060934375000004 0.5703971125 0.318889640625 0.40342960312500004 0.35748138125 0.406137184375 0.3811780640625 0.4151624546875 0.3953960734375 0.4232851984375 0.4204468515625 0.42870036093749997 0.42586323593750003 0.430505415625 0.43601895781250005 0.5135379062500001 0.62965470625
2 0.669675090625 0.2789438046875 0.683212996875 0.25253892968749997 0.683212996875 0.21868652656249998 0.6651624546875 0.20853080624999998 0.6146209390624999 0.200406228125 0.5054151625000001 0.1740013546875 0.48826714843749996 0.1740013546875 0.4476534296875 0.1624915375 0.4422382671875 0.1692620171875 0.438628159375 0.184157075 0.42689530624999994 0.2572782671875 0.4259927796875 0.2789438046875 0.430505415625 0.28232904531249997 0.45938628125000003 0.28097495 0.55144404375 0.28706838125 0.6579422375 0.288422478125 0.669675090625 0.2789438046875
2 0.19089711250000002 0.27793365 0.210197653125 0.27793365 0.23378880937500002 0.2698930265625 0.25630685937500003 0.25541977031249996 0.26166877187500004 0.23370954687499998 0.2541624546875 0.2184312796875 0.15014981875 0.11872511875 0.11905234687499999 0.09299390625000001 0.10404061406250001 0.0769126609375 0.0643655234375 0.0712836828125 0.02361823125 0.090581584375 0.0011001812499999999 0.1018388625 0.000027978124999999997 0.1653622203125 0.0161119140625 0.1701861875 0.16730595625 0.2682850375 0.19089711250000002 0.27793365
2 0.0442238265625 0.3466486125 0.03519855625 0.3263371703125 0.0198555953125 0.30805687187499997 0.0054151625 0.2802979015625 0.0054151625 0.26540284375 0.0009025265625000001 0.2538930265625 0 0.417738659375 0.0379061375 0.400135409375 0.0487364625 0.38930264062500003 0.054151625 0.37576167968749996 0.05234657031249999 0.354096140625 0.0442238265625 0.3466486125
2 0.9990974734375 0.2064996609375 0.9801444046875 0.23696682500000002 0.9187725625000001 0.306025728125 0.900722021875 0.332430603125 0.900722021875 0.343263371875 0.914259928125 0.35748138125 0.9404332125 0.3689911984375 0.967509025 0.369668246875 0.9990974734375 0.35545023750000004 0.9990974734375 0.2064996609375
1 0.6768953062499999 0.628300609375 0.674187725 0.6194989843750001 0.6543321296875 0.6167907921875 0.6416967515625001 0.6194989843750001 0.6362815890625 0.67772511875 0.6245487359374999 0.819228165625 0.6308664265624999 0.823290453125 0.650722021875 0.8253215984375 0.6588447656249999 0.819228165625 0.6633574 0.7955314828125 0.6768953062499999 0.628300609375
1 0.7788808671874999 0.7528774546875 0.7590252703125 0.7515233578125 0.7454873640625 0.7515233578125 0.7409747296875 0.755585646875 0.7436823109375 0.9729180765625 0.7481949453125 0.976980365625 0.7716606500000001 0.9810426546875 0.7815884468750001 0.976980365625 0.7806859203125 0.755585646875 0.7788808671874999 0.7528774546875
0 0.805956678125 0.6641841578125 0.782490975 0.6648612046875 0.7770758125 0.6716316859375 0.7833935015625 0.9356804328124999 0.79061371875 0.939742721875 0.8167870031250001 0.9424509140625 0.9990974734375 0.9526066343749999 0.9990974734375 0.6790792140625 0.805956678125 0.6641841578125
0 0.696750903125 0.9993229515625 0.7084837546875 0.9898442796875001 0.715703971875 0.976980365625 0.7472924187500001 0.9167230875 0.7509025265625 0.8984427890625 0.7481949453125 0.8930264046874999 0.7337545125 0.8849018281250001 0.3835740078125 0.71293161875 0.3528880859375 0.745429925 0.335740071875 0.768449559375 0.3312274375 0.7799593765624999 0.322202165625 0.7833446171875 0.2996389890625 0.805687203125 0.2599277984375 0.8591740015625 0.2348610109375 0.8818571421874999 0.2016200359375 0.8689918750000001 0.1898240078125 0.889094109375 0.2241380859375 0.9043716999999999 0.2080532484375 0.9180413 0.3131768953125 0.9607312125 0.379061371875 0.9993229515625 0.696750903125 0.9993229515625
1 0.164259928125 0.43872714999999995 0.139891696875 0.44075829375 0.13537906093750002 0.4427894375 0.1462093859375 0.450914015625 0.1516245484375 0.4610697359375 0.172382671875 0.45429925468750004 0.172382671875 0.44888287031249996 0.164259928125 0.43872714999999995
0 0 0.7846987140625 0.0054151625 0.7901150984374999 0.02166065 0.790792146875 0.027978339062500003 0.7867298578125 0.047833934375 0.781990521875 0.06498195 0.78266756875 0.0767148015625 0.7786052812500001 0.0866426 0.7786052812500001 0.25541516249999996 0.7427217328125 0.3447653421875 0.718348003125 0.362815884375 0.7109004734375 0.37635379062499996 0.709546378125 0.49187725625 0.6784021671875 0.49909747343750005 0.6736628296875 0.3962093859375 0.4522681109375 0.38176895312500003 0.424509140625 0.37545126406249996 0.41909275625 0.3510830328125 0.419769803125 0.22382671406250002 0.44346648593750004 0.17689530625 0.45429925468750004 0.1705776171875 0.4603926875 0.1633574 0.4603926875 0.1490767140625 0.45244955937500003 0.131768953125 0.4427894375 0.085740071875 0.4346648609375 0.0054151625 0.4339878125 0 0.43534190937500006 0 0.7846987140625
4 0.9666064984375 0.51523358125 0.9765342953125 0.5044008125 0.9801444046875 0.49356804375 0.9792418765625 0.4719025046875 0.967509025 0.45497630312500004 0.9503610109375 0.44685172656249994 0.919675090625 0.44414353437500004 0.7815884468750001 0.43737305312499997 0.7671480140625 0.44482058281250003 0.75812274375 0.45565335156250003 0.7527075812499999 0.47528774531250007 0.7554151625000001 0.509817196875 0.7734657046875 0.5375761671875 0.7870036093749999 0.542992553125 0.8808664265624999 0.53283683125 0.9503610109375 0.5213270140625 0.9666064984375 0.51523358125
3 0.9945848375 0.610697359375 0.9990974734375 0.6093432640625001 0.9990974734375 0.5734597156250001 0.9873646203125 0.5727826671875 0.9061371843750001 0.5849695328125 0.879061371875 0.5863236296875 0.822202165625 0.5958023015625 0.824909746875 0.605280975 0.835740071875 0.6079891671875 0.8700361015625001 0.6093432640625001 0.974277978125 0.603926878125 0.9882671484375001 0.605280975 0.9945848375 0.610697359375
0 0.7481949453125 0.4597156390625 0.7554151625000001 0.45700744687499995 0.7689530687499999 0.442112390625 0.7815884468750001 0.4366960046875 0.9178700359375 0.4427894375 0.879061371875 0.272850371875 0.8646209390624999 0.2538930265625 0.8501805046875001 0.2437373046875 0.8339350187499999 0.24306025781249999 0.7833935015625 0.24576845 0.7220216609375 0.24441435312499998 0.7120938625 0.24576845 0.6895306859375 0.25592417031250003 0.6922382671875 0.3371699390625 0.7003610109375 0.40352065000000004 0.704873646875 0.4075829390625 0.704873646875 0.415707515625 0.7283393499999999 0.4590385921875 0.7481949453125 0.4597156390625