2 0.6987779015625 0.7452877124999999 0.7149609203125 0.7468142890625 0.7695785468749999 0.6316552703125 0.7801660874999999 0.605078759375 0.7787967515625 0.5975458203125 0.7630075109375001 0.5892570140625 0.7169303625000001 0.5732759749999999 0.700747346875 0.5717494000000001 0.6970242375 0.5735891015625 0.6158024375 0.6798924140625 0.6032199609375 0.694155178125 0.5967537390625 0.6965293781249999 0.5974187203125 0.700633959375 0.62186600625 0.71548119375 0.669509375 0.73561405625 0.6987779015625 0.7452877124999999
2 0.532449246875 0.978039303125 0.548553509375 0.9809183265625 0.6144230875 0.9830145328125001 0.6229674375 0.976001253125 0.6233612125 0.9692390203125001 0.6368055578125 0.95569971875 0.6369675078125 0.93739445 0.62322145625 0.9095424109374999 0.6180502578125 0.9052016234375 0.5775209 0.8094734890625 0.5625541468749999 0.8025843703125 0.5463317515624999 0.8017340171875 0.5115725671875 0.8087297296875 0.49464137656249996 0.8200513953125 0.49373569531249994 0.835604528125 0.5168702078125 0.9195682546875 0.5219493374999999 0.9720626171875001 0.532449246875 0.978039303125
2 0.21281371249999997 0.9870594234375 0.2406341484375 0.990552590625 0.2696314734375 0.989359434375 0.2971807046875 0.9819857875 0.3346480625 0.9595314265624999 0.347821203125 0.9351253109375 0.34927817031249997 0.9101050531249999 0.33016403125 0.881293340625 0.3158317578125 0.847984275 0.30983806875000003 0.842243796875 0.2960526421875 0.81506798125 0.2882170859375 0.80990924375 0.2286168375 0.8088199515625 0.20870627343749998 0.8247334546875 0.18368551093750002 0.8973552203124999 0.16910365624999998 0.9149046203125 0.16565175000000001 0.9276111359374999 0.1660366484375 0.9520496546875 0.1701097171875 0.95972431875 0.18985389375 0.977716459375 0.21281371249999997 0.9870594234375
1 0.47101714843750003 0.66687669375 0.46952967812499996 0.6613724249999999 0.44649110625 0.6533819078125 0.28419727968749997 0.6150300750000001 0.276632928125 0.62073815 0.2749835109375 0.6335391484375 0.45678969062499997 0.678340084375 0.4658808859375 0.6774600578125 0.47101714843750003 0.66687669375
1 0.3584675828125 0.4262896171875 0.35686198125 0.4228140171875 0.323717275 0.40208457812500004 0.1604872625 0.3487613546875 0.1451661125 0.34795824375 0.1378729671875 0.36453313125000003 0.34631825625 0.43311392812499994 0.35352820937499996 0.43349186250000005 0.3584675828125 0.4262896171875
1 0.25657486875 0.3287014875 0.27287601875 0.32819939374999996 0.276091659375 0.3195502171875 0.2741754765625 0.30588402812500004 0.2580712125 0.3030050046875 0.0341295078125 0.29872749062500004 0.031268265625 0.3012906578125 0.031381959375000004 0.3148623625 0.0355337828125 0.32118458125 0.046309334375 0.32242770625 0.25657486875 0.3287014875
0 0 0.5454098953125001 0.021121615625 0.5686822703125001 0.046898859375000004 0.591738665625 0.06546615312500001 0.614417128125 0.0877959296875 0.634579665625 0.0991970828125 0.6406035953125 0.10201895000000001 0.6387166484375 0.10734765937499999 0.640352546875 0.1159707640625 0.631986821875 0.261285715625 0.5738101375 0.2773506 0.5773653828125 0.2858905125 0.5859524796875 0.29890170625 0.57985163125 0.28891370312500003 0.56508404375 0.2901299671875 0.5597215 0.28597814375 0.55339928125 0.2689376984375 0.535548865625 0.26584463125 0.526568996875 0.2507248046875 0.5067843953125 0.2241250703125 0.482328309375 0.2099852453125 0.46123850468749994 0.16168537656249998 0.39714466718749997 0.1482503046875 0.3881388625 0.1357554578125 0.3698484328125 0.102812075 0.3301375015625 0.0940752765625 0.324931521875 0.0776953703125 0.3267860640625 0.0692297765625 0.3324468953125 0.0018638531249999999 0.356047171875 0 0.35891975625 0 0.5454098953125001
0 0.67037625 0.5810099921874999 0.669829403125 0.5748767406249999 0.6628163375 0.5711176890624999 0.6621119796875 0.56768933125 0.6137686921875 0.5285277374999999 0.50815286875 0.43277931093750005 0.46149393749999995 0.3957408703125 0.45075332343749996 0.40942189687499997 0.42809964687499996 0.425869896875 0.386051753125 0.433840121875 0.36935682812500004 0.441104446875 0.351366884375 0.4550837625 0.3440387984375 0.45673449843749997 0.29222585156249997 0.4926809203125 0.282504615625 0.50438051875 0.28411021718749996 0.50785611875 0.496055096875 0.67158058125 0.511061228125 0.677793478125 0.67037625 0.5810099921874999
0 0.7436177296875 0.5651788640625 0.7534920390625001 0.5663747453125 0.772733184375 0.5619570375 0.7812381578125 0.555619984375 0.8487749078125001 0.48251368906250003 0.8552805046874999 0.479463265625 0.856654278125 0.4713958296875 0.658840346875 0.359961925 0.654176615625 0.362430609375 0.6519015968749999 0.370450803125 0.622541 0.40893071875000003 0.6193253609375 0.41757989218749997 0.6099191421875 0.42386970625 0.6029410140625 0.43503480781250004 0.5831485828125 0.44891964062499995 0.5644193421875 0.4445464453125 0.550778109375 0.46146686406250004 0.5532062 0.46634215156250003 0.6821057390624999 0.5348230093749999 0.7144301765625001 0.5463525703125 0.7436177296875 0.5651788640625
4 0.57158991875 0.4456006046875 0.5887529359375 0.445821975 0.6128985171875 0.41927787031249997 0.6561366140625 0.35982020000000003 0.66515349375 0.34469224375 0.664020421875 0.333101965625 0.6433356234375001 0.3157388046875 0.6222176703125 0.3058141 0.5998047 0.30260438437500004 0.591535990625 0.3048841015625 0.5012318734375001 0.3808666890625 0.49162877031249996 0.3905376171875 0.49119561718750004 0.3979760734375 0.5101173046875 0.41456852812499995 0.5380908125 0.4309571734375 0.57158991875 0.4456006046875
4 0.3665787796875 0.42671479375 0.39620170625 0.43030244375000004 0.4217515609375 0.426215428125 0.442287728125 0.4150827296875 0.4568302046875 0.398209553125 0.4608727734375 0.37535969062499996 0.4497910796875 0.3483256015625 0.43866556562500003 0.3375681109375 0.4184882359375 0.3270144234375 0.383575978125 0.3211146546875 0.34963928125 0.3295100546875 0.3355299578125 0.338944775 0.325926853125 0.34861570468749997 0.319771215625 0.36118049375 0.319491134375 0.38151443125 0.3291247390625 0.402368028125 0.341973984375 0.41457245 0.3665787796875 0.42671479375
2 0.8098250890625 0.34413625312499996 0.7841571015625 0.35025193906249996 0.7748690171875 0.35451308125000003 0.7642465359374999 0.366165440625 0.76099151875 0.37549084062500004 0.76200645625 0.38910978749999997 0.773796946875 0.403971859375 0.7888030781250001 0.4101847546875 0.8076898265624999 0.41185305781250003 0.9045078515625 0.44134645 0.9296639328125 0.44402166562499995 0.9414982390625 0.442607140625 0.9720268453124999 0.43064165625 0.9908171046875 0.411989703125 0.9922903218749999 0.3486942421875 0.9888227171875 0.34402300937499997 0.9689210312500001 0.328735759375 0.948507434375 0.3222394109375 0.9241344640625 0.32164010625 0.8470911203125 0.34066338281249997 0.8098250890625 0.34413625312499996
2 0.706002878125 0.2796830609375 0.7378220671875 0.2766029625 0.7657650734375 0.26246708281250003 0.86350209375 0.229606215625 0.8787095515625 0.21683762187500003 0.8878051859375 0.20035721875 0.889454603125 0.18755621875 0.884952821875 0.17171963437499999 0.8670505078125 0.1531457546875 0.8521231328125 0.14558041093750002 0.8313945171875 0.1444938484375 0.7442799765625 0.1657023578125 0.6979621265625 0.169379034375 0.6822472 0.1753381546875 0.6623760140625 0.19057543593749998 0.653201625 0.2084082859375 0.6518234109375001 0.2320760953125 0.66220075 0.255681828125 0.6768131046875 0.26865695624999997 0.706002878125 0.2796830609375
1 0.6318169046875 0.17201639062500002 0.5795891296875 0.013272614062499999 0.5480455828124999 0.01161915 0.54863180625 0.017076178125 0.6023470515625 0.18132422343750002 0.628798153125 0.1772844515625 0.6318169046875 0.17201639062500002
3 0.5136790359375001 0.29130693750000003 0.5639651359375 0.2505324703125 0.5805025500000001 0.2459730375 0.6011130328125 0.24908826875 0.611144853125 0.247579259375 0.6309766625 0.23301820312500002 0.6390529203125 0.218519228125 0.6373336265625 0.20147192343749998 0.6297343359375 0.1922558453125 0.6182544265625001 0.1875843609375 0.6150826031250001 0.179956940625 0.546325853125 0.2473125234375 0.601563940625 0.1792483125 0.6037995828125 0.17190434062499999 0.6011746046875001 0.17041016874999998 0.5879315843749999 0.16496797968750002 0.572649809375 0.1634886453125 0.5561517734375 0.16737185625 0.5419636921875 0.1781590234375 0.5358080562499999 0.19072381249999998 0.5340798828125 0.20487725937499998 0.5420685093750001 0.22293147812499997 0.517332265625 0.2596189328125 0.47327611875000003 0.302076540625 0.47205985625 0.3074390828125 0.4506967609375 0.33277246875 0.451125475 0.3409343890625 0.4600591609375 0.3427592515625 0.4695047546875 0.3357932140625 0.5136790359375001 0.29130693750000003
0 0.379971003125 0.3209256859375 0.3847134859375 0.31710455625 0.4479148421875 0.19425603593750002 0.3279445515625 0.1432004171875 0.16448271406249998 0.0783341578125 0.0939094578125 0.21911001406250002 0.08751755624999999 0.235732140625 0.0891625328125 0.2385315171875 0.323035109375 0.32065434531250003 0.3497574140625 0.3274813859375 0.379971003125 0.3209256859375
0 0 0.8057208546875 0.23151745781250002 0.8055805625 0.27740215625000003 0.809342340625 0.30385325625 0.8053025671875 0.3078913875 0.79805308125 0.3246961359375 0.68023368125 0.32446430937500004 0.6686906453125 0.32035186250000003 0.6616922046875 0.1698047109375 0.65447904375 0.1151149265625 0.657038590625 0.0930808234375 0.6524921609375001 0.08214776093750001 0.6539539296875 0.078739671875 0.6503838453124999 0 0.6478707046875 0 0.8057208546875