0 0.44888513281250003 0.649110771875 0.45669112187499994 0.66279351875 0.5554376015625 0.7640839953125 0.5678655953125 0.7731061703125001 0.6060633859375 0.7609039140625 0.8867266890625001 0.647949678125 0.8904305953125 0.6439504046875 0.88346393125 0.6329916078125 0.8019092484374999 0.5299693046875 0.790399353125 0.5202858328125 0.7852531296875 0.5086814937499999 0.7710992234375 0.49624257031249996 0.7603183640625 0.49402238125000003 0.747638284375 0.495832975 0.6044262921875 0.559710359375 0.59068631875 0.5682756796875 0.5670678265625 0.5746365640625 0.47943448593750004 0.6164552890625 0.4594253703125 0.622879190625 0.443833440625 0.6334441453124999 0.443549846875 0.6456310125 0.44888513281250003 0.649110771875
1 0.38304412656250003 0.49149963750000003 0.541856634375 0.4942722828125 0.590520178125 0.49783117343749994 0.6293839828125 0.4958003890625 0.6333399734375 0.48096834531250005 0.6317085953125 0.473489309375 0.6218300765625 0.471284875 0.3836585828125 0.4650947625 0.3772003796875 0.4710779203125 0.3768852734375 0.48461888125 0.38304412656250003 0.49149963750000003
0 0.4718064359375 0.36322745625 0.45382630468749996 0.36535868437499996 0.43756112031249994 0.3638521484375 0.4123480875 0.361577771875 0.39053649375 0.3532506171875 0.299958759375 0.6381681375 0.4622569125 0.6685097609375 0.439128521875 0.6467106890625 0.4433021453125 0.6425042265625 0.443657615625 0.6272286671875 0.603399728125 0.55727439375 0.6264386125 0.49652991875 0.664035909375 0.40326056406250005 0.4718064359375 0.36322745625
0 1 0.1954434484375 0.993849259375 0.195336065625 0.9921233484374999 0.1919193171875 0.987595875 0.192517596875 0.98404951875 0.18974638906250002 0.9507730875 0.18442416875 0.9292586328124999 0.1779526484375 0.9076338937499999 0.1762204640625 0.9023143625 0.172063653125 0.8887792046874999 0.1718273484375 0.8609641 0.164568503125 0.783646128125 0.151026821875 0.7664700875 0.1520815984375 0.7580653984375 0.16412668125000002 0.741827503125 0.20245060937499998 0.667778003125 0.3975815171875 0.669393628125 0.4057376 0.654136853125 0.4406920421875 0.649120965625 0.46227881093749995 0.6642875015625 0.46999415468750005 0.728086071875 0.48262248124999996 0.7352260453125 0.48613375000000003 0.7874201859375 0.49314089687499996 0.7945128968749999 0.49868330937499994 0.8043914125 0.5008877453125 0.861920840625 0.5113746531250001 0.89617839375 0.5133273875000001 0.9184490999999999 0.4873006015625 0.923417721875 0.467744975 0.9346554859375 0.45033076875000005 0.9859974234375001 0.3387914875 0.99000068125 0.32192830156249996 1 0.3082359390625 1 0.1954434484375
2 0.19758095 0.7029731406249999 0.21434735625 0.7195216156249999 0.3634832890625 0.8277877312499999 0.37486714375 0.8428875859374999 0.3904275625 0.8336767249999999 0.42368394687500005 0.8010685015625001 0.47289462968749996 0.742323215625 0.47387575000000004 0.738953728125 0.2675770515625 0.64323609375 0.24568447187500003 0.6530137265625 0.210654909375 0.684236346875 0.19758095 0.7029731406249999
2 1 0.735085465625 0.9949220000000001 0.7311173937500001 0.98860559375 0.7310071171875 0.9869269468749999 0.7255592265625 0.96020325 0.7101915578125 0.9451785109375 0.6963827859375 0.9238058546874999 0.6838178312500001 0.9220956984375 0.6797240375 0.9069134078125 0.67268574375 0.875378640625 0.6701032203125 0.8545617109375 0.6724490796875 0.8334454328125 0.6876588484374999 0.8280471265625 0.6868872796875001 0.8214156140625001 0.7003179640625 0.8223537609375 0.7375871171874999 0.8296870921874999 0.771581303125 0.8241827921875 0.8141565625 0.835330315625 0.8394121406249999 0.856498153125 0.860778715625 0.8743086999999999 0.8712495125 0.904752059375 0.88194085625 0.9524975046874999 0.8861610421874999 0.9914400859375 0.8807450156250001 0.9969014125 0.8788083953125 1 0.7456534734375 1 0.735085465625
2 0.6025886390624999 0.8326395015625 0.5861573875 0.8404805109375 0.5787180640625 0.8498331546875001 0.6027650734375001 0.9896818046875 0.7434913437499999 0.9872254187499999 0.72272353125 0.94581788125 0.6818373390625 0.8407963031250001 0.675709996875 0.8325614515625 0.6613985375 0.8268930078125001 0.63250778125 0.8270659390624999 0.6025886390624999 0.8326395015625
0 0.20308525 0.66039788125 0.2075181921875 0.663861890625 0.2306124671875 0.6412360968749999 0.349038659375 0.4787141328125 0.3493222546875 0.466527265625 0.334155715625 0.458811925 0.317992303125 0.45514311875 0.30794048125 0.4603862140625 0.291619515625 0.4634878890625 0.22905415312500002 0.43665730625 0.1809262875 0.4100787796875 0.1665990734375 0.40508738437499997 0.15754412499999998 0.4062839453125 0.1352103984375 0.4350189234375 0.04898069375 0.5716873921875 0.046530040625000005 0.5994148546875 0.0535754828125 0.6069884140624999 0.15191949375 0.6479901046875 0.1841360296875 0.6600670546875 0.20308525 0.66039788125
2 0.0749782296875 0.46309224843749996 0.0590511484375 0.44926771875 0.05192692812500001 0.445079403125 0.033056485937500005 0.4413633359375 0.00774359375 0.442953375 0.0060173890625 0.5171332125 0.0062082359375 0.5335344562500001 0.0183439765625 0.5305131296875001 0.063965334375 0.509635275 0.07408018125 0.5016839875 0.079730571875 0.49162278906249995 0.0800771890625 0.47672773125 0.0749782296875 0.46309224843749996
4 0.3628015578125 0.391579728125 0.3641450484375 0.37263813749999997 0.35529491874999997 0.3650330703125 0.250413928125 0.33339977656249997 0.1866941328125 0.317386209375 0.16948658125 0.31979508125 0.1557623609375 0.32768335312499997 0.1343467328125 0.3557570375 0.13216391875 0.3719746859375 0.13909907500000002 0.38428757812500003 0.23983501093749998 0.4388774921875 0.292537615625 0.4628265921875 0.3006744640625 0.46229132812499996 0.31162863281250003 0.45706398750000005 0.330971734375 0.44046861249999997 0.3505038984375 0.41574866093749996 0.3628015578125 0.391579728125
2 0.010012353125 0.3454584546875 0.0352307140625 0.3479307 0.0506493328125 0.34481327500000003 0.06896405 0.3336185296875 0.086675771875 0.30954411875 0.0874005140625 0.2783999078125 0.0761584578125 0.25720662031249997 0.0495923125 0.23506847187500002 0.02722278125 0.22655005312499998 0.0127695234375 0.2269750421875 0.010012353125 0.3454584546875
3 0.101797915625 0.20279107500000002 0.1157312484375 0.22470867343749998 0.144243878125 0.24078489531249997 0.1667709625 0.2425328328125 0.183978515625 0.24012396093750002 0.1893453125 0.2422496265625 0.2469578109375 0.2879587875 0.2778466125 0.31830028125 0.31327864375000003 0.347366446875 0.32399648124999997 0.352294828125 0.331262496875 0.3503897125 0.328760284375 0.3415408265625 0.25379414218749996 0.2657264765625 0.229316278125 0.23143297031249999 0.2187087265625 0.221765253125 0.21888203437499998 0.214317725 0.2273970109375 0.19753330625 0.2276963609375 0.18466939375 0.214665371875 0.16276755 0.20136654531249998 0.1523755234375 0.1825748765625 0.145274215625 0.1636414140625 0.1442663421875 0.154554953125 0.146816996875 0.13136615000000001 0.1735050765625 0.11601055 0.1739143125 0.1031414078125 0.1838494828125 0.101797915625 0.20279107500000002
1 0.5373778828125 0.221232865625 0.556405878125 0.218178453125 0.7859077203125 0.13142393593749999 0.7861440484375 0.12126821562500001 0.7792246484375001 0.10827827187500001 0.768412278125 0.10741217968750001 0.525328015625 0.19596153593750001 0.5243153828125 0.20068511875 0.5303481953125 0.212982259375 0.5373778828125 0.221232865625
1 0.5387185 0.3187908046875 0.51744466875 0.3407710546875 0.51733438125 0.3455103921875 0.521767325 0.3489744 0.5342425828125 0.35596543281250004 0.5441998765625 0.3547846265625 0.7101351828125 0.2066385671875 0.7111950796875 0.199883840625 0.695204975 0.1887675046875 0.6870996375 0.1879486734375 0.6797706 0.1925619796875 0.5387185 0.3187908046875
4 0.4326355015625 0.3653836015625 0.4660944390625 0.3635226109375 0.496465640625 0.354272303125 0.5230622734375 0.33211879375 0.530456053125 0.307538453125 0.5306312156249999 0.28701591249999997 0.51657865625 0.260485015625 0.483660046875 0.23912664375 0.459332915625 0.2338116515625 0.42181412656250006 0.2349901390625 0.3970746328125 0.2473955265625 0.3763798953125 0.2610934234375 0.3637053265625 0.2804339125 0.5253593109375 0.303428203125 0.5225460656250001 0.319272475 0.5142281609375 0.32646334375 0.364580453125 0.31284690937500004 0.37710380625 0.33507245625 0.3913705609375 0.35243749062499996 0.4326355015625 0.3653836015625
1 0.5137582875 0.324853946875 0.5226029421875 0.31682833125 0.5237305796875 0.30339976874999997 0.3409500515625 0.2775915 0.32618653750000004 0.28161239843749997 0.3226855375 0.2919434453125 0.325674646875 0.3036096921875 0.332050084375 0.3098338375 0.5137582875 0.324853946875
0 0.39640250312499997 0 0.26660313750000003 0.14199996875 0.26282045468750004 0.1493844859375 0.40065131249999997 0.2391655046875 0.40514727500000003 0.2399213203125 0.42425404687499996 0.23348166718750002 0.46580912812499997 0.2321751921875 0.4765899875 0.23439537968750002 0.5032936375 0.2118326 0.6630858453124999 0.056128737500000005 0.6632118890625 0.050712353125 0.6428203515625001 0.0347779140625 0.5916944234375 0 0.39640250312499997 0