2 0.28134925 0.18702964375 0.26884271875 0.210545015625 0.26804621875 0.2288472125 0.27446104843749997 0.24482595156250003 0.296225071875 0.26018001874999996 0.3984372734375 0.2878232140625 0.415584375 0.285772059375 0.4344742140625 0.2728234390625 0.441626434375 0.260352509375 0.43611055781249997 0.243660528125 0.390670328125 0.1947604328125 0.3797173859375 0.1749064296875 0.36159252343750004 0.16414086562500002 0.3308704890625 0.16133121718750001 0.3020251765625 0.17062504375 0.28134925 0.18702964375
2 0.5584864109375001 0.1669543640625 0.54308993125 0.15946105625 0.5159952390625 0.15921041875 0.4907733203125 0.170386759375 0.47734419062500005 0.190556384375 0.4774348234375 0.2061158421875 0.4847525453125 0.22205783750000002 0.524834521875 0.281325878125 0.532999971875 0.287760153125 0.552000146875 0.2937534828125 0.5835974859374999 0.29179089999999996 0.598016203125 0.2864674875 0.6151081375 0.27494535625 0.627658015625 0.258871465625 0.6303194109375 0.25064325 0.6274885718750001 0.22978204375 0.6138466515625 0.21342076875 0.599353065625 0.205890715625 0.5584864109375001 0.1669543640625
0 0.27257988437499997 0.3870008 0.2807768578125 0.3988470609375 0.438960590625 0.42285905156250003 0.4769057734375 0.42537473906249995 0.48672727031249996 0.4060285921875 0.5142322890625 0.3216802140625 0.5060628984375 0.31456944062500003 0.473535078125 0.3118332828125 0.4644824984375 0.3081417453125 0.314491796875 0.295299515625 0.2946635984375 0.302196396875 0.2901767140625 0.307115609375 0.27340790625 0.374110590625 0.27257988437499997 0.3870008
0 0.8843950921875001 0.302555653125 0.8491388890625 0.2965472421875 0.6458065234375 0.273696015625 0.6377553515625001 0.2868801890625 0.600393371875 0.38448623125000003 0.597743796875 0.39474393750000003 0.6022819109374999 0.39861920156249997 0.830067275 0.43333177031250003 0.851488471875 0.3898304984375 0.8843950921875001 0.302555653125
3 0.747715303125 0.24924885468750002 0.7543086406249999 0.2442439125 0.7702482421875 0.2415652390625 0.7774398687499999 0.2358592921875 0.780113084375 0.2296605734375 0.7773137703125 0.2142113515625 0.7700433328125 0.206387334375 0.7546547359375 0.2002470234375 0.7338763562499999 0.1990626703125 0.7131570859374999 0.20802579062499998 0.7032213140625 0.20775349062499998 0.641662975 0.1825157453125 0.63262615625 0.18153020312499998 0.6063476640625 0.1663598609375 0.5991087515625 0.1639478296875 0.590091634375 0.1663447765625 0.589216325 0.17111700937500002 0.5946652109375 0.1763085234375 0.649031925 0.20725221562499999 0.670760484375 0.2165178015625 0.6771319671875 0.22505505937499998 0.684374821875 0.22814358750000002 0.6880376234375001 0.2367910828125 0.6845048593749999 0.2504680265625 0.6881755421875 0.2604685203125 0.6963488718749999 0.2682557890625 0.716244059375 0.272859378125 0.7397035359374999 0.2691980078125 0.7495723187500001 0.2579698390625 0.747715303125 0.24924885468750002
2 0.1405795609375 0.516878021875 0.14602450625000002 0.5213930359375001 0.17317436718749998 0.5311146484375 0.2310502015625 0.54432240625 0.245496503125 0.5437344828125 0.25791634375 0.5053361515625 0.292719384375 0.433547275 0.29534531406250003 0.419230578125 0.263665221875 0.40698670000000003 0.22749824218749998 0.3996620359375 0.177298721875 0.4639576015625 0.15404021406249999 0.5021203796875 0.141466690625 0.51413528125 0.1405795609375 0.516878021875
0 0.5572982750000001 0.583147715625 0.5663193328125 0.5814272671875 0.5716775875 0.5710593234375 0.596324184375 0.4611142484375 0.5970970390625 0.43875306406250003 0.5853318359374999 0.43449526718750003 0.33507657968750004 0.418290284375 0.32153711406249996 0.4195179609375 0.31887178125000004 0.42706967812499996 0.304224003125 0.5481110203124999 0.306964209375 0.5534127703125 0.5572982750000001 0.583147715625
1 0.8936244890625 0.49164443281250003 0.9025824968749999 0.4791000140625 0.9043567609375 0.47361453906250006 0.8998265296874999 0.471092271875 0.722555928125 0.42620399062500003 0.716235671875 0.4264612078125 0.7099666421874999 0.4355129 0.7136373265625 0.44551339062500006 0.8682961765625 0.484555321875 0.8863973984375001 0.4912618984375 0.8936244890625 0.49164443281250003
1 0.7663479921875 0.50223750625 0.9055079109375 0.5161971765625 0.9091194843749999 0.5160501953125001 0.9126877125 0.5084617359375 0.91352361875 0.4969245203125 0.9099002203125 0.49504200625 0.7201703703125 0.481787075 0.711141434375 0.48215452656249996 0.7093514078125 0.48493401093750005 0.708515503125 0.4964712265625 0.713956509375 0.50030974375 0.7663479921875 0.50223750625
1 0.9074082703125 0.532359640625 0.9091155437499999 0.515373696875 0.7392532968750001 0.501986865625 0.70944598125 0.5011699671875001 0.7058541093749999 0.5046994406249999 0.7050142640625 0.5155601546875 0.709548434375 0.51875891875 0.8975000812499999 0.5368228296875001 0.9056261250000001 0.5364921218750001 0.9074082703125 0.532359640625
1 0.8858530953124999 0.552859975 0.886657475 0.535910775 0.7005155578125 0.5184498750000001 0.6914826796875 0.5181408281250001 0.6878868671875 0.520993803125 0.6870391390624999 0.530501521875 0.6915930140625 0.5370827765625 0.8732244046875 0.5554039046875 0.8822572828125 0.55571295 0.8858530953124999 0.552859975
2 0.18601979062500001 0.5657781187500001 0.1670747828125 0.5692557625 0.148165240625 0.5788218890625 0.1400825421875 0.5865940765625 0.129369975 0.6080064625 0.129480309375 0.6269484109375 0.1395421796875 0.6488686546875 0.1603914875 0.6622299734375 0.182987475 0.6653703281250001 0.210062465625 0.662238475 0.2433710234375 0.643966446875 0.3028556171875 0.62327580625 0.31184515 0.616143371875 0.3171994625 0.605098928125 0.311656003125 0.583671459375 0.29625558125 0.575501653125 0.266432503125 0.5719787625 0.2158546890625 0.57133050625 0.18601979062500001 0.5657781187500001
0 0.507690346875 0.5939631828125 0.4490377171875 0.602440109375 0.440935315625 0.60682980625 0.4633731734375 0.7378650609374999 0.755851646875 0.715812115625 0.7427894937499999 0.643941246875 0.7261236484375 0.5735703546875001 0.7224963125 0.5710113421874999 0.507690346875 0.5939631828125
4 0.31191213906250004 0.6276438421874999 0.3029580703125 0.6408647578125 0.3021339890625 0.6544314671875 0.311253559375 0.669623471875 0.325747146875 0.6771535265625 0.34381684218749997 0.678448115625 0.399760790625 0.6700814234375 0.42048794218749996 0.6624713 0.435742565625 0.6456106734375 0.4374143734375 0.622536246875 0.42472657343750003 0.6149327 0.4201411734375 0.6029394609375001 0.402950728125 0.5975491390625 0.3866947 0.5975340546875 0.3218085046875 0.6211511609375 0.31191213906250004 0.6276438421874999
2 0.3666453234375 0.7215018625 0.3394994015625 0.7124567484375001 0.306104153125 0.71584581875 0.291681496875 0.7204927328124999 0.2438320671875 0.7231167296875001 0.22491464374999998 0.7313298625 0.2105392734375 0.7440947546875 0.199838528125 0.7675366359375 0.19992522031249998 0.78241959375 0.2063676328125 0.8031338203124999 0.21819588437499998 0.8182155906249999 0.239952028125 0.8322166624999999 0.2616490625 0.8360702625 0.281512725 0.8352618656249999 0.3049524984375 0.8282180046875001 0.32832134062499996 0.8089971765625 0.3291848296875 0.8021954499999999 0.3462255359375 0.7818788421875 0.365994625 0.7648344890625001 0.375772775 0.7380468640625 0.37482259375 0.72996563125 0.3666453234375 0.7215018625
2 0.38708036562500003 0.8187857 0.3799399671875 0.8332861234375001 0.380042421875 0.8508750765625 0.393715865625 0.8726483359375001 0.404597878125 0.8803253718749999 0.42541172187500004 0.8875982062500001 0.45159958125 0.8872090921875 0.46871515781250006 0.87974595 0.48486873125 0.86217208125 0.5134854953125 0.8136413593749999 0.5124959078125 0.7987951453125001 0.49704031875 0.7811543640624999 0.48256643437499996 0.7770068015625 0.4636096046875 0.77845495 0.40235863125 0.8059840640625 0.38708036562500003 0.8187857
0 0.74247374375 0.7447762171875 0.682074434375 0.7634741078125 0.5829570859375 0.8020174953125 0.5604123265625 0.8076716156250001 0.5469162062499999 0.8163407734374999 0.5496879375 0.8270545078125 0.5834181328125 0.8811677828125 0.620763840625 0.935810571875 0.6334674031249999 0.946120109375 0.6731474421875 0.9363853375 0.676739315625 0.9328558656249999 0.7128077796875 0.923268075 0.9029952390625 0.8600419703125001 0.8993127359375 0.848011984375 0.8829187875000001 0.8243194656249999 0.8010318 0.720063334375 0.7694778046875 0.7294673984375 0.7676917203125 0.7329233796875 0.74247374375 0.7447762171875