2 0 0.7265138796875 0.0373673328125 0.7308136843749999 0.051053948437499996 0.7302087625 0.0635263578125 0.7247017890625 0.11270903750000001 0.6343965796875 0.145811903125 0.564223128125 0.14288835 0.55845905625 0.0681014625 0.50966246875 0.024165375 0.475708878125 0.0174812015625 0.4784151953125 0.0039123249999999995 0.50767771875 0 0.512295653125 0 0.7265138796875
2 0.29444412343750004 0.7743473765625 0.3387544421875 0.7790131390624999 0.3957796015625 0.77853369375 0.40710331718750004 0.7706482515624999 0.3999943 0.7582281328125 0.40017317812500003 0.74268511875 0.357679890625 0.7654440921875 0.33722925 0.7632906921875 0.27546492031250003 0.6143699296875 0.224927815625 0.7359037921875 0.21174225624999998 0.744889725 0.245020696875 0.7691432171875 0.29444412343750004 0.7743473765625
2 0.3960015875 0.7344645953125 0.4055034234375 0.747382884375 0.48897269374999996 0.7364736296875 0.50495990625 0.71870421875 0.497402171875 0.6958618328124999 0.3960015875 0.7344645953125
2 0.7973922140624999 0.8456258015625 0.863538275 0.846452553125 0.894094459375 0.8414856937499999 0.9029006 0.8362747015625001 0.903725840625 0.8295413093749999 0.8937173218750001 0.8223491796875001 0.8686550296875 0.7528713734375 0.8363193375 0.646480178125 0.75779521875 0.642985990625 0.7493191734375 0.6455036296875 0.7373300781250001 0.6544716375 0.7340527734375 0.6664030624999999 0.7301854390625 0.7942172375000001 0.7281223406249999 0.811050715625 0.72101371875 0.8246247984374999 0.7264600328124999 0.83201856875 0.742091740625 0.83775671875 0.7973922140624999 0.8456258015625
2 0.985281034375 0.5639533265625001 0.9657236578124999 0.56803224375 0.9414272 0.58116055 0.9332694234375 0.5884859015624999 0.9309705796875001 0.5998383265625 0.945600171875 0.6211576156249999 0.9710869109375 0.6797676578125 0.985281034375 0.5639533265625001
0 0.7397114453125 0.6424458734375 0.6643702796875 0.635194671875 0.653949140625 0.6313692390625001 0.64418819375 0.6221570921875 0.63476916875 0.60275051875 0.6305607140625 0.5852566609375 0.63310713125 0.57188421875 0.6296884328125001 0.57016018125 0.6249611796875 0.5717085 0.606417478125 0.604539359375 0.6063231265625 0.61271376875 0.61265355 0.6277029484375001 0.6091405015625 0.6341533218750001 0.5967506124999999 0.6389869546875 0.5817436140625001 0.650365303125 0.569683825 0.65250558125 0.540813334375 0.6733365984375 0.6580748015625 0.7013705859375 0.7376601734375 0.65177828125 0.7397114453125 0.6424458734375
4 0.649882078125 0.62753084375 0.663639390625 0.6337536546875 0.746230571875 0.641086234375 0.837462846875 0.6445544984375 0.860273871875 0.643546296875 0.877556059375 0.6358176656250001 0.8903703937499999 0.620116265625 0.8952156531250001 0.5953913953125001 0.891172246875 0.5765508625 0.872381240625 0.5595675859375 0.8059405671875 0.5389309812499999 0.6879482125 0.5094559734375 0.6713969125 0.518625625 0.6403926265625 0.5494623875 0.6336847984375 0.5671708453125001 0.6341444609375 0.5856340203125 0.63639599375 0.6042858765625 0.6428089406249999 0.6186017171875 0.649882078125 0.62753084375
1 0.512862971875 0.5755915078125 0.54690855 0.57917641875 0.56125535625 0.5731847859375 0.5633891531249999 0.5631790375 0.573787978125 0.3228358515625 0.56729250625 0.30919335000000003 0.5514132265625 0.30547521718750004 0.535038803125 0.30579711875000004 0.5233798046875 0.3120717703125 0.515775771875 0.3815200421875 0.5008268359375 0.562729646875 0.5027719281249999 0.56907271875 0.512862971875 0.5755915078125
1 0.64955305625 0.4228875921875 0.654020909375 0.4308603609375 0.9833009953125 0.47644516093749995 0.991813053125 0.46902988749999996 0.9922440203124999 0.44433976406250003 0.95460765 0.43659427656250005 0.7567000921875 0.40757077812500003 0.7152512843750001 0.39775009687499996 0.6626386156249999 0.3901640328125 0.651863728125 0.4040340953125 0.64955305625 0.4228875921875
0 0.7470098421875 0.4051863625 0.9182868828125 0.42935965 0.9922724687500001 0.44270993125 0.999118890625 0.0504787546875 0.9400742843750001 0.0442615109375 0.7913475296875 0.2877718703125 0.7368010609375 0.3700099703125 0.7329342624999999 0.3941558390625 0.7357752921875 0.40059325156250003 0.7470098421875 0.4051863625
0 0.0497979765625 0 0.0292950296875 0.1672900203125 0.0938846953125 0.225243296875 0.115776128125 0.239142896875 0.1493265625 0.2467678421875 0.167492859375 0.2466346203125 0.37324019062499997 0.2116909015625 0.395815471875 0.20520164687500003 0.4354135421875 0.2005048484375 0.46638234531249995 0.1921712953125 0.5014182109374999 0.18767613593750002 0.80544756875 0.1282977984375 0.815067125 0.1238544828125 0.8250049468749999 0.12421888125 0.8419570375 0.1191836046875 0.8441733578124999 0.10850451875 0.8377958921875001 0.07168546875000001 0.83614568125 0.0333180984375 0.5197267171875 0 0.0497979765625 0
0 0.608288615625 0.609738384375 0.6195624625 0.5793352859375 0.6377125703125001 0.5456063531249999 0.6716340578125 0.515157925 0.7145614499999999 0.4816079109375 0.743427584375 0.46601782500000005 0.5928093578125 0.54249798125 0.60049711875 0.5149575953125 0.6069116921875 0.49781298593749995 0.627346271875 0.489434853125 0.6513660390625 0.4781939140625 0.6909885546875 0.454016175 0.6629339187500001 0.44539170937500006 0.6086190125 0.45749253437500004 0.57587365625 0.47834453593750004 0.5708312109375 0.4842935328125 0.5629630828125001 0.5660853125 0.5452324078124999 0.578798728125 0.5271362859375001 0.576893253125 0.50537074375 0.5697412609375 0.50664483125 0.5593455781250001 0.5069635015625 0.477568428125 0.4382307390625 0.3609813859375 0.40600195625 0.360017846875 0.3430897453125 0.4246735359375 0.29480221875 0.545949121875 0.262265921875 0.560067640625 0.3375602578125 0.7689052234375 0.3643811546875 0.7611988703125 0.611961365625 0.632558403125 0.608288615625 0.609738384375
0 0 0.5078238515625 0.006841214062500001 0.50261719375 0.01063611875 0.4892466265625 0.01714775 0.471302671875 0.0655830578125 0.507182740625 0.0934279765625 0.5263149640625 0.136749346875 0.55112670625 0.1754349609375 0.56977993125 0.21923353437499998 0.59950205625 0.22942928906249999 0.5778954609375 0.2501304609375 0.5849353765624999 0.2545271484375 0.55785801875 0.2638133625 0.5612659015625 0.3000458703125 0.538351021875 0.37757499375000003 0.3456346828125 0.231503409375 0.2970437 0.1737691453125 0.266663746875 0.1273388921875 0.249625103125 0.090305715625 0.226285740625 0.03577820625 0.1873341125 0.030678970312499998 0.1673566296875 0 0.409827465625 0 0.5078238515625