2 0.25071436875 0.28321894375 0.1890946765625 0.169433065625 0.173849415625 0.1523292 0.1540558390625 0.141265953125 0.13512938125 0.13630632812500001 0.0945175421875 0.1351567546875 0.07192564375 0.13963331875 0.052920403125 0.14821396874999998 0.0402292359375 0.157545140625 0.0302024546875 0.1743549703125 0.028330345312499998 0.1858432015625 0.0354248734375 0.2075916484375 0.066676159375 0.2661823734375 0.071098421875 0.28180619375 0.09076988750000001 0.313856865625 0.0951212453125 0.3416669359375 0.1139413453125 0.3649059296875 0.13914248125 0.3773862140625 0.17520994375 0.38389938749999997 0.20682757187499998 0.3795278390625 0.243900025 0.3684491609375 0.2738779484375 0.3356220328125 0.2722303703125 0.3085204828125 0.25071436875 0.28321894375
2 0.5701970937499999 0.13662887031249998 0.5765938875 0.1231621046875 0.577587059375 0.10760129062499998 0.5740634296875 0.09266498437500001 0.5570445375 0.0701240078125 0.51927040625 0.0466644859375 0.47960840625 0.037401250000000004 0.4353902140625 0.03553265625 0.387502640625 0.043777265625 0.3585021328125 0.0637516328125 0.345740059375 0.0852690546875 0.3491652125 0.117130703125 0.373349540625 0.14923388437500001 0.3804283140625 0.1736903859375 0.3849214828125 0.1771279609375 0.3909913265625 0.2198533328125 0.41072975625 0.240394771875 0.41434792500000006 0.239082753125 0.423357896875 0.24189582031249998 0.4333255921875 0.23524119687499997 0.4914329640625 0.17701309062499998 0.5095395703125 0.1677449234375 0.5402112906250001 0.1708100234375 0.54841323125 0.1573642625 0.5701970937499999 0.13662887031249998
2 0.3952893515625 0 0.382130534375 0.03626710625 0.38117281406250003 0.045734796875 0.41101286718749996 0.0366031484375 0.46338573125 0.033150142187499995 0.522888575 0.0453524625 0.5471713828125 0.0605303 0.5597561953125 0.06947849687499999 0.5767672109374999 0.0933735015625 0.5811776562500001 0.11102836406250001 0.5793094828124999 0.12183958125000001 0.5720298125000001 0.13191077499999998 0.57725733125 0.1307623671875 0.59154015625 0.1337877703125 0.5982054625 0.13529526875 0.602963634375 0.136779903125 0.607709328125 0.140409315625 0.61247996875 0.1397505234375 0.6143837734375001 0.14391356875 0.622558140625 0.13520690625 0.6635717750000001 0.0673010796875 0.6627007140625001 0.06187446875 0.553594259375 0 0.3952893515625 0
2 1 0.09456995625 0.9955767906249999 0.095538059375 0.9774504890625 0.10819129375 0.9701550624999999 0.1209705421875 0.9664423531249999 0.13853089375 0.955509059375 0.156007234375 0.8727131484375 0.26878991406249997 0.870848915625 0.27892411875 0.883331309375 0.30547467031250003 0.8968305109375001 0.312402328125 0.922969671875 0.3187999875 0.95006655625 0.315729959375 1 0.28500973281249997 1 0.09456995625
4 0.94152585 0.3873989 0.8702265296875 0.3858922828125 0.75919036875 0.3879856875 0.7419863359375001 0.3972643546875 0.73102546875 0.41947979062499996 0.7299732062500001 0.44519580937500003 0.73971636875 0.4771309671875 0.753156484375 0.4942138296875 0.763944028125 0.5017869968750001 0.7756577796874999 0.5053085828125 0.8614928046875001 0.4907348921875 0.92475563125 0.4772526984375 0.960019 0.4668300296875 0.9745153171875 0.45751985937499995 0.98275270625 0.4379809734375 0.981061796875 0.41832657500000003 0.9730253015624999 0.4033377609375 0.95684989375 0.390962490625 0.94152585 0.3873989
3 1 0.516256196875 0.9957989062499999 0.52276520625 0.994841184375 0.532232896875 0.9875851484375 0.538242009375 0.9252367156249999 0.5497036640624999 0.8439578843750001 0.5568827093750001 0.788849728125 0.5650433078125 0.7923969921875 0.57591753125 0.8194505453125001 0.580294653125 0.9133417625 0.577324709375 1 0.5699705359375 1 0.516256196875
1 0.6111462999999999 0.8554654671874999 0.722237103125 0.68884723125 0.73956325 0.6585811390625 0.736910678125 0.6490714453125 0.71710134375 0.6407162515625 0.70626653125 0.6412672484375 0.5787639718750001 0.8361310359375 0.577825946875 0.8422136578125 0.5832138109375 0.8470157609375001 0.6066216171875001 0.8574440015624999 0.6111462999999999 0.8554654671874999
1 0.711044334375 0.9060531140625001 0.7146073562499999 0.9142192843749999 0.7044899734375 0.946600425 0.70511286875 0.9946789 0.705390184375 0.9959638562500001 0.7482959828125 0.9957142375 0.739969490625 0.74389536875 0.7047770250000001 0.7421317875 0.69843538125 0.7461203609375 0.7012223890625 0.8876582296875 0.7029566296875001 0.899865478125 0.711044334375 0.9060531140625001
0 0.6993108859375 0.9059165953124999 0.6957399859375 0.8991044546875001 0.571500059375 0.8434941765625 0.5363706203125 0.8308983796874999 0.40854403437500003 0.7711840125 0.289680153125 0.7224068781249999 0.2724839984375 0.7303315203125 0.2680065859375 0.724185890625 0.248023928125 0.7456192984375 0.15436956875000002 0.8630150593750001 0.1452453609375 0.8798353875 0.11810215312500001 0.9074665671875 0.07359431250000001 0.8958077093749999 0.050287675 0.9289589062499999 0.10306395156249999 0.9382379609375 0.08978548593749999 0.9504621468750001 0.09604554374999999 0.9584789203125 0.1581773265625 0.9842530171874999 0.16896093125 0.9925031984375 0.5460666265625 0.9968907734375 0.6728440953125 0.9961532046875 0.7009033171875 0.9424963390625001 0.7045884515624999 0.9296750828125001 0.711864184375 0.920280903125 0.7119035765625 0.9135107671875 0.7056210187499999 0.9073441328125 0.6993108859375 0.9059165953124999
0 0.26192785 0.37272126875 0.25109697343750004 0.37259525312499997 0.20139637656249998 0.3821728859375 0.1019754875 0.40471321875 0.0386850890625 0.4229345109375 0.035055103125 0.42627757343750006 0.023305896875000003 0.4288491109375 0.006079695312499999 0.4419380109375 0.006000475 0.45555343437499995 0.005767253125 0.49563658125 0.009131799999999999 0.7847849796874999 0.12068630625000001 0.7570018734375 0.419950025 0.672466028125 0.4030493078125 0.629614640625 0.2888908 0.39266970625000003 0.27992021875 0.3830865 0.26192785 0.37272126875
0 0.48666607187500005 0.625674090625 0.650957634375 0.57254269375 0.66428734375 0.5755570046875 0.7110499109374999 0.5675234140625001 0.7702505546875 0.5517704921875 0.5407936078125 0.17109981093749999 0.501728484375 0.1670710953125 0.36441229218750004 0.3158937234375 0.3643783859375 0.3418883515625 0.407586153125 0.4531918609375 0.48666607187500005 0.625674090625
0 0.6728540546875 0.178446840625 0.6565880468749999 0.1816428875 0.6430021828125 0.18960953125 0.63037798125 0.18743147031250001 0.6294557109375 0.1908060390625 0.6266652703125 0.2049918203125 0.6787865359375 0.39991432968749996 0.6876980296874999 0.419652740625 0.7283256265625 0.418094259375 0.7429046640625 0.3945668015625 0.7655201953125 0.3860281546875 0.909947615625 0.3850003125 0.9099830687500001 0.3789071890625 0.868149075 0.2775385859375 0.84152883125 0.1986899578125 0.8226811578125 0.1801900609375 0.8091898328125 0.1719083765625 0.801070615625 0.1711368515625 0.6728540546875 0.178446840625
0 1 0.6580079859375 0.765832403125 0.64263735 0.7522938109374999 0.64247983125 0.74414701875 0.6464474 0.74663020625 0.685068684375 0.74290961875 0.7039830640625 0.7426378171875 0.7506970078124999 0.751396190625 0.9518855921875 0.7586010171875001 0.95467765625 0.7955907484375 0.9578162640624999 0.9093070578125 0.9604934593750001 0.9896124093750001 0.9654901578124999 1 0.963942821875 1 0.6580079859375