2 0.4503610109375 0.2735274203125 0.457581228125 0.2613405546875 0.452166065625 0.24441435312499998 0.4070397109375 0.1936357484375 0.3962093859375 0.17332430625 0.3781588453125 0.1618144890625 0.34747292343749997 0.1577522 0.3185920578125 0.1658767765625 0.297833934375 0.1814488828125 0.28519855625 0.20446851718749998 0.284296028125 0.222748815625 0.29061371875 0.23899796874999998 0.31227436875 0.255247121875 0.414259928125 0.28706838125 0.4314079421875 0.28571428593750003 0.4503610109375 0.2735274203125
2 0.599277978125 0.2985781984375 0.6137184109375 0.2938388625 0.6308664265624999 0.28300609374999997 0.6435018046875001 0.26743398749999997 0.6462093859375 0.2593094109375 0.6435018046875001 0.2383209203125 0.6299638984375 0.22139471875 0.615523465625 0.21327014218749998 0.574909746875 0.1726472578125 0.5595667875 0.16452268125 0.532490975 0.16316858437499998 0.5072202171875 0.17332430625 0.49368231093750004 0.19295869999999998 0.49368231093750004 0.20853080624999998 0.5009025265625 0.224779959375 0.54061371875 0.28571428593750003 0.5487364625 0.2924847671875 0.56768953125 0.299255246875 0.599277978125 0.2985781984375
0 0.52978339375 0.32566012187500004 0.5216606500000001 0.31821259375 0.489169675 0.3141503046875 0.48014440468749997 0.310088015625 0.330324909375 0.2911306703125 0.3104693140625 0.29722410312499997 0.305956678125 0.3019634390625 0.2888086640625 0.36831415 0.2879061375 0.3811780640625 0.29602888125 0.39336492968750003 0.45397111875 0.4238320921875 0.49187725625 0.42789438124999996 0.5018050546875 0.40893703437499995 0.52978339375 0.32566012187500004
0 0.8646209390624999 0.3141503046875 0.661552346875 0.28300609374999997 0.653429603125 0.29587000625000004 0.615523465625 0.3920108328125 0.612815884375 0.402166553125 0.6173285203125001 0.40622884218750005 0.8447653421875 0.4502369671875 0.8664259921875 0.4075829390625 0.8998194953124999 0.3215978328125 0.8646209390624999 0.3141503046875
3 0.7003610109375 0.23899796874999998 0.70397111875 0.24779959375 0.7003610109375 0.2613405546875 0.70397111875 0.2714962765625 0.7120938625 0.279620853125 0.7319494578125 0.2850372375 0.7554151625000001 0.28232904531249997 0.7653429609375 0.2714962765625 0.7635379062500001 0.2626946515625 0.7701561375 0.2579553140625 0.7861010828125 0.25592417031250003 0.7933213 0.2505077859375 0.79602888125 0.24441435312499998 0.7933213 0.22884224843749998 0.7861010828125 0.2207176703125 0.7707581234374999 0.21394719062499998 0.75 0.21191604531250002 0.7292418765625001 0.2200406234375 0.7193140796875 0.21936357499999998 0.6579422375 0.1916046046875 0.6489169671874999 0.1902505078125 0.6227436828124999 0.1740013546875 0.615523465625 0.17129316249999998 0.6064981953124999 0.17332430625 0.6055956671875 0.17806364218749998 0.6110108296875 0.1834800265625 0.6651624546875 0.21665538281250002 0.6868231046875 0.22681110312500002 0.69314079375 0.235612728125 0.7003610109375 0.23899796874999998
2 0.2725631765625 0.498984428125 0.3077617328125 0.428571428125 0.3104693140625 0.41435341875000004 0.2788808671875 0.40081245781249997 0.2427797828125 0.3920108328125 0.19223826718749998 0.45429925468750004 0.1687725625 0.49153689843750004 0.156137184375 0.503046715625 0.1552346578125 0.505754909375 0.16064981875 0.5104942453125 0.18772563125 0.5213270140625 0.2454873640625 0.5368991203125 0.2599277984375 0.5368991203125 0.2725631765625 0.498984428125
0 0.6110108296875 0.4685172640625 0.6119133578125 0.44617467812499995 0.6001805046875 0.4414353421875 0.3501805046875 0.41503046718750003 0.3366426 0.415707515625 0.33393501875 0.42315504375 0.3185920578125 0.5436696000000001 0.3212996390625 0.549085984375 0.5712996390625 0.589031821875 0.580324909375 0.587677725 0.585740071875 0.5775220046875 0.6110108296875 0.4685172640625
1 0.9187725625000001 0.49356804375 0.914259928125 0.4908598515625 0.7373646203125 0.43872714999999995 0.7310469312500001 0.43872714999999995 0.7247292421875 0.447528775 0.7283393499999999 0.4576844953125 0.8826714796875 0.503046715625 0.900722021875 0.5104942453125 0.9079422375 0.51117129375 0.9169675093749999 0.498984428125 0.9187725625000001 0.49356804375
1 0.9268953062499999 0.52877454375 0.927797834375 0.5172647265625 0.924187725 0.51523358125 0.7346570390625 0.49424509062500005 0.72563176875 0.49424509062500005 0.7238267140625 0.49695328437499997 0.7229241875 0.5084631015625 0.7283393499999999 0.5125253890625 0.7806859203125 0.516587678125 0.919675090625 0.5362220718749999 0.9232851984374999 0.5362220718749999 0.9268953062499999 0.52877454375
1 0.9232851984374999 0.5355450234375 0.7536101078125 0.51523358125 0.7238267140625 0.5132024375 0.72021660625 0.516587678125 0.7193140796875 0.527420446875 0.7238267140625 0.5308056875 0.911552346875 0.5565335140625 0.919675090625 0.5565335140625 0.92148014375 0.552471225 0.9232851984374999 0.5355450234375
1 0.900722021875 0.5551794171875 0.71480144375 0.5301286390625 0.7057761734375 0.529451590625 0.702166065625 0.5321597828125 0.7012635375 0.5416384562500001 0.7057761734375 0.5484089375 0.887184115625 0.5741367640624999 0.8962093859375001 0.5748138125 0.8998194953124999 0.57210561875 0.900722021875 0.5551794171875
2 0.2572202171875 0.637102234375 0.316787003125 0.6188219359375 0.325812275 0.61205145625 0.3312274375 0.6012186859375 0.325812275 0.5795531484375 0.3104693140625 0.5707515234375 0.2806859203125 0.5660121874999999 0.2301444046875 0.5633039953125001 0.20036101093749997 0.5565335140625 0.1814079421875 0.55924170625 0.1624548734375 0.56804333125 0.1543321296875 0.575490859375 0.1435018046875 0.59647935 0.1435018046875 0.6154366953125 0.153429603125 0.6377792828125 0.174187725 0.6519972921875 0.19675090312500002 0.6560595796875 0.22382671406250002 0.6540284359374999 0.2572202171875 0.637102234375
0 0.5216606500000001 0.597833446875 0.46299639062500003 0.603926878125 0.454873646875 0.6079891671875 0.47653429531249997 0.740013540625 0.7689530687499999 0.7298578203125 0.7563176890625 0.6574136765625 0.7400722015625 0.5863236296875 0.7364620937499999 0.5836154359375 0.5216606500000001 0.597833446875
4 0.4341155234375 0.6628300609375 0.449458484375 0.6465809078125 0.45126353750000003 0.6235612734375 0.438628159375 0.6154366953125 0.4341155234375 0.60324983125 0.41696750937499993 0.5971563984375 0.40072202187499995 0.59647935 0.335740071875 0.617467840625 0.325812275 0.6235612734375 0.316787003125 0.6364251859375 0.3158844765625 0.649966146875 0.324909746875 0.665538253125 0.33935018125 0.6736628296875 0.357400721875 0.675693975 0.41335740000000004 0.6696005421875 0.4341155234375 0.6628300609375
2 0.2942238265625 0.8300609343750001 0.31768953125 0.8239675015625 0.341155234375 0.805687203125 0.3420577625 0.7989167234375001 0.35920577656249997 0.7792823296875 0.379061371875 0.763033175 0.3889891703125 0.7366283 0.3880866421875 0.7285037234375 0.3799638984375 0.7197020984375 0.3528880859375 0.709546378125 0.319494584375 0.711577521875 0.3050541515625 0.7156398109375 0.2572202171875 0.7163168578125 0.2382671484375 0.7237643874999999 0.22382671406250002 0.735951253125 0.212996390625 0.7589708875000001 0.212996390625 0.77386594375 0.2193140796875 0.794854434375 0.23104693125 0.8104265406250001 0.25270758125000004 0.8253215984375 0.27436823125 0.8300609343750001 0.2942238265625 0.8300609343750001
2 0.48104693125000003 0.8821936359375 0.49729241875 0.865267434375 0.5261732859375 0.8178740687499999 0.5252707578125 0.8029790109375 0.5099277984375 0.7846987140625 0.49548736406250005 0.7799593765624999 0.47653429531249997 0.780636425 0.4151624546875 0.805687203125 0.3998194953125 0.8178740687499999 0.392599278125 0.8320920781250001 0.392599278125 0.849695328125 0.406137184375 0.8720379140625001 0.41696750937499993 0.8801624921875 0.43772563125 0.8882870687500001 0.4638989171875 0.8889641171875 0.48104693125000003 0.8821936359375
0 0.688628159375 0.943805009375 0.7247292421875 0.9356804328124999 0.9151624546875 0.8801624921875 0.911552346875 0.8679756265625 0.895306859375 0.8436018953125 0.814079421875 0.735951253125 0.782490975 0.7440758296875 0.7806859203125 0.7474610703125 0.7554151625000001 0.7582938390625 0.6949458484375 0.7745429921875 0.5956678703125 0.8090724437500001 0.5731046937500001 0.8138117812500001 0.5595667875 0.8219363578125 0.56227436875 0.8327691265625001 0.5956678703125 0.8882870687500001 0.6326714796874999 0.9444820578125 0.645306859375 0.9553148281249999 0.6850180499999999 0.94719025 0.688628159375 0.943805009375