0 0.573979315625 0.04595681875 0.5265313578125 0.131798315625 0.50103438125 0.1838226375 0.5023792312500001 0.19655417656250002 0.6553385625 0.2293729171875 0.6858126906249999 0.2330961578125 0.68789125625 0.23551479999999997 0.7274133625 0.23859971875000002 0.761500809375 0.25064149062499996 0.7798798921875 0.2520451703125 0.80301171875 0.2207774765625 0.8348635140624999 0.1685073546875 0.868771434375 0.10981398281250002 0.8758375296875001 0.0904133921875 0.7743762265624999 0.07050086093749999 0.582390259375 0.0392877671875 0.573979315625 0.04595681875
0 0.44099244843749996 0.28850960312499996 0.4208887078125 0.2880376859375 0.40998657187500004 0.37467629687500004 0.40854158125 0.40414398125 0.41158864843750004 0.40710186562499995 0.40679102343749995 0.422089446875 0.40820665468749995 0.4354910671875 0.417679321875 0.43887323125 0.43591684218750004 0.43893674687499995 0.7079224421875 0.4251477171875 0.715364884375 0.41793942656249994 0.7132638796874999 0.406678890625 0.7211085703125 0.394649190625 0.7316378171875 0.269962684375 0.7304569703125 0.2674132 0.719471990625 0.2669730421875 0.44099244843749996 0.28850960312499996
1 0.7212656546875 0.4565424421875 0.6814345234375 0.46779090781250005 0.6800862140625 0.4809149671875 0.6833456250000001 0.48588309374999994 0.690598165625 0.48550645000000003 0.8602223015625 0.4430938390625 0.8920447375 0.43369301718750003 0.8919515140625001 0.42418104375 0.8883381953124999 0.41586251250000006 0.8818418140625001 0.4147681515625 0.7212656546875 0.4565424421875
1 0.7215228812500001 0.47623647187499996 0.7006146453125 0.48540736874999996 0.7029279953125 0.4986781484375 0.7076997203125 0.5007042687500001 0.727378771875 0.49715570312499996 0.8249954296875 0.47204196718749997 0.9167527390625001 0.4518646015625 0.9165887343750001 0.4416825453125 0.91089685 0.43094537187500004 0.8983287750000001 0.4327771359375 0.7215228812500001 0.47623647187499996
1 0.7630044328125 0.48924176406250003 0.7570035203125001 0.49283797187499995 0.7080536296875 0.504054675 0.7056435953125 0.5071275203125001 0.7076030390625 0.5170478953125001 0.7098231671875 0.5208066984374999 0.720666584375 0.5199066984375 0.9021734203125 0.4778034015625 0.9072766109374999 0.4743380359375 0.9216401265625 0.4722445890625 0.9213345593750001 0.46072237187500004 0.9159965812499999 0.45333560312500004 0.9034285078125001 0.4551673671875 0.7630044328125 0.48924176406250003
1 0.71510934375 0.56222088125 0.7154149125 0.5737430984375 0.7206113249999999 0.5797897046875 0.735730996875 0.5762252578125 0.902311525 0.5049991625 0.914313346875 0.49780674999999996 0.913817875 0.4931161828125 0.9025273265625 0.48115380625000004 0.8901008171875 0.48432573437500004 0.71510934375 0.56222088125
0 0.29177930625 0.5068918328125 0.2661701265625 0.514706690625 0.26120849687500003 0.5195122171875 0.292514709375 0.660554421875 0.347960984375 0.6504320765625 0.583662465625 0.594986871875 0.59068021875 0.5837580953125 0.5888398984375 0.5663359906250001 0.5536786640625 0.45783431406249997 0.5399556421875 0.44010289062499997 0.29177930625 0.5068918328125
4 0.4009472859375 0.133772340625 0.37359100624999997 0.13367706562499998 0.3577151796875 0.138712515625 0.33971244375 0.149501134375 0.321188340625 0.1726128921875 0.317288434375 0.1874696359375 0.3186332859375 0.20020117499999998 0.33070242968749997 0.219534440625 0.34626923125000003 0.2288323703125 0.40447598749999997 0.24484318593749999 0.43183226562500004 0.2449384609375 0.44756653125 0.23856284687499998 0.4623098546875 0.22280610156249997 0.4656659453125 0.2114306046875 0.463564940625 0.20017006718750002 0.4260575359375 0.1471225171875 0.4122861734375 0.13756290468750001 0.4009472859375 0.133772340625
4 0.316105815625 0.374751234375 0.279228528125 0.37944560625 0.26873901875 0.3836960140625 0.2546102890625 0.3966415953125 0.24884416250000002 0.4110899375 0.2524091421875 0.427580284375 0.2636289078125 0.43887257812499997 0.2797395203125 0.4446892625 0.34531793906249997 0.45282170468749994 0.3694855875 0.4486189328125 0.38486594375 0.43889291718749995 0.3879389109375 0.42483709531249997 0.39772060468750003 0.413885878125 0.39795885000000003 0.39888241406249997 0.38423582968750003 0.381150990625 0.368125215625 0.3753343046875 0.316105815625 0.374751234375
2 0.208284546875 0.21696461718750001 0.18584155625 0.2202356265625 0.16734335 0.226333678125 0.14430820625000002 0.2412577453125 0.12984800937500002 0.25969481562499996 0.123608853125 0.27829448437500004 0.122543671875 0.29409886875 0.12610865 0.3105892109375 0.13491838437499998 0.3249543515625 0.14606736874999998 0.335576565625 0.1634296078125 0.3446128171875 0.1938329546875 0.347665975 0.22893061874999998 0.3405093890625 0.27961179375 0.3399267078125 0.298393125 0.33650898125 0.318381203125 0.3186270296875 0.32414732968750004 0.3041786890625 0.322731696875 0.29077706718749996 0.3094333671875 0.2770661296875 0.250663815625 0.22983906875 0.2333723578125 0.22147290156250002 0.208284546875 0.21696461718750001
2 0.13861454687500002 0.420351653125 0.10780895312500001 0.4221199015625 0.088554590625 0.42968895625 0.0676687953125 0.44770174531249995 0.0578387609375 0.4668247765625 0.056512890625 0.488790728125 0.066101221875 0.5105267578125 0.0820927140625 0.5238451765625001 0.100211109375 0.5314104234375 0.122251853125 0.5329608234375 0.1436555625 0.528480490625 0.26064570468750003 0.48829597031249994 0.2685611765625 0.476936353125 0.26849385468750003 0.4504106734375 0.25181699062499996 0.43923334062499997 0.17801753125 0.43093830000000005 0.13861454687500002 0.420351653125
2 0.078942046875 0.5889421140625 0.1893442703125 0.702126740625 0.20791325624999998 0.6966987703124999 0.2444141953125 0.6798121 0.2605507078125 0.668615078125 0.2637876796875 0.6647413125 0.26239448906249996 0.6601815875 0.19120880468749998 0.5385596593749999 0.123026990625 0.5661873125 0.078942046875 0.5889421140625
2 0.38548045000000003 0.78988831875 0.3690608109375 0.7984050125000001 0.3156188609375 0.83613151875 0.272360853125 0.8580853984375001 0.25775909375 0.8751823078125 0.25144915624999997 0.8931118953125001 0.2549657953125 0.91777405 0.2728459484375 0.9403427609375001 0.29705847812499997 0.9538237765625001 0.32580794687500003 0.958478778125 0.349975596875 0.9542760078124999 0.37336464999999996 0.9427023468750001 0.38624175 0.9265371984374999 0.39349775 0.9003049593749999 0.43517958125 0.82891180625 0.43832332812499997 0.8155260656250001 0.4364346671875 0.806275771875 0.42112855156249995 0.790816271875 0.39970240156250003 0.786454709375 0.38548045000000003 0.78988831875
3 0.772796415625 0.7545303156250001 0.7646237171875 0.7461959046875 0.7486546656249999 0.74171938125 0.7325664921875 0.7447445890625 0.7129098843749999 0.7571350515625 0.70808981875 0.7632807406250001 0.7038360046875 0.7747870781249999 0.7063617015625 0.7900680999999999 0.70286404375 0.8001034359375 0.69315313125 0.8117247359374999 0.6425459046875 0.8503988828125 0.6360719625 0.858146415625 0.6239993593750001 0.8646687453125 0.6075313796875 0.8813572546874999 0.618657921875 0.8831375749999999 0.6956304875 0.83517756875 0.7373054 0.8154956125 0.7597708328125 0.8210664968750001 0.782072259375 0.8164553281250001 0.8032411843749999 0.8011228609375 0.8079680265625001 0.7854651953125 0.806079365625 0.776214903125 0.7906541265625 0.768257134375 0.7751805484375 0.768471175 0.772796415625 0.7545303156250001
2 0.5926896890625 0.7494821390624999 0.572656728125 0.749680303125 0.5548439015625 0.753637275 0.5275325015625 0.771225784375 0.5205855296874999 0.7831246421875 0.514510378125 0.8119063687500001 0.4889167203125 0.8802743124999999 0.4938748890625 0.9013243843750001 0.51574816875 0.918548325 0.5381428203125 0.9234491296874999 0.5561679953125 0.921502403125 0.5745246374999999 0.9140641875 0.5827940171875 0.906054975 0.623719690625 0.836132825 0.642173015625 0.8123509859375 0.647041421875 0.798033484375 0.6443033812500001 0.7807422171875 0.6268479171875 0.7621939921875 0.6123204 0.7541053843750001 0.5926896890625 0.7494821390624999
0 0.500703578125 0.7444528390625 0.5101655125 0.72776485 0.46423984999999995 0.6294023453125 0.2295846859375 0.6968585109375 0.26702934375 0.8050151375000001 0.500703578125 0.7444528390625
0 0.8415469453125001 0.5485570640625 0.5931924703125 0.631358584375 0.6571415078125 0.759945165625 0.9168304624999999 0.6863548953125 0.8440050515624999 0.5503270390624999 0.8415469453125001 0.5485570640625