1 0.884476534375 0.6709546375000001 0.8727436828125 0.6621530124999999 0.8104693140625001 0.639133378125 0.7003610109375 0.591062965625 0.691335740625 0.589031821875 0.6841155234375 0.5944482062499999 0.6814079421875 0.6046039265625 0.69314079375 0.6113744078125001 0.8673285203125 0.6892349359375001 0.8727436828125 0.689911984375 0.8772563171875 0.685172646875 0.884476534375 0.6709546375000001
1 0.945848375 0.6154366953125 0.9431407937499999 0.6113744078125001 0.7554151625000001 0.5423155046875 0.7436823109375 0.5402843609375 0.7355595671875 0.5477318890625 0.7346570390625 0.5572105625 0.7590252703125 0.5687203796875 0.9259927796874999 0.6323628984375 0.9323104687500001 0.63371699375 0.9368231046875 0.6310088015625 0.945848375 0.6154366953125
1 0.945848375 0.6425186187499999 0.7554151625000001 0.5673662828125 0.7481949453125 0.566689234375 0.7436823109375 0.570074475 0.7400722015625 0.5836154359375 0.7554151625000001 0.5917400140625 0.9341155234375 0.663507109375 0.9431407937499999 0.6594448203125001 0.9512635375 0.6465809078125 0.945848375 0.6425186187499999
1 0.9615965703124999 0.7005396078125 0.971159746875 0.680459715625 0.7671480140625 0.5991875421875 0.7575054156250001 0.6119681781249999 0.9615965703124999 0.7005396078125
0 0.45351985624999996 0.2725118484375 0.3660081234375 0.3790013546875 0.5632418765625 0.46931211875 0.5736245484375 0.48341502968750005 0.644796028125 0.398691265625 0.63526805 0.3538767765625 0.45351985624999996 0.2725118484375
0 0.9819494578124999 0.42315504375 0.8212996390624999 0.371699390625 0.7328519859375 0.48476641875000004 0.7319494578125 0.4955991875 0.97833935 0.591062965625 0.9855595671874999 0.589031821875 0.9990974734375 0.5748138125 0.9990974734375 0.429925525 0.9819494578124999 0.42315504375
0 0.615523465625 0.6540284359374999 0.685920578125 0.5280974953124999 0.6814079421875 0.5213270140625 0.674187725 0.518618821875 0.3962093859375 0.43534190937500006 0.389891696875 0.4394041984375 0.322202165625 0.566689234375 0.319494584375 0.57684495625 0.333032490625 0.5836154359375 0.49819494531249997 0.6425186187499999 0.564079421875 0.6696005421875 0.5983754515624999 0.6790792140625 0.615523465625 0.6540284359374999
0 0.6579422375 0.9268788078125001 0.6416967515625001 0.922139471875 0.6380866421875 0.915368990625 0.6010830328125001 0.89708869375 0.5685920578125 0.8767772515625 0.553249096875 0.8733920109375 0.5234657046875 0.8578199046874999 0.5036101078125 0.8436018953125 0.49277978281249996 0.840893703125 0.4900722015625 0.836831415625 0.4566787 0.8205822609375 0.445848375 0.805687203125 0.4341155234375 0.803656059375 0.4232851984375 0.7935003390625 0.40884476562499994 0.786052809375 0.4016245484375 0.78740690625 0.398014440625 0.78266756875 0.3880866421875 0.7833446171875 0.3799638984375 0.790792146875 0.289711190625 0.9085985109375001 0.289711190625 0.91469194375 0.29602888125 0.920785375 0.4205776171875 0.9993229515625 0.6110108296875 0.9993229515625 0.6597472921875001 0.9316181453124999 0.6579422375 0.9268788078125001
0 0.7120938625 0.9119837515624999 0.7942238265625 0.9390656734375 0.7987364625 0.9356804328124999 0.8330324906250001 0.8571428578125 0.865523465625 0.7792823296875 0.8664259921875 0.7691266078125001 0.8592057765625001 0.7637102234375 0.7635379062500001 0.73459715625 0.601985559375 0.6885578875 0.558664259375 0.67298578125 0.5361010828125 0.6696005421875 0.5315884468750001 0.674339878125 0.52978339375 0.6858496953125 0.5252707578125 0.6885578875 0.5171480140625 0.70412999375 0.4729241875 0.8063642515625 0.4720216609375 0.819228165625 0.47743682343750005 0.82667569375 0.6010830328125001 0.8727149624999999 0.6705776171875 0.8964116453125 0.6895306859375 0.900473934375 0.7120938625 0.9119837515624999
2 0.38267147968750004 0.41909275625 0.38537906093749996 0.4116452265625 0.3637184109375 0.391333784375 0.3420577625 0.3764387265625 0.324909746875 0.3689911984375 0.20036101093749997 0.4502369671875 0.17509025312499998 0.4631008796875 0.1732851984375 0.4691943125 0.19675090312500002 0.48882870624999997 0.25180505468750003 0.5226811109375 0.26895306875 0.5280974953124999 0.2942238265625 0.498984428125 0.38267147968750004 0.41909275625
2 0.56227436875 0.310088015625 0.5830324906250001 0.310088015625 0.607400721875 0.2985781984375 0.615523465625 0.28706838125 0.6146209390624999 0.2593094109375 0.6083032484374999 0.22748815156250002 0.607400721875 0.184157075 0.6001805046875 0.1692620171875 0.588447653125 0.1577522 0.569494584375 0.15030467187500002 0.554151625 0.1475964796875 0.5198555953125 0.1496276234375 0.49819494531249997 0.15707515156250001 0.4837545125 0.1658767765625 0.467509025 0.1814488828125 0.45938628125000003 0.198375084375 0.45848375468749997 0.2153012859375 0.46931407968750005 0.235612728125 0.48465703906249996 0.24779959375 0.49368231093750004 0.2505077859375 0.547833934375 0.3033175359375 0.56227436875 0.310088015625
2 0.7707581234374999 0.3290453625 0.797833934375 0.327691265625 0.825812275 0.318889640625 0.8456678703125 0.3026404875 0.851985559375 0.279620853125 0.8429602890625001 0.235612728125 0.838447653125 0.189573459375 0.8312274374999999 0.1740013546875 0.8203971125 0.16452268125 0.805956678125 0.1604603921875 0.7752707578125 0.1597833453125 0.7599277984375 0.1638456328125 0.7400722015625 0.176709546875 0.7310469312500001 0.19092755625 0.7274368234375 0.2064996609375 0.7220216609375 0.2769126609375 0.7184115531249999 0.2843601890625 0.7184115531249999 0.295192959375 0.7265342953125 0.310088015625 0.7509025265625 0.32566012187500004 0.7707581234374999 0.3290453625
2 0.204873646875 0.6398104265625 0.2888086640625 0.6310088015625 0.3104693140625 0.6222071765625 0.32039711249999997 0.5991875421875 0.319494584375 0.5863236296875 0.31498195 0.580230196875 0.2969314078125 0.5748138125 0.2942238265625 0.570074475 0.2788808671875 0.5639810421875 0.23465703906250002 0.551794178125 0.20938628124999997 0.5368991203125 0.1895306859375 0.5321597828125 0.1651624546875 0.53283683125 0.1462093859375 0.538253215625 0.13537906093750002 0.5443466484374999 0.118231046875 0.55924170625 0.1064981953125 0.58090724375 0.1064981953125 0.608666215625 0.1191335734375 0.630331753125 0.142599278125 0.6445497625 0.1597472921875 0.647935003125 0.17779783437500002 0.647935003125 0.204873646875 0.6398104265625
2 0.18501805 0.8686526750000001 0.21750902499999997 0.8571428578125 0.2400722015625 0.838862559375 0.2879061375 0.8097494921875 0.3023465703125 0.792823290625 0.3095667875 0.7589708875000001 0.297833934375 0.745429925 0.2833935015625 0.740013540625 0.24729241875 0.7366283 0.2229241875 0.7393364921875001 0.2030685921875 0.7318889640624999 0.180505415625 0.7285037234375 0.1543321296875 0.731211915625 0.1308664265625 0.7420446859375 0.1146209390625 0.7549085984375 0.101985559375 0.7745429921875 0.0974729234375 0.7921462421875 0.09657039687499999 0.8104265406250001 0.101985559375 0.828029790625 0.1173285203125 0.8490182796875001 0.1462093859375 0.865267434375 0.1678700359375 0.869329721875 0.18501805 0.8686526750000001
4 0.3998194953125 0.711577521875 0.4232851984375 0.6980365609375 0.43321299687500003 0.6784021671875 0.43231046875 0.6607989171875001 0.4232851984375 0.645903859375 0.406137184375 0.6343940421875 0.3880866421875 0.6310088015625 0.360108303125 0.6323628984375 0.305956678125 0.6411645234375001 0.29061371875 0.649966146875 0.2788808671875 0.667569396875 0.2788808671875 0.6838185515624999 0.289711190625 0.7000677046875 0.305956678125 0.7088693296875 0.33844765312499997 0.71293161875 0.3880866421875 0.7142857140625 0.3998194953125 0.711577521875
4 0.7346570390625 0.43601895781250005 0.7454873640625 0.42586323593750003 0.7626353796875 0.3845633046875 0.7635379062500001 0.36831415 0.7554151625000001 0.352064996875 0.7355595671875 0.3378469875 0.7057761734375 0.3317535546875 0.6732851984375 0.3358158421875 0.6597472921875001 0.341232228125 0.6444043328125 0.3534190921875 0.6335740078125001 0.3730534875 0.6335740078125001 0.38862559218750004 0.6416967515625001 0.40622884218750005 0.6732851984375 0.43195666875 0.688628159375 0.44075829375 0.7166064984375 0.4427894375 0.7346570390625 0.43601895781250005
3 0.9990974734375 0.332430603125 0.9133574 0.28232904531249997 0.903429603125 0.28097495 0.8989169671875 0.28300609374999997 0.898014440625 0.2877454296875 0.903429603125 0.2938388625 0.9512635375 0.32701421875 0.9810469312500001 0.3439404203125 0.9990974734375 0.3615436703125 0.9990974734375 0.332430603125