1 0.730322634375 0.10790753281250001 0.773652028125 0.0647737 0.8321189640625001 0.0271765453125 0.7952005375 0.023887184375000002 0.714015503125 0.08672324375 0.71546074375 0.0956086265625 0.730322634375 0.10790753281250001
1 0.44752603593750007 0.6826633078125 0.4445450015625 0.689283815625 0.45151126562500005 0.695747759375 0.4667315046875 0.6992557625 0.474111246875 0.6955763562499999 0.599562890625 0.5666148796875 0.59888161875 0.5611578515625 0.5767502453125 0.549833459375 0.5684411421875 0.5541418453125 0.44752603593750007 0.6826633078125
1 0.6574312484375 0.5215320265625001 0.6533003328125 0.5341913 0.661003003125 0.5447598234375 0.6707849125 0.5486606 0.70874295625 0.5486160859375 0.7199503968750001 0.5397158625 0.7212932359375 0.528943534375 0.7017569828125 0.5204657593750001 0.672108040625 0.5162018859375 0.6574312484375 0.5215320265625001
0 0.8481982359375 0.6968764421875 0.85161245625 0.7017989703125 0.9062084140625 0.7148240703125001 0.9888426828125001 0.7272849953125 0.9970403093750001 0.5261826000000001 0.997811825 0.3935703484375 0.9943437390625001 0.3928055625 0.953900834375 0.3872985640625 0.9268194484375 0.3865575328125 0.9114338203125 0.38710686875 0.9013486921875 0.39064454843749996 0.8481982359375 0.6968764421875
0 0.492386965625 0.24724038125 0.466951634375 0.228288565625 0.44457217499999996 0.22305018125 0.35537725937500003 0.21634457031249998 0.2786145078125 0.2150339109375 0.26472924999999997 0.22311618437499997 0.2560617984375 0.2362154734375 0.2584639640625 0.24379565312499998 0.2793076296875 0.2645399296875 0.28594311562499997 0.27911855 0.2907198796875 0.2949551359375 0.2909246859375 0.3342705640625 0.29409081875 0.34527910156249997 0.3458829859375 0.40491635937500003 0.3556097640625 0.41016958125 0.371944459375 0.430677646875 0.3956864640625 0.4468300875 0.41761702500000003 0.48525064999999995 0.42297265937499995 0.4868865484375 0.42971840156249996 0.4987602765625 0.449061696875 0.5119716140625 0.4458877078125 0.5233256828124999 0.45733537812499997 0.5307020578125 0.4630415 0.5459096609375 0.47765530468749995 0.564294575 0.48342441718750007 0.5557871249999999 0.4932890203125 0.5576592296875 0.5182990234375 0.542705403125 0.5289630187500001 0.5249670359375 0.5343462171875 0.525926709375 0.5381187859375001 0.5220583390625 0.5497594109375 0.5247011515625 0.595380709375 0.49185239531249997 0.685189915625 0.4613184859375 0.695412865625 0.45439969218750004 0.6956885171875 0.44763745781250003 0.64728300625 0.3935989546875 0.550822471875 0.299093653125 0.492386965625 0.24724038125
0 0.2761022125 0.3653444265625 0.24438188749999998 0.34538569531249996 0.2326585640625 0.3447715515625 0.2277715390625 0.33163985937499996 0.195232115625 0.3096052171875 0.172577003125 0.311129065625 0.1633936734375 0.3147139859375 0.1202021046875 0.3544667 0.066051184375 0.397033628125 0.06588579375 0.40109096875 0.08856061093749999 0.4212535046875 0.188443221875 0.49831873125000004 0.24775295625 0.5508954640625 0.2588225734375 0.545376359375 0.336022375 0.4694558515625 0.3523373640625 0.468277534375 0.3755634859375 0.47491560625 0.39155555 0.4594893625 0.39174850625 0.45475579687499995 0.37429149375000004 0.439610275 0.34609565 0.42186918125000006 0.2761022125 0.3653444265625
0 0.5810229796875 0.60020466875 0.46920850625000005 0.7271698796875 0.469944909375 0.7312744609374999 0.4831410375 0.7400977671875 0.7308391671875001 0.893350915625 0.745653784375 0.8846396625 0.78048111875 0.850547778125 0.86164644375 0.7660253375 0.8693018406249999 0.7555837000000001 0.8685930031250001 0.7508028953125 0.6264907375 0.6154622421875 0.5910529734375001 0.5980194359375 0.5810229796875 0.60020466875
4 0.36389529375 0.47294901562499997 0.3405589109375 0.4690158359375 0.3312928828125 0.4746294265625 0.275826690625 0.5272924625 0.24744974062499997 0.558333921875 0.2378529328125 0.572062190625 0.2409088046875 0.5857756203125 0.24776480781250002 0.59494445625 0.268828996875 0.6102789468750001 0.2910981953125 0.618222225 0.30918920625 0.6178146140624999 0.3479190765625 0.5988358515625001 0.4359601140625 0.5451686296875 0.439106540625 0.534490784375 0.43580258125000004 0.5268633609375 0.41941275468750006 0.507707740625 0.39310319374999997 0.4880324609375 0.36389529375 0.47294901562499997
4 0.5412292296875 1 0.541946871875 0.9823949296875 0.5362683140625 0.9665111062499999 0.5180197703125 0.948613446875 0.4878549453125 0.9348352078125 0.4726071421875 0.9320034265625001 0.45451613125 0.9324110375 0.438035753125 0.93764669375 0.42313843906250004 0.9483866187500001 0.393704740625 1 0.5412292296875 1
1 0.2872863421875 0.7339036343750001 0.28594350468749996 0.7446759625 0.3222359171875 0.8963416515624999 0.325374484375 0.9080264140625 0.33059229375 0.9130434265625 0.3459503578125 0.913170315625 0.35524395000000003 0.9068805 0.35033721562500003 0.872062425 0.322779234375 0.7499939921875 0.31537978125 0.7319870125 0.2872863421875 0.7339036343750001
2 0 0.721241609375 0.0003504484375 0.722938075 0.010537978125 0.7390581109375 0.028050118750000002 0.7528511859375 0.0405098453125 0.7575699124999999 0.060349314062500006 0.75860923125 0.1806265578125 0.7344151078125 0.22041575781249997 0.733788853125 0.2432913921875 0.7268552203125 0.261906140625 0.71359936875 0.2706562859375 0.6984714125 0.273259265625 0.6789554234375 0.2669545640625 0.656262125 0.247914484375 0.63561233125 0.224908884375 0.6235644734375 0.1924167328125 0.6225399921875 0.1768932765625 0.6264704437499999 0.15661276562499998 0.6362506953125 0.10372984375000001 0.64771135625 0.023296925 0.6699267812499999 0.0074702546875 0.6812956875 0.0006890875000000001 0.6924607890625001 0 0.69762726875 0 0.721241609375
2 0 0.562478653125 0.0397338953125 0.554906759375 0.12316755625 0.5477572109375 0.1504694640625 0.54308845625 0.170151396875 0.525822509375 0.173683734375 0.5056775390625 0.16450826093749998 0.4868998515625 0.1521587953125 0.47947623437500003 0.0257776640625 0.453880890625 0 0.444412209375 0 0.562478653125
2 0.5246546015625 0.18726305000000001 0.562502384375 0.1899234296875 0.57529289375 0.1865274765625 0.561525753125 0.16954225 0.552590509375 0.1670411640625 0.5486328421875 0.153280490625 0.5599505437500001 0.1416753734375 0.5611831203125 0.1336079375 0.5769546625 0.1235914765625 0.600739946875 0.09434247968750001 0.612490834375 0.0942803984375 0.6198705765625 0.09060099687499999 0.61369584375 0.0868891859375 0.5958607781249999 0.0588481796875 0.5870436515625 0.03127959375 0.5670466484375 0.0119350046875 0.5087275328125 0.008879871875 0.4240681046875 0.0074021359375 0.42218073437500003 0.0185770015625 0.42580761718750004 0.0404523546875 0.4412129546875 0.0615894015625 0.48872852343749995 0.1596296546875 0.50602014375 0.17883251718749998 0.5246546015625 0.18726305000000001
2 0.0564146984375 0.057017523437499995 0.0326648375 0.06322769218749999 0.0313495640625 0.073323796875 0.0389971015625 0.08524476875 0.044104778125 0.2481524765625 0.048393228125 0.25379847187500004 0.1005043265625 0.26127205937500003 0.12547890625 0.2693570625 0.146247734375 0.2697674 0.1570574125 0.226285309375 0.1499808875 0.2225262609375 0.1501462765625 0.2184689203125 0.13618618124999998 0.20621725781250003 0.126006509375 0.1677346171875 0.12871975 0.14551373437499998 0.138647340625 0.1236707859375 0.1603258203125 0.10176575937500001 0.1788303078125 0.0912148 0.1781214703125 0.0864339984375 0.1381471734375 0.06943120625 0.09158466562499999 0.05885995468750001 0.0564146984375 0.057017523437499995
2 0.30266924687499996 0.14314868593750002 0.29175733125000003 0.159793603125 0.2855119875 0.1780252859375 0.2464887671875 0.23554862499999998 0.24221354062499997 0.23536716875 0.2370309796875 0.243272590625 0.2754832703125 0.21857739375000002 0.354944640625 0.2123697546875 0.356575296875 0.20679665625000002 0.349628709375 0.187102290625 0.301583053125 0.1381807296875 0.2966122828125 0.11637322187500002 0.2950847640625 0.1151461109375 0.296496915625 0.1311721921875 0.30266924687499996 0.14314868593750002
2 0.29753318281249996 0.142932484375 0.296496915625 0.1311721921875 0.2862714078125 0.11133110937499999 0.23940441406250001 0.0905163203125 0.1974669046875 0.0908357734375 0.17978006562499999 0.10081559843750001 0.1316185296875 0.1378737734375 0.12768220937500002 0.19309193281249998 0.1832411125 0.232864178125 0.24221354062499997 0.23536716875 0.29175733125000003 0.159793603125 0.29753318281249996 0.142932484375
0 0.7170083328125 0.1173835078125 0.7269374156249999 0.11898963437500001 0.9889186734375001 0.3542487125 0.9918258078125 0.35359123124999997 0.9984785546875001 0.278969196875 0.9998256296875001 0.0474267640625 0.9909123875000001 0.0341398375 0.942740353125 0.031616275 0.929689590625 0.030932592187500003 0.8598267046875 0.027272721875 0.764066246875 0.07308798749999999 0.7170083328125 0.1173835078125
0 0.600658284375 0.098562778125 0.8958563609375 0.3752957953125 0.9887991796875 0.35427573749999997 0.7165810640625 0.1177856984375 0.7170083328125 0.1173835078125 0.600658284375 0.098562778125
0 0.8942973484375001 0.3756483828125 0.8957863875 0.3753116203125 0.61562914375 0.11882998281249998 0.580711471875 0.12132902968749999 0.861396075 0.3910453859375 0.8600446406250001 0.39196728125 0.8942973484375001 0.3756483828125
0 0.8047188125 0.41832597343750005 0.831805465625 0.405421175 0.57212585 0.1377416515625 0.5419981046875 0.15890248906249999 0.8047188125 0.41832597343750005
3 0.27626435625 0.70668441875 0.2996741796875 0.724977828125 0.381153521875 0.6623266046875 0.306475390625 0.7380403796875 0.33437338125 0.7523138328125001 0.38149322343750003 0.7514074921875 0.39639003125 0.7122360125 0.3947335984375 0.6894433203125 0.411298646875 0.66497109375 0.4843045703125 0.5785350859375 0.3743659046875 0.666888178125 0.33450496875 0.6776323093750001 0.306640709375 0.6672978703125 0.27626435625 0.70668441875