2 0.2990087890625 0.05403998125 0.295746325 0.0597976421875 0.2790665875 0.06338894843750001 0.241294221875 0.0789213734375 0.2395773765625 0.0875698671875 0.2455256859375 0.11134545468749998 0.27197242187500004 0.148950290625 0.306874703125 0.2126481796875 0.3212887546875 0.233282259375 0.3408079859375 0.23816432812500002 0.3878994171875 0.22978342812500002 0.3986030703125 0.2221305515625 0.401218596875 0.21358161875 0.35542666875 0.09156571718749999 0.353198953125 0.0668425203125 0.3458660546875 0.057871335937500004 0.3074745296875 0.0508984703125 0.2990087890625 0.05403998125
2 0.69956863125 0.10113623281249999 0.6663628 0.0872589734375 0.6430600390625 0.083997440625 0.6184809828125 0.084673909375 0.59603154375 0.0917054109375 0.57314155625 0.1034474046875 0.55739565625 0.126179365625 0.55672094375 0.1431021125 0.5727611265625 0.175474640625 0.5698938578125 0.186715284375 0.5768667187500001 0.209244578125 0.5818182546874999 0.21455244062499998 0.581647025 0.22609176718750001 0.592718096875 0.24363588906250003 0.6450933187500001 0.24671876093749998 0.657926590625 0.245420915625 0.6683785015625 0.24045975 0.6668328828125001 0.237568915625 0.6748858515625 0.21942388125 0.6937054046875 0.19295304375 0.7142140296874999 0.177547728125 0.7245854234375 0.163738940625 0.7267881765624999 0.14018648281249999 0.7201475734375 0.123813096875 0.708824759375 0.10896068437499999 0.69956863125 0.10113623281249999
2 0.20710813906249997 0.2988210609375 0.18913452343749998 0.2968298265625 0.136187253125 0.4357826453125 0.1351802796875 0.4465494828125 0.139170196875 0.4524307109375 0.16627406875 0.46359225468750004 0.1999204484375 0.47275901875 0.215970828125 0.4758969875 0.2253981875 0.4721821109375 0.30956511875000003 0.34892620937499996 0.31527188281249996 0.3461589421875 0.31475081562499996 0.3420218171875 0.2861642625 0.32729651406250004 0.2502623890625 0.3131205703125 0.20710813906249997 0.2988210609375
0 0.5870113328125 0.24640315625000003 0.5827011093750001 0.3798659109375 0.589324134375 0.3867187515625 0.633422421875 0.3909243484375 0.6762268375 0.389547403125 0.6977322390625 0.392609815625 0.78540775 0.396883884375 0.7873939171875 0.3950642265625 0.8821330046875 0.40148064687499996 0.8928995921875 0.393154840625 0.8894057796875 0.34313508593750003 0.88234501875 0.27300306406249997 0.8771870984374999 0.2601934390625 0.5870113328125 0.24640315625000003
0 0.8644259 0.47430791875 0.8525366640625001 0.46551185312500004 0.82546056875 0.43463629062500003 0.8092038015625 0.4239965609375 0.796272434375 0.4069262453125 0.7881843078124999 0.40603018906250005 0.78665626875 0.41265989999999997 0.76088143125 0.426121990625 0.661359225 0.4708480546875 0.6539809734375 0.4720703421875 0.6378500765624999 0.46008475625 0.62206901875 0.4637756265625 0.621754340625 0.46714026249999996 0.6314912765625 0.474678034375 0.64916269375 0.5041717328125 0.6659405265625 0.5189485890625 0.6647271671875 0.5222136640625 0.8233650499999999 0.690046475 0.837492196875 0.694331171875 0.8448075140625001 0.6937818124999999 0.9439974624999999 0.6428998421875 0.9909278609375001 0.61682370625 0.9942532609375 0.61039311875 0.9905150875000001 0.6018201796875 0.9474339687500001 0.55761318125 0.940496265625 0.5541249765625 0.8644259 0.47430791875
0 0.39830034375 0.370995078125 0.259341665625 0.4684636953125 0.272461840625 0.48351523125 0.5020779171875 0.6496928765625001 0.5065713203125 0.6501906843749999 0.525093775 0.636605028125 0.592955771875 0.5808925406250001 0.6431939921875001 0.538865271875 0.644722028125 0.5322355609375 0.41036080625000004 0.368251815625 0.4049687234375 0.3676544453125 0.39830034375 0.370995078125
1 0.5873017468749999 0.61222144375 0.5877598796875 0.6170314968749999 0.6083036609375 0.620667271875 0.6301413203124999 0.6298855890625 0.6437649828125 0.6395537078125 0.7775147546875 0.6754482796875 0.7859175609375 0.6729796984374999 0.788200828125 0.6582748578125 0.5962709734375 0.603696515625 0.5917146343749999 0.603871634375 0.5873017468749999 0.61222144375
1 0.8531473828125 0.6919861578125001 0.849049175 0.69697133125 0.8077098640625 0.692391490625 0.6774992609375 0.6963231984375 0.6734639859375 0.70063544375 0.6756111875 0.7165110203125 0.678954165625 0.7196009765625 0.710596796875 0.72106685625 0.7500582328125 0.71659995625 0.8657011359375 0.7130940406249999 0.8813563234374999 0.7107490265624999 0.8808806125 0.696418428125 0.8767648250000001 0.691883053125 0.85962695625 0.690664309375 0.8531473828125 0.6919861578125001
1 0.44593041875 0.37627185 0.4460738703125 0.384446540625 0.4601380828125 0.38940416718750004 0.62881053125 0.430527503125 0.6338074203125 0.42564189375000006 0.635776009375 0.4143016890625 0.46568381406250003 0.3689416640625 0.451367859375 0.36667574687500004 0.44593041875 0.37627185
4 0.6117725125 0.622411371875 0.582304859375 0.6171070546874999 0.5592714171875001 0.62067435625 0.5422140640625 0.6283032296875 0.5259471 0.6468980640625001 0.5223875375 0.6655409062500001 0.53019614375 0.6888426890625 0.5451136796875 0.7040933468749999 0.5641923609374999 0.7136859078125 0.5899394234375 0.7199378375000001 0.62022524375 0.7164941 0.6403562546875 0.70512635 0.6538642390625 0.6869057578125 0.6556264421875 0.668063790625 0.64512179375 0.6444633203125 0.6300154484375 0.6312314453125001 0.6117725125 0.622411371875
4 0.37125835 0.60188473125 0.36446409687500003 0.60657121875 0.31333458125 0.687254034375 0.3043829328125 0.7052995078125 0.3061978734375 0.7150191765625 0.32130421875000004 0.7282510531249999 0.345586175 0.740459765625 0.35797889843749997 0.7438724140625 0.37428102343749997 0.7443186703125 0.392614671875 0.7327517968749999 0.45161572968749997 0.6746978359375 0.4698688640625 0.65428334375 0.469599540625 0.6474545078125 0.4294384296875 0.6205685015625 0.3909663875 0.60474801875 0.37125835 0.60188473125
2 0.2443749015625 0.7741203046875 0.2230758875 0.7785596578125 0.20666547031250002 0.7889798015625 0.19219586875 0.807773759375 0.1456782421875 0.8488534203125001 0.1313345125 0.8663015234375001 0.1275685609375 0.8774426046875 0.129068825 0.8905269078125 0.1441298109375 0.913952259375 0.1603236421875 0.9252649156249999 0.1763740234375 0.9284028828125 0.196207934375 0.9299203140625 0.2158354578125 0.9239359828125 0.276731975 0.884449309375 0.29642243437500004 0.87779205 0.31295872187499996 0.8660260515625 0.32479521718750004 0.8462604828125 0.3268721 0.8240538765625001 0.315594640625 0.7990079921875 0.2857771484375 0.7780272187499999 0.2443749015625 0.7741203046875
1 0.37618843125 0.9083858453125 0.4216582984375 0.9950112765625001 0.454010803125 0.9985955000000001 0.4512342453125 0.989449196875 0.3844404015625 0.8589874656250001 0.3580815625 0.86898535625 0.37618843125 0.9083858453125
2 0.1813895515625 0.6903136921875 0.1839245625 0.672917140625 0.179476515625 0.6622258609375 0.1720177453125 0.6546005296875 0.14934434375 0.6446097234375 0.11853745625 0.6439163328124999 0.0872095046875 0.6390858171875 0.0651830375 0.6318862828125 0.0418173390625 0.6292976765625 0.0162766671875 0.6305475125 0.0073699 0.633367725 0.008791173437499999 0.7555115421874999 0.0405178375 0.759694478125 0.0820913125 0.7520620625000001 0.1060058515625 0.7390737781250001 0.1161255046875 0.7279567015625 0.17120696562499998 0.702103696875 0.1813895515625 0.6903136921875
3 0.44278714218750004 0.759387125 0.4087705296875 0.793013034375 0.397608746875 0.7958558578125 0.38059675 0.7932912562500001 0.368599221875 0.7953615890625 0.3479647265625 0.8121127625 0.3426078015625 0.83055648125 0.3492484046875 0.8469298671875001 0.3683122296875 0.855011403125 0.42904569375 0.789123153125 0.3821976984375 0.8605210203125001 0.39915159375 0.873745453125 0.43041656718750004 0.8722398046875 0.44745634218749997 0.8550903890624999 0.4505577734375 0.8316374921874999 0.43742002031249994 0.8070654109375001 0.48045121249999995 0.7547211015624999 0.5080965453124999 0.71155064375 0.5103168765625 0.69751873125 0.5025434296875 0.6932580374999999 0.49786121874999995 0.6947790125 0.44278714218750004 0.759387125
0 0.3081008453125 0.69466235 0.3677832921875 0.60199335 0.3840463703125 0.6023910859375 0.39689603125 0.5790350281250001 0.1503135390625 0.47261949062499997 0.0612015328125 0.5838481171875001 0.3081008453125 0.69466235
0 0.577372096875 0.718450359375 0.5342215609375 0.8369526984375 0.8022348390625 0.916831096875 0.8466183109375001 0.7695539703125001 0.6376672640625001 0.7107326953124999 0.6286219015625 0.7159455546875 0.6108552578124999 0.71888680625 0.59694841875 0.7195279140624999 0.577372096875 0.718450359375