2 0.77177794375 0.8712431390625 0.792489625 0.8648147578125001 0.8072248609375 0.8559929015625001 0.826912046875 0.8352490687499999 0.8367694999999999 0.8065810671874999 0.8343274859375001 0.7897552890624999 0.8267075531250001 0.7745366078125 0.80833251875 0.7605318296875 0.792572784375 0.7550382390625 0.7733188234374999 0.75499559375 0.7299393546874999 0.7488695703125 0.680537 0.7355260109375 0.6577888078125 0.7409343125000001 0.64646115625 0.7484625203124999 0.6375692749999999 0.7590110953125 0.6347404812499999 0.767795853125 0.640989340625 0.785328265625 0.7034217625 0.8364036968749999 0.7207383390625 0.8588797890625001 0.7460616296875 0.8709640265624999 0.77177794375 0.8712431390625
2 0.6031440953125 0.8803906015624999 0.6139331578125 0.8563899328125 0.6083899374999999 0.833209978125 0.5586160421875 0.781273959375 0.5459914765625 0.7593477828124999 0.532754159375 0.7527172625 0.51358684375 0.7485173234375 0.48928804687499994 0.7507485359375 0.47061287656250006 0.7581969953125001 0.44698575781249994 0.7775674296874999 0.4354446140625 0.80239158125 0.437753540625 0.818550596875 0.446125553125 0.8329457921874999 0.48575085937500007 0.8569946500000001 0.5395915359375001 0.8971654171875001 0.5612812703125 0.900228428125 0.5871708703125 0.8921929515624999 0.6031440953125 0.8803906015624999
2 0.8549295906250001 0.4430157078125 0.8157562296875 0.43959660625 0.79499810625 0.4412009296875 0.762395946875 0.580896459375 0.8264933359375 0.5943995109375 0.8392849484375 0.5942056874999999 0.8431784390624999 0.590755028125 0.89350268125 0.48934128593750004 0.9139821484375 0.4587926171875 0.9133167125 0.45545880624999996 0.897556978125 0.44996521562499997 0.8549295906250001 0.4430157078125
0 0.5403816390625 0.2950614609375 0.538026271875 0.2740783890625 0.5305858671875 0.2643505265625 0.26999368281249997 0.31325061875000004 0.2287900515625 0.3226168484375 0.226533809375 0.32508729999999997 0.27302421093749996 0.4569921375 0.283565821875 0.4730741765625 0.3955364421875 0.44634611562500004 0.43461691875 0.44011710312499996 0.5469403578125 0.4105652703125 0.565661971875 0.4079408671875 0.5769896234375 0.40041265781249996 0.5752130484375 0.3869206921875 0.5403816390625 0.2950614609375
0 0.32875437500000004 0.0750393234375 0.31728739375 0.068095359375 0.1272209875 0.1535217375 0.055222251562500005 0.187669471875 0.047302181250000006 0.1939040296875 0.08507675 0.23622903437499998 0.1778897765625 0.32472566718749996 0.19519387187499998 0.3195909375 0.3866251125 0.21804542031250002 0.4177792796875 0.20424555312499998 0.42844149531250003 0.193383534375 0.4245417640625 0.18302878281249998 0.3919915609375 0.1439207390625 0.32875437500000004 0.0750393234375
2 0.9048732921875 0.3810179109375 0.9115491328124999 0.3639584375 0.90786289375 0.3363077421875 0.8927159124999999 0.31551849375 0.8684108765625 0.303944296875 0.847872484375 0.30205808749999996 0.82322086875 0.30711306875 0.77941441875 0.3355789328125 0.7182574296875 0.36435546875 0.7053854140625 0.382512 0.7105293734375 0.4036916671875 0.7264686359375 0.414676078125 0.7504146125 0.4152686359375 0.8299064359375 0.40947823124999994 0.850311740625 0.410697678125 0.8706706015625001 0.4070930671875 0.8875754359375 0.39995805156249997 0.9048732921875 0.3810179109375
2 0.692450990625 0.262614425 0.6975422640625 0.26516462500000004 0.72785770625 0.2563455375 0.7459603265625 0.25521138125 0.76693818125 0.25011652500000003 0.7873372468750001 0.23753056093749997 0.79848536875 0.22451153281249997 0.8063527531249999 0.199647509375 0.7970428890625 0.16677956562500001 0.7916389953125 0.158071784375 0.774149128125 0.143910284375 0.7407262375 0.132569784375 0.7233756984374999 0.13288045625 0.7031499250000001 0.13715182812499999 0.6749638796874999 0.1566391109375 0.6598418625 0.1910715046875 0.632720515625 0.215892884375 0.6207801093749999 0.2387167484375 0.6259705109375 0.264720475 0.6356671578124999 0.2719778828125 0.6443857484375 0.2697438984375 0.663819240625 0.27527736406250003 0.68643434375 0.26920230156249997 0.692450990625 0.262614425
4 0.718690653125 0.3435689921875 0.7170471640625 0.3307437890625 0.7092075 0.319015640625 0.6977405171875 0.3120716765625 0.6823800453125 0.3085783703125 0.6645436 0.311046053125 0.607453390625 0.3280573375 0.5882923140625 0.3376628078125 0.5739161359375 0.35746630625 0.5727245921875 0.3652708578125 0.5797317734375 0.395785196875 0.5849096921875 0.39417810000000003 0.6135074796875 0.4043019265625 0.6384252703125 0.40058046718749996 0.7063509859375 0.36439257187499996 0.7125007171875 0.35847145937499997 0.718690653125 0.3435689921875
4 0.5983070890625 0.16745016875000002 0.6032125953125 0.15070414062499998 0.599353065625 0.13136803749999998 0.5784958171875 0.10951883437500001 0.5500311140624999 0.10006177187500001 0.5344509109375 0.10005900000000001 0.5152433921874999 0.10484041250000001 0.501393321875 0.11350555 0.48914029843750007 0.1301718328125 0.46376156718750006 0.191271940625 0.4682400890625 0.20911779843749997 0.47541431875000006 0.2175121359375 0.48865163593750005 0.22414265625000002 0.5064014375 0.22583227031250003 0.5195458687500001 0.22281467500000002 0.5516718468749999 0.20470079062500002 0.5879110468750001 0.17964571406250002 0.5983070890625 0.16745016875000002
1 0.1130553140625 0.5797483234375 0.1060267046875 0.6017025359375 0.308221403125 0.629716165625 0.318679475 0.60093431875 0.1130553140625 0.5797483234375
1 0.301004425 0.5465520203125 0.09381598906250001 0.5572536921875 0.0914548140625 0.5775731484375 0.2958749234375 0.5647929171875 0.3037687390625 0.5651072953125 0.301004425 0.5465520203125
1 0.3071081046875 0.5416628140624999 0.305521028125 0.525460903125 0.09220539062500001 0.5315170234375 0.0942203375 0.5542564999999999 0.3071081046875 0.5416628140624999
1 0.32480818125 0.5230435640625 0.32246758125 0.5031996765625 0.11119882343750001 0.5115766859375 0.1128482515625 0.529702540625 0.32480818125 0.5230435640625
0 0.5424418531249999 0.716086725 0.5643147125 0.7197641484374999 0.7882387421875 0.7212541031249999 0.7941349703125 0.59955846875 0.5740206359375 0.59930826875 0.56146209375 0.598397034375 0.5424418531249999 0.716086725
0 0.738488871875 0.58293681875 0.7246485453125 0.4349515078125 0.4434842625 0.43903240468750004 0.43268755312499996 0.5988629249999999 0.738488871875 0.58293681875
0 0.44394478125000003 0.639792865625 0.1875384625 0.63272163125 0.1530947453125 0.7812397453125 0.41375973125 0.7864648703125 0.4120447546875 0.781463359375 0.44394478125000003 0.639792865625
3 0.35509793749999996 0.7970672249999999 0.3212585921875 0.795137115625 0.29709924062500004 0.8186546859374999 0.38330374843750004 0.8511686203125001 0.290316040625 0.824891603125 0.2741684 0.8572986140625 0.32530809375 0.8795849359375 0.34142904218750003 0.8675355250000001 0.37258368750000004 0.8607720625 0.4844593921875 0.8971545109375001 0.37160953750000003 0.8376867750000001 0.38069110781250004 0.8110407343749999 0.35509793749999996 0.7970672249999999