2 0.33393501875 0.218009478125 0.3799638984375 0.2396750171875 0.40342960312500004 0.2383209203125 0.41606498125 0.2329045359375 0.42689530624999994 0.22410291093749998 0.4314079421875 0.215978334375 0.42870036093749997 0.1976980359375 0.37725631718749997 0.1367637109375 0.36462093906250004 0.11171293125 0.3420577625 0.095463778125 0.316787003125 0.0907244421875 0.295126353125 0.093432634375 0.2788808671875 0.09952606562500001 0.25541516249999996 0.11645226875 0.2400722015625 0.1428571421875 0.239169675 0.1597833453125 0.2436823109375 0.1760324984375 0.2590252703125 0.19295869999999998 0.27346570468750003 0.2010832765625 0.292418771875 0.20446851718749998 0.33393501875 0.218009478125
2 0.5712996390625 0.2579553140625 0.5911552343750001 0.2538930265625 0.618231046875 0.23899796874999998 0.634476534375 0.21665538281250002 0.6353790609375001 0.200406228125 0.6299638984375 0.1848341234375 0.5956678703125 0.154366959375 0.550541515625 0.1056194984375 0.52978339375 0.09884901874999999 0.5027075812499999 0.102234259375 0.48465703906249996 0.11103588281250001 0.46931407968750005 0.132701421875 0.47021660625 0.15639810468749998 0.5090252703125 0.215978334375 0.5171480140625 0.2396750171875 0.5288808671874999 0.24847664218749999 0.5469314078124999 0.25592417031250003 0.5712996390625 0.2579553140625
2 0.188628159375 0.5064319562499999 0.20938628124999997 0.5084631015625 0.26895306875 0.377115775 0.20848375468749997 0.3527420453125 0.19584837500000002 0.3507109 0.191335740625 0.3534190921875 0.12184115468750001 0.44414353437500004 0.0956678703125 0.470548409375 0.0956678703125 0.47393365000000004 0.110108303125 0.4820582265625 0.150722021875 0.4962762359375 0.188628159375 0.5064319562499999
0 0.7436823109375 0.7230873390625 0.7463898921875 0.7210561953125 0.7265342953125 0.5836154359375 0.7193140796875 0.5660121874999999 0.6037906140625 0.5727826671875 0.564079421875 0.57210561875 0.4476534296875 0.5815842921875001 0.42870036093749997 0.58090724375 0.41606498125 0.5863236296875 0.4151624546875 0.599864590625 0.4314079421875 0.696005415625 0.42960288750000003 0.71699390625 0.43501804999999993 0.727826675 0.7012635375 0.7251184828125 0.7436823109375 0.7230873390625
0 0.8880866421875 0.8855788765625 0.8971119140624999 0.8808395390625 0.868231046875 0.8327691265625001 0.7942238265625 0.7298578203125 0.7761732859375 0.7318889640624999 0.56768953125 0.798239675 0.534296028125 0.8063642515625 0.5216606500000001 0.8151658765625 0.5234657046875 0.8259986453125 0.547833934375 0.8700067703125001 0.596570396875 0.9485443468750001 0.6064981953124999 0.9573459718749999 0.8104693140625001 0.9065673656250001 0.8880866421875 0.8855788765625
2 0.20397111875 0.6147596484375 0.26985559531250003 0.5971563984375 0.2861010828125 0.5815842921875001 0.28519855625 0.5599187546875 0.27166065 0.5463777921874999 0.2481949453125 0.5416384562500001 0.1687725625 0.5335138796875001 0.1489169671875 0.52877454375 0.1281588453125 0.52877454375 0.110108303125 0.53283683125 0.08935018125000001 0.5484089375 0.0794223828125 0.5639810421875 0.077617328125 0.5917400140625 0.088447653125 0.6147596484375 0.110108303125 0.630331753125 0.1299638984375 0.6357481375 0.1552346578125 0.635071090625 0.20397111875 0.6147596484375
2 0.2400722015625 0.82261340625 0.27166065 0.8083953953125 0.2933213 0.7772511843750001 0.324909746875 0.757616790625 0.341155234375 0.7373053484375001 0.341155234375 0.7109004734375 0.333032490625 0.7020988484374999 0.3240072203125 0.702775896875 0.305956678125 0.6939742718749999 0.28249097500000003 0.696005415625 0.2752707578125 0.7014218015625 0.2707581234375 0.6980365609375 0.239169675 0.7014218015625 0.2211191328125 0.6993906562500001 0.199458484375 0.7007447531250001 0.17689530625 0.709546378125 0.1633574 0.720379146875 0.150722021875 0.74339878125 0.153429603125 0.7772511843750001 0.1570397109375 0.7867298578125 0.17148014375 0.803656059375 0.202166065625 0.8205822609375 0.2193140796875 0.823290453125 0.2400722015625 0.82261340625
4 0.3718411546875 0.6519972921875 0.392599278125 0.645903859375 0.41064981874999995 0.6289776578125 0.41335740000000004 0.6215301281250001 0.4124548734375 0.5903859171875 0.4070397109375 0.591062965625 0.3808664265625 0.5761679078124999 0.3555956671875 0.575490859375 0.281588446875 0.5991875421875 0.27436823125 0.603926878125 0.2653429609375 0.617467840625 0.26444043281249996 0.630331753125 0.26985559531250003 0.6431956671875 0.27978339375 0.6519972921875 0.2942238265625 0.658090725 0.31227436875 0.658767771875 0.3718411546875 0.6519972921875
4 0.4341155234375 0.8808395390625 0.449458484375 0.8666215296875001 0.48646209375 0.8111035890625 0.48555956718750004 0.792823290625 0.48014440468749997 0.7833446171875 0.468411553125 0.7745429921875 0.45126353750000003 0.7698036562499999 0.43772563125 0.7704807046875 0.4025270765625 0.78266756875 0.3619133578125 0.8009478671875 0.349277978125 0.8111035890625 0.341155234375 0.82667569375 0.341155234375 0.8463100875 0.357400721875 0.8713608671875 0.3835740078125 0.8855788765625 0.3989169671875 0.8882870687500001 0.41877256249999995 0.8869329718750001 0.4341155234375 0.8808395390625
1 0.7258241609375 0.4081016453125 0.709867328125 0.4345138796875 0.90820306875 0.4909986453125 0.9194404328125 0.47068720312499995 0.7258241609375 0.4081016453125
1 0.716583934375 0.49091943125000004 0.9227283390625001 0.5164014890625 0.9290478343749999 0.4968828703125 0.7252211187500001 0.47392010781250005 0.717509025 0.47224102968750004 0.716583934375 0.49091943125000004
1 0.9192554156250001 0.5419228171875 0.921740975 0.51927081875 0.7096119140625 0.49465470624999996 0.7079900718750001 0.5108205828125 0.9192554156250001 0.5419228171875
1 0.8966308671875 0.5581814484375001 0.8985694953125 0.5401178062499999 0.6885207578125 0.5098422484375 0.686925090625 0.5297109 0.8966308671875 0.5581814484375001
0 0.2710929609375 0.234970209375 0.2413646203125 0.3533012859375 0.45808574062499996 0.39176912656249996 0.47027436875 0.3948436015625 0.5121398921875 0.2827203796875 0.4913222015625 0.2753155046875 0.2710929609375 0.234970209375
0 0.5551335734375 0.5716296546875 0.597184115625 0.41674813750000006 0.2928980140625 0.3792660796875 0.277438628125 0.5268083953125 0.5551335734375 0.5716296546875
0 0.5941435015625001 0.37465064375 0.8452644406250001 0.42611035937499997 0.9083790609375001 0.28642992500000003 0.6527012640625001 0.23604129999999998 0.6534070390625 0.2412444140625 0.5941435015625001 0.37465064375
3 0.7739169671874999 0.224728503125 0.6954133578125 0.177870684375 0.7818231046874999 0.21978943750000002 0.8040956671874999 0.19080975 0.75811371875 0.1600717671875 0.7398691328125 0.169090046875 0.707858303125 0.1703134734375 0.604833934375 0.11520379218750001 0.7042797828125 0.1931239 0.690098375 0.2176804328125 0.71255595625 0.23582938437499998 0.7455018046874999 0.24359851093749998 0.7739169671874999 0.224728503125