2 0.49377158125 0.8598465015625001 0.5263757906250001 0.8614426312499999 0.546149571875 0.8572407765625 0.561293225 0.8493282093750001 0.57090435625 0.8377731468749999 0.5733751609375 0.8294649656249999 0.5717636765624999 0.8052225390625001 0.5918612796875 0.7191052984375 0.5905058578125 0.7036417140625 0.583893675 0.6939897703125 0.5719656390625001 0.688123575 0.5546823562500001 0.6846925421875001 0.5393417328125001 0.6858521546875 0.5250019859374999 0.690320028125 0.45260517968749997 0.7817441796875 0.43585371874999995 0.796546125 0.43165692343749995 0.8076919124999999 0.4328941640625 0.8191037250000001 0.4488847921875 0.8402288625000001 0.469131303125 0.8522341015625001 0.49377158125 0.8598465015625001
2 0.31932859375 0.646310025 0.3421604171875 0.6229270484375 0.34816199062500003 0.6116448343750001 0.33788115625000004 0.600239853125 0.24759545 0.5434468906250001 0.21245767187500003 0.51700125625 0.1955880296875 0.5277514296875 0.155906259375 0.562559871875 0.1286412765625 0.5889850937500001 0.1269743796875 0.593848584375 0.2935532375 0.6617940921875001 0.302537740625 0.6597613796874999 0.31932859375 0.646310025
2 0 0.48703977187499997 0.0360546890625 0.4843143671875 0.07301326875 0.48016706875 0.08633244375 0.4717156328125 0.09400091875 0.455569925 0.089544384375 0.42680506874999996 0.0839133796875 0.41978609375 0.075673690625 0.4163482328125 0 0.41471124687499994 0 0.48703977187499997
2 0 0.3237146734375 0.0104542453125 0.3197605671875 0.030795568750000002 0.30401047812500004 0.096236671875 0.2841744734375 0.1014737359375 0.277687540625 0.112184228125 0.27281721875 0.12305229843750001 0.2733492609375 0.13256126875000002 0.2272859171875 0.1147855578125 0.20697249687500002 0.0903225546875 0.2054377546875 0.05565750625 0.19519921093749998 0.0131664046875 0.1957040109375 0 0.1943725578125 0 0.3237146734375
1 0.37412092812500003 0.3234027828125 0.3774350296875 0.3130005 0.373687590625 0.30854628125 0.355541315625 0.3065340515625 0.3511475484375 0.3109268875 0.26476554375 0.41897423125 0.2587048765625 0.42823055937500004 0.25976484375000003 0.43356471250000006 0.2735173546875 0.43996977499999995 0.2859932328125 0.43361243906249997 0.37412092812500003 0.3234027828125
1 0.6264107765625 0.41532462187499997 0.7602451875 0.29083140625000004 0.761009696875 0.2860361265625 0.753554215625 0.27847827812500003 0.7408616703125 0.277407365625 0.7283463984375 0.28241411250000004 0.5981215468750001 0.406634478125 0.593826265625 0.4144037890625 0.595768925 0.4189944328125 0.6040874031250001 0.4251334765625 0.6131703890625 0.426477240625 0.6264107765625 0.41532462187499997
1 0.85414544375 0.22349959843749997 0.8574398484374999 0.212422021875 0.8537908968749999 0.21134427968749997 0.8347816234375 0.21075085312500003 0.8249538218750001 0.21487766718749998 0.8106571468749999 0.2518279359375 0.800242109375 0.2668276890625 0.7508777734375001 0.3727536234375 0.7495654218750001 0.38977243437500003 0.7713803484375 0.3935377 0.779363975 0.388196721875 0.85414544375 0.22349959843749997
1 0.9845517359375 0.640445165625 0.8580391609375001 0.6360437421875 0.8328510390625 0.6406548703125 0.8333631640625001 0.658212553125 0.85423630625 0.660695440625 0.9840446109375 0.662233334375 0.9845517359375 0.640445165625
4 0.6405041781249999 0.6504570390625 0.6610818640625 0.6428104953125 0.6770097234375 0.6307779453125 0.6857184640625 0.6192910953124999 0.6881104812500001 0.60828173125 0.685206340625 0.6017334125 0.652480275 0.564953709375 0.620814175 0.53350815625 0.5887775046875 0.52036379375 0.5619815765625 0.5318643 0.5362850078125 0.550049553125 0.5170627453125001 0.573159678125 0.518221196875 0.58187030625 0.5763520515625 0.6214671328125 0.6287534140625 0.6506685046875 0.6405041781249999 0.6504570390625
4 0.626169421875 0.5310729953125 0.65418289375 0.530309003125 0.6667769515625 0.5280034375 0.6873152453125 0.5190063046875 0.7049100046875 0.502110259375 0.7116563890625 0.4853574703125 0.7111996796875 0.438693871875 0.7033108640625 0.4162795234375 0.6849085234375 0.405488453125 0.6730986718749999 0.4036740328125 0.649636540625 0.40544755468749993 0.6370818765624999 0.40910370937499996 0.5859054078125 0.452902459375 0.57458798125 0.467970425 0.570489671875 0.4824926921875 0.5718057015625 0.49660568281249995 0.58685454375 0.5164484453125 0.61343748125 0.5286514921875 0.626169421875 0.5310729953125
0 0.5734171859375 0.5208481093749999 0.5840882828125 0.514627196875 0.5776139796875001 0.5097023203125 0.5708836140625 0.4959986015625 0.5695478890625 0.48121031406250003 0.574489496875 0.464593946875 0.58849439375 0.44864604999999996 0.59265179375 0.43614966875 0.533260325 0.353333934375 0.5221755890625001 0.3453736421875 0.510503615625 0.3482862890625 0.370325428125 0.41031808906249995 0.33183782812499996 0.4240559484375 0.26665278593749997 0.45267079218750006 0.2506264421875 0.46132686562499997 0.25455115156249997 0.47185874375000003 0.3377235796875 0.5948374875 0.362931396875 0.5909016546875 0.5734171859375 0.5208481093749999
0 0.44349042031249997 0.345230459375 0.4651083765625 0.34224277187499996 0.78843225625 0.26501326875000003 0.8000648375000001 0.2607500296875 0.8034577265625 0.25304893125 0.763671434375 0.067233565625 0.75886403125 0.05744519687500001 0.7399729390625 0.06090354375 0.3939354203125 0.16556779531250002 0.3805374546875 0.1713180484375 0.3828149640625 0.18738871562499998 0.40481451718750006 0.25949525 0.4360152421875 0.3369973171875 0.44349042031249997 0.345230459375
0 0.3129160125 0.3334435875 0.358079878125 0.2075316390625 0.3610788265625 0.18632463125 0.3963594765625 0.0936454140625 0.4002411171875 0.071694896875 0.3811727546875 0.06907558593749999 0.2453970015625 0.033994434375 0.185346859375 0.0216140625 0.17620845624999998 0.0493762171875 0.131465584375 0.251732978125 0.1260352265625 0.282598759375 0.128017278125 0.28853999375 0.2038019828125 0.31326666406250003 0.2967911828125 0.3387231828125 0.3129160125 0.3334435875
0 0.423721359375 0.7216633671875 0.4418085453125 0.7216497109375 0.577238421875 0.651855428125 0.5793546765625 0.6313919265625 0.5738418546874999 0.628424725 0.567190275 0.6174221890625 0.5146116390625 0.58214315625 0.5134728828124999 0.5741078234375 0.522161928125 0.5619456781250001 0.5201010890625 0.5533032609374999 0.501836628125 0.5472392578124999 0.49114583125 0.5527848750000001 0.49138219687499995 0.5608884203125 0.48065200781249995 0.565083446875 0.47064693281250003 0.5631326015625 0.45636627812499997 0.5696263625 0.40744394375 0.59768868125 0.37294014999999997 0.6239843046875 0.35240185625 0.6329814390624999 0.34532061875000003 0.63825420625 0.344930353125 0.6558801015625 0.354348190625 0.6687038859375 0.417306146875 0.7187643765625 0.423721359375 0.7216633671875
3 0.7595974484375 0.612168190625 0.7529298640625 0.622258846875 0.7539534437500001 0.6324537078125 0.7651680453124999 0.643532959375 0.7907699359375 0.6560531296875001 0.8143431937500001 0.6530976625 0.822667715625 0.638638990625 0.7682537234375 0.58362763125 0.759023921875 0.5879474703125 0.7664272515625 0.584477671875 0.7662806468750001 0.5794514484375 0.773179646875 0.5845499640625 0.809598940625 0.6190573625 0.8363668125 0.639926190625 0.8536557437500001 0.6375357734375 0.866478225 0.622411565625 0.8547361812500001 0.5976212796875 0.8283927296875 0.5860322484375 0.802948290625 0.589328134375 0.7922686 0.585425678125 0.787960846875 0.5792798921875 0.7815853749999999 0.5791696328125 0.7683867421875 0.5684684343749999 0.7017529 0.507043084375 0.6905943406249999 0.51732568125 0.757515346875 0.5889372625 0.7589665921875001 0.5943846390624999 0.7651024921875 0.60507084375 0.7595974484375 0.612168190625
2 0.7374758640625 0.8434550484375001 0.7663326328125 0.84059695625 0.77792581875 0.834983128125 0.7893220328125 0.82261634375 0.807595159375 0.7359602296875 0.8200870578125 0.699146384375 0.8197325093750001 0.686991065625 0.8084114078125 0.6709272281249999 0.7762762546875 0.6544063875 0.7428090515625 0.6542290640624999 0.723015571875 0.6577556234374999 0.6989268125 0.6690514921874999 0.690158978125 0.6785124578125 0.68680548125 0.6875641484374999 0.690556596875 0.723150171875 0.6860753734375 0.8175619390625 0.69453173125 0.8284280515625 0.7083433343750001 0.836859003125 0.7374758640625 0.8434550484375001
0 0.8705040078125 0.53629099375 0.98753154375 0.455705640625 0.9830997 0.3037641625 0.932542509375 0.27577695625 0.919830265625 0.274030746875 0.7273245109375 0.43341427499999996 0.7141629109375 0.44726807500000004 0.7153804546875 0.458004590625 0.8560460765625001 0.5367070968750001 0.8624415921875 0.5389307921875 0.8705040078125 0.53629099375