0 0.6380866421875 0.1692620171875 0.4837545125 0.075829384375 0.4620938625 0.0656736625 0.311371840625 0.23222748750000002 0.2879061375 0.2593094109375 0.2888086640625 0.2647257953125 0.446750903125 0.35748138125 0.454873646875 0.3581584296875 0.6362815890625 0.176709546875 0.6380866421875 0.1692620171875
3 0.27346570468750003 0.2200406234375 0.2888086640625 0.2207176703125 0.3023465703125 0.21733243125 0.31768953125 0.20920785312499998 0.325812275 0.203114421875 0.330324909375 0.194312796875 0.330324909375 0.180771834375 0.325812275 0.1706161140625 0.3185920578125 0.16519972968750002 0.30685920625 0.1638456328125 0.3023465703125 0.15639810468749998 0.304151625 0.14014895 0.2987364625 0.132701421875 0.2806859203125 0.12593094062500002 0.26444043281249996 0.12593094062500002 0.2427797828125 0.1340555171875 0.2247292421875 0.154366959375 0.2247292421875 0.17738659375000002 0.2193140796875 0.185511171875 0.18501805 0.20920785312499998 0.10740072187500001 0.2518618828125 0.1064981953125 0.25660121875 0.1227436828125 0.2586323625 0.166967509375 0.2410291125 0.204873646875 0.22139471875 0.2572202171875 0.2153012859375 0.27346570468750003 0.2200406234375
1 0.683212996875 0.0961408265625 0.6651624546875 0.095463778125 0.6588447656249999 0.10088016250000001 0.6173285203125001 0.2755585640625 0.6164259921874999 0.2877454296875 0.6407942234374999 0.29180771875 0.645306859375 0.290453621875 0.69314079375 0.10629654687500001 0.6922382671875 0.1002031140625 0.683212996875 0.0961408265625
1 0.8889891703125 0.2985781984375 0.8880866421875 0.3026404875 0.8925992781250001 0.303994584375 0.927797834375 0.2965470546875 0.9990974734375 0.194312796875 0.9990974734375 0.132701421875 0.8889891703125 0.2985781984375
1 0.6624548734375 0.332430603125 0.6579422375 0.32227488125 0.650722021875 0.3215978328125 0.438628159375 0.3642518625 0.43501804999999993 0.3669600546875 0.43501804999999993 0.3730534875 0.44314079375000004 0.38591739999999997 0.661552346875 0.345294515625 0.664259928125 0.341909275 0.6624548734375 0.332430603125
1 0.44494584843749996 0.5815842921875001 0.444043321875 0.570074475 0.3691335734375 0.43331076562500004 0.3583032484375 0.42518618750000003 0.33393501875 0.4312796203125 0.3321299640625 0.4346648609375 0.3375451265625 0.43737305312499997 0.34747292343749997 0.45429925468750004 0.419675090625 0.5842924843749999 0.4232851984375 0.5863236296875 0.44494584843749996 0.5815842921875001
2 0 0.5599187546875 0.027978339062500003 0.5599187546875 0.045126353125000004 0.5545023703124999 0.0794223828125 0.5314827359375001 0.148014440625 0.501015571875 0.161552346875 0.49763033125 0.17689530625 0.4820582265625 0.17689530625 0.45836154375 0.169675090625 0.44685172656249994 0.1543321296875 0.4366960046875 0.11281588437500001 0.43331076562500004 0.034296028125 0.43331076562500004 0.0054151625 0.42721733281249996 0 0.42721733281249996 0 0.5599187546875
2 0.2111913359375 0.371699390625 0.22021660625 0.37576167968749996 0.22563176875000002 0.35883547656250003 0.2400722015625 0.3358158421875 0.25180505468750003 0.32701421875 0.2806859203125 0.3175355453125 0.2770758125 0.2985781984375 0.2626353796875 0.27826675624999997 0.2463898921875 0.26743398749999997 0.2193140796875 0.2613405546875 0.174187725 0.2626946515625 0.08754512656249999 0.25660121875 0.0685920578125 0.2579553140625 0.047833934375 0.264048746875 0.037003609375 0.2714962765625 0.0252707578125 0.2938388625 0.02436823125 0.3067027765625 0.027978339062500003 0.31821259375 0.039711190625 0.334461746875 0.0604693140625 0.347325659375 0.20036101093749997 0.371699390625 0.2111913359375 0.371699390625
2 0.41064981874999995 0.82667569375 0.44314079375000004 0.803656059375 0.48285198593749995 0.7677725125 0.49368231093750004 0.75423155 0.49368231093750004 0.7501692624999999 0.468411553125 0.740013540625 0.3998194953125 0.6912660796875 0.322202165625 0.6411645234375001 0.31498195 0.6418415703125 0.29151624531250003 0.6553825328125 0.25 0.6885578875 0.25 0.696005415625 0.2599277984375 0.7075152328125001 0.3483754515625 0.7941773859375 0.37725631718749997 0.8185511171875 0.3880866421875 0.836831415625 0.41064981874999995 0.82667569375
2 0.6308664265624999 0.9052132703125 0.6525270765625 0.8977657406249999 0.6705776171875 0.8849018281250001 0.6850180499999999 0.8625592421875 0.685920578125 0.8375084625 0.6687725625 0.805687203125 0.6516245484375001 0.73459715625 0.6380866421875 0.7176709546875 0.6254512640625001 0.7122545703125 0.6028880859375 0.70819228125 0.5875451265625 0.7102234265625 0.5685920578125 0.7210561953125 0.5550541515625 0.7393364921875001 0.5306859203125 0.7901150984374999 0.5108303249999999 0.8063642515625 0.5 0.828029790625 0.5009025265625 0.851049425 0.5072202171875 0.865267434375 0.532490975 0.8896411640625 0.561371840625 0.902505078125 0.5875451265625 0.9072444140625 0.6308664265624999 0.9052132703125
2 0.8907942234374999 0.920785375 0.9178700359375 0.924170615625 0.9648014437500001 0.9214624234375 0.9819494578124999 0.9167230875 0.9990974734375 0.9079214625 0.9990974734375 0.79620853125 0.9936823109375 0.784021665625 0.957581228125 0.7718347999999999 0.9268953062499999 0.74339878125 0.898014440625 0.727826675 0.8691335734375001 0.7237643874999999 0.846570396875 0.7264725796875 0.8339350187499999 0.735951253125 0.8212996390624999 0.7549085984375 0.8167870031250001 0.7765741375 0.819494584375 0.82261340625 0.81498195 0.8375084625 0.81498195 0.8564658093749999 0.824909746875 0.8808395390625 0.8510830328125 0.904536221875 0.8907942234374999 0.920785375
4 0.7265342953125 0.7494922140625 0.7572202171875 0.7481381171875 0.7752707578125 0.740013540625 0.7833935015625 0.7325660125 0.7915162453125 0.71699390625 0.79061371875 0.6770480703125 0.784296028125 0.6445497625 0.7662454875 0.6242383203124999 0.7509025265625 0.617467840625 0.7310469312500001 0.6134055515625 0.702166065625 0.6147596484375 0.6768953062499999 0.62491536875 0.66606498125 0.6343940421875 0.6597472921875001 0.645903859375 0.6588447656249999 0.6607989171875001 0.6651624546875 0.6844955984375 0.680505415625 0.7237643874999999 0.688628159375 0.7339201078124999 0.7084837546875 0.7461069734375 0.7265342953125 0.7494922140625
0 0.9990974734375 0.587677725 0.9990974734375 0.5314827359375001 0.946750903125 0.3019634390625 0.9431407937499999 0.2999322953125 0.9232851984374999 0.30060934375000004 0.7274368234375 0.32701421875 0.69314079375 0.336492890625 0.695848375 0.3622207171875 0.7518050546875 0.6079891671875 0.7572202171875 0.6147596484375 0.7734657046875 0.622884225 0.7788808671874999 0.622884225 0.9990974734375 0.587677725
0 0.47251541093749994 0.43315869687499997 0.4121290609375 0.5092444140625 0.4461805046875 0.573429925 0.44559296093749995 0.5813568046875 0.425632671875 0.5875226812500001 0.4174133578125 0.58444008125 0.3933429609375 0.53731618125 0.33991877187499997 0.6108469875 0.545396209375 0.70289235 0.6604638984375 0.5650440078125001 0.5037138984375 0.581779959375 0.5013655234375001 0.5778165203125 0.49314620937500003 0.579577521875 0.48786281562499995 0.5659248484375 0.501952165625 0.5628422484375 0.47251541093749994 0.43315869687499997
0 0.7012635375 0.5585646578125 0.7319494578125 0.5545023703124999 0.7355595671875 0.551794178125 0.7328519859375 0.527420446875 0.696750903125 0.3764387265625 0.5685920578125 0.38862559218750004 0.50812274375 0.3987813140625 0.4819494578125 0.3987813140625 0.47021660625 0.404874746875 0.47743682343750005 0.45429925468750004 0.49819494531249997 0.5321597828125 0.5009025265625 0.5599187546875 0.5090252703125 0.5781990515625 0.6498194953125 0.5619498984375 0.7012635375 0.5585646578125
0 0.41129241875 0.50422545625 0.4335252703125 0.478652675 0.3801678703125 0.44807650624999995 0.3734981953125 0.434178740625 0.3594178703125 0.4236161140625 0.3431146203125 0.4286194984375 0.3305162453125 0.4252836828125 0.3238465703125 0.42695125312500004 0.29716787031249997 0.43195463749999996 0.2749359203125 0.4275077859375 0.2534449453125 0.418056871875 0.117088446875 0.581498984375 0.2690081234375 0.655870684375 0.38906046875 0.53023155 0.42166787031249997 0.5891597828124999 0.4498285203125 0.5813771156249999 0.41129241875 0.50422545625
4 0.32942238281249997 0.42721733281249996 0.343862815625 0.4211239 0.3808664265625 0.400135409375 0.3880866421875 0.3940419765625 0.3962093859375 0.3777928234375 0.3962093859375 0.3676371015625 0.39079422343750003 0.3568043328125 0.37725631718749997 0.345294515625 0.325812275 0.323628978125 0.2987364625 0.31821259375 0.2707581234375 0.3209207859375 0.2545126359375 0.327691265625 0.23465703906250002 0.3446174671875 0.22563176875000002 0.3642518625 0.2274368234375 0.387271496875 0.2427797828125 0.40893703437499995 0.2590252703125 0.419769803125 0.28249097500000003 0.42789438124999996 0.2987364625 0.429925525 0.32942238281249997 0.42721733281249996