2 0.8340197890625 0.08925637656249999 0.8183546890625 0.0953606921875 0.8117330484374999 0.10098438437499999 0.7671519906250001 0.2798907828125 0.76712016875 0.287394625 0.77102053125 0.2896204671875 0.8395295765625 0.3074045703125 0.8945913453125 0.3269171453125 0.8987593468749999 0.323654221875 0.9025025 0.3245366796875 0.9114374265625 0.2920256125 0.9231085921875 0.2673443890625 0.9279709796875 0.21558471875000002 0.9418150765625001 0.13948951874999999 0.945277521875 0.0913187734375 0.9299118828124999 0.0844304765625 0.8976702375000001 0.0810749578125 0.8340197890625 0.08925637656249999
2 0.56785915 0.1009685296875 0.5654055109375 0.1033293 0.51894549375 0.1106647078125 0.488008325 0.1262317953125 0.485522865625 0.13609640781250001 0.48981625781250004 0.141680709375 0.500385046875 0.14645839375 0.51114286875 0.14507561875 0.5373617953125 0.1280696109375 0.5526806484375 0.12678237187500002 0.6277439031250001 0.231675659375 0.6329337828125 0.237144728125 0.6401056625 0.23622287968750003 0.644273665625 0.2329599546875 0.646759125 0.22309534531250003 0.6570958859375 0.1481327609375 0.665920384375 0.12245384374999999 0.6733599046875 0.11604322812500001 0.6724166359375 0.1079829265625 0.659740453125 0.1007489359375 0.629213171875 0.096491265625 0.56785915 0.1009685296875
2 0.40817056875 0.2060370328125 0.42296910781249997 0.2314067046875 0.43349111249999994 0.22800885312500002 0.457477253125 0.19969931406250002 0.4910103078125 0.167435465625 0.499692559375 0.1560925421875 0.49598122812499995 0.14770624062499998 0.4873626203125 0.1440414796875 0.405183546875 0.1805127390625 0.40817056875 0.2060370328125
2 0.1979793546875 0.33055109531250004 0.201675721875 0.32325801875 0.188404409375 0.26428405625 0.16462795 0.18552472656250002 0.161294684375 0.16481750781249999 0.16393735625 0.15629627968749998 0.1547685078125 0.14792967343750002 0.1427211703125 0.146069221875 0.0779384203125 0.15235079375 0.034639492187499996 0.1633706609375 0.006738021875 0.1737749796875 0.0020545406249999998 0.176566746875 0.0023758046875 0.20417610156250002 0.006028675 0.20659234999999998 0.103187740625 0.3447806828125 0.10592398125 0.352610521875 0.1149356171875 0.3596337453125 0.18162176562500001 0.346289559375 0.1979793546875 0.33055109531250004
2 0.00452320625 0.3887233484375 0.0054442609375 0.46787869375 0.01936911875 0.46055098125000005 0.0381803453125 0.4424517484375 0.043276653124999995 0.4315697515625 0.042490595312500004 0.42485283125000006 0.0203311421875 0.40656546875000005 0.00452320625 0.3887233484375
1 0.41693880625 0.36649556250000004 0.3994807359375 0.3728303375 0.3938341875 0.3790104921875 0.393959578125 0.38785771874999997 0.44248569218749995 0.5847954359374999 0.4483830234375 0.5963097359375 0.45407635781250005 0.598305115625 0.47730636562499995 0.5946374109375 0.48595679531249997 0.59079833125 0.4889924953125 0.5856355625 0.4799359703125 0.5315742109375 0.44672681406250003 0.3722118484375 0.435104328125 0.3662060125 0.41693880625 0.36649556250000004
1 0.04023526875 0.5533203078125 0.037167748437499995 0.5659869171875 0.042089987499999995 0.57694475625 0.0486798046875 0.5788249046875 0.190056828125 0.5661071343749999 0.258189703125 0.5573495609375 0.291831290625 0.5571161546875001 0.349363553125 0.551084740625 0.352713678125 0.5486087390625001 0.35570259375 0.5352704359375 0.351708659375 0.5166935265625 0.3451188421875 0.5148133765625 0.0461176359375 0.549155228125 0.04023526875 0.5533203078125
4 0.2817922921875 0.33136858281250003 0.1826754625 0.3475177109375 0.11076761406249999 0.36289666875000004 0.08988081718749999 0.37103575312500003 0.078162865625 0.3875414453125 0.07588140156249999 0.406924975 0.0781141859375 0.41822850625 0.0830364265625 0.42918634375 0.0973951515625 0.4430220203125 0.126286675 0.4488535390625 0.29570551875 0.45025805312499995 0.3098452859375 0.438895434375 0.3224915421875 0.41477067031250003 0.32403373125 0.39684575624999996 0.3187035015625 0.36685008125 0.304880053125 0.342036871875 0.2930217484375 0.334015959375 0.2817922921875 0.33136858281250003
0 0.256615890625 0.25619817500000003 0.204207965625 0.321568940625 0.2014548671875 0.33692231875 0.191090075 0.3416635546875 0.2147131125 0.3413543109375 0.26729131562499997 0.3318689 0.2909929609375 0.332231346875 0.310809203125 0.34604732656250003 0.32002483437499996 0.36258946718749996 0.32370434531250003 0.37847961093750004 0.3340373171875 0.38124221875000003 0.3426259984375 0.35354822812500003 0.33017067031249997 0.3326499375 0.3314920046875 0.3283893234375 0.379746890625 0.2819608578125 0.38581828906250004 0.27163532031250004 0.4021758765625 0.2558968578125 0.4010435765625 0.2539970125 0.330331671875 0.25626813125000003 0.2963756609375 0.25381476875 0.256615890625 0.25619817500000003
0 0.09202551875000001 0.5759805734375 0.0432222890625 0.5788446 0.0137954875 0.5839906140625 0.052155121875 0.9117762734375001 0.2058471203125 0.8954301906250001 0.21702979218750001 0.8899020312499999 0.2669598375 0.6789454921875 0.273976403125 0.6378176640625 0.289989640625 0.5880336796875001 0.287977709375 0.563065846875 0.27994116562500004 0.5565990859375 0.26177564375 0.556888634375 0.09202551875000001 0.5759805734375
0 0.5510477828125 0.12775109375 0.5221221890625001 0.1333153953125 0.333372453125 0.3317134109375 0.34122678125 0.34968639375 0.336154640625 0.3835656609375 0.3169093453125 0.4297274890625 0.28695834531250003 0.46865090625 0.252534065625 0.5044573812500001 0.3650637546875 0.3989250578125 0.371409753125 0.41103075625 0.375369921875 0.43082765 0.35247743125 0.45284545156249995 0.3082413375 0.49606562812500005 0.3307043453125 0.5054854015625 0.38002294999999997 0.4776095890625 0.4056560953125 0.45093260781250005 0.391973853125 0.3831597109375 0.39783985624999996 0.370099303125 0.42374110624999994 0.3667700421875 0.444401325 0.36780636875 0.4488453984375 0.377695253125 0.4628293734375 0.44102496406249997 0.548077346875 0.52359688125 0.5746462390625 0.5189511625 0.634097375 0.4091656125 0.6393325703125 0.3415799078125 0.66229604375 0.320168640625 0.6677983796875 0.2979457421875 0.5510477828125 0.12775109375
0 1 0.42484058124999996 0.9767267828125 0.2218873953125 0.9414813609375001 0.2514703046875 0.914536528125 0.28520406875000004 0.8993200421875001 0.3326909421875 0.8158417375000001 0.30034852500000003 0.6901521078124999 0.2703575984375 0.68767784375 0.2983653984375 0.669161540625 0.29459221874999997 0.6718573265625001 0.31762789062499996 0.656195253125 0.3171797609375 0.6418227765625 0.341794353125 0.6158179328125 0.5408095562499999 0.7227008078125 0.5484884296875 0.7968944359375 0.5506432578125 0.87405586875 0.5641073640625 0.9647472109375 0.594907659375 1 0.5809132906250001 1 0.42484058124999996
0 1 0.6527369171874999 0.919254815625 0.5998742218750001 0.9021748125 0.5938880828124999 0.8849694171875001 0.5790547140625 0.8587991718750001 0.565373659375 0.8483875953125001 0.5619393609375 0.8136923109374999 0.5609446124999999 0.7847371453124999 0.5701207796875 0.7326773625 0.591811875 0.6957792203125 0.61087235 0.68420351875 0.6130420484375 0.6314044609375 0.636191759375 0.507341365625 0.6957733421875 0.29392731250000004 0.792748034375 0.2804482140625 0.8019803453125001 0.28139148281250004 0.81004065 0.3067419546875 0.863371221875 0.3771487109375 0.9906805000000001 0.3788219296875 0.991453653125 0.5313627734375 0.9879032265625 0.8506650703125 0.9468611656249999 0.8812878156249999 0.9286073109374999 0.8962136421875 0.9239616109375 0.9026462499999999 0.9244983765624999 0.903228309375 0.9216963781249999 0.9105574046875 0.9221179125000001 0.9176188578125 0.9280282124999999 0.925058378125 0.9216175968749999 0.938316625 0.9260495859375 0.963670884375 0.9016549671874999 0.9893545312500001 0.89562649375 1 0.8863474015625 1 0.6527369171874999
3 0.23125025937500002 0.5137683671875 0.22444522031249997 0.5083385 0.1917581265625 0.5106630078125 0.14459065468750001 0.5119531875 0.1103988265625 0.5074847499999999 0.0638920234375 0.5066446250000001 0.04973729375 0.502327865625 0.037107893749999996 0.5032694109375 0.0298106234375 0.49534403437499996 0.028867353125000002 0.48728373124999996 0.0209094125 0.4814886609375 0.0115515328125 0.479282515625 0.0055764312500000005 0.479237284375 0.0060224671875 0.5175696234375 0.0082930828125 0.53697218125 0.054171040625 0.5324387703125 0.18378332656250002 0.52805115625 0.22494303906250002 0.5220788265625 0.2316432875 0.5171268265625 0.23125025937500002 0.5137683671875