0 0.648014440625 0.50236966875 0.6570397109375 0.48476641875000004 0.67148014375 0.4773188890625 0.8574007218749999 0.50236966875 0.870938628125 0.5064319562499999 0.8772563171875 0.5050778609375 0.8619133578125 0.39675016875 0.854693140625 0.299255246875 0.8510830328125 0.295192959375 0.841155234375 0.29180771875 0.7613222015625001 0.2924847671875 0.6678700359375 0.288422478125 0.6435018046875001 0.2938388625 0.6272563171875001 0.3026404875 0.6164259921874999 0.3601895734375 0.5983754515624999 0.5003385234375 0.6001805046875 0.5220040625 0.6083032484374999 0.525389303125 0.6326714796874999 0.5280974953124999 0.6389891703125 0.5280974953124999 0.6435018046875001 0.5220040625 0.648014440625 0.50236966875
2 0.5306859203125 0.1848341234375 0.5189530687499999 0.189573459375 0.5162454875 0.196343940625 0.5144404328125 0.2098849015625 0.5171480140625 0.21394719062499998 0.6335740078125001 0.26066350781250003 0.66606498125 0.2437373046875 0.694043321875 0.20853080624999998 0.69855595625 0.189573459375 0.648014440625 0.15572105625 0.532490975 0.0907244421875 0.5171480140625 0.0737982390625 0.5018050546875 0.069058903125 0.47924187656250006 0.0717670953125 0.45306859218750006 0.08869329687500001 0.43772563125 0.1056194984375 0.438628159375 0.11171293125 0.47924187656250006 0.1178063640625 0.5225631765625 0.1367637109375 0.5306859203125 0.148950575 0.5333935015625 0.1618144890625 0.5306859203125 0.1848341234375
2 0.3944043328125 0.203114421875 0.4052346578125 0.19972918125 0.42148014375000004 0.20176032500000002 0.435920578125 0.2058226140625 0.44855595625 0.21327014218749998 0.45306859218750006 0.24779959375 0.47021660625 0.2735274203125 0.48285198593749995 0.2843601890625 0.48555956718750004 0.29180771875 0.4900722015625 0.2924847671875 0.49638989218749996 0.28232904531249997 0.5063176890625 0.24779959375 0.50812274375 0.222748815625 0.5162454875 0.1888964109375 0.5234657046875 0.1848341234375 0.5306859203125 0.17129316249999998 0.52978339375 0.15098172031249998 0.5216606500000001 0.14014895 0.49819494531249997 0.12660798906249998 0.4738267140625 0.11848341250000001 0.424187725 0.11171293125 0.3962093859375 0.1123899796875 0.37635379062499996 0.1144211234375 0.3321299640625 0.12660798906249998 0.3077617328125 0.1421800953125 0.2969314078125 0.1577522 0.297833934375 0.17738659375000002 0.33935018125 0.235612728125 0.349277978125 0.26743398749999997 0.3528880859375 0.26743398749999997 0.370938628125 0.24306025781249999 0.3944043328125 0.203114421875
2 0 0.303994584375 0.0198555953125 0.3392010828125 0.0198555953125 0.3446174671875 0.031588446874999995 0.359512525 0.0388086640625 0.35883547656250003 0.0469314078125 0.3507109 0.0658844765625 0.3615436703125 0.05866425937500001 0.380501015625 0.047833934375 0.3940419765625 0.05144404375 0.40622884218750005 0.055956678125000006 0.4096140828125 0.07220216562500001 0.40893703437499995 0.17509025312499998 0.3953960734375 0.1976534296875 0.38930264062500003 0.21480144375000002 0.364928909375 0.212996390625 0.34867975625000003 0.18772563125 0.314827353125 0.093862815625 0.16316858437499998 0.0794223828125 0.1536899125 0.05685920625 0.148273528125 0.030685920312499997 0.14691943125 0.0054151625 0.1496276234375 0 0.1516587671875 0 0.303994584375
0 0 0.9993229515625 0.174187725 0.9993229515625 0.166967509375 0.9891672312500001 0.05866425937500001 0.8855788765625 0.05234657031249999 0.8761002031249999 0.0469314078125 0.8754231546875 0.0288808671875 0.8530805687499999 0.0234657046875 0.8530805687499999 0.0198555953125 0.847664184375 0.00270758125 0.838862559375 0 0.838862559375 0 0.9993229515625
0 0.55144404375 0.798239675 0.48646209375 0.98036560625 0.4819494578125 0.9993229515625 0.8989169671875 0.9993229515625 0.9133574 0.8761002031249999 0.8962093859375001 0.8686526750000001 0.558664259375 0.7921462421875 0.55144404375 0.798239675
1 0.351985559375 0.8185511171875 0.3610108296875 0.8083953953125 0.362815884375 0.7941773859375 0.295126353125 0.6973595125000001 0.28249097500000003 0.689911984375 0.26173285156250004 0.6885578875 0.2427797828125 0.69532836875 0.2301444046875 0.709546378125 0.2319494578125 0.7291807718750001 0.287003609375 0.7867298578125 0.2969314078125 0.8009478671875 0.3267148015625 0.8219363578125 0.3420577625 0.8239675015625 0.351985559375 0.8185511171875
1 0.8736462093749999 0.8043331078125 0.8646209390624999 0.798239675 0.5063176890625 0.7251184828125 0.5009025265625 0.7291807718750001 0.49187725625 0.7535545031249999 0.4945848375 0.7657413671875 0.8375451265624999 0.8348002703124999 0.8564981953125 0.8381855109374999 0.862815884375 0.836831415625 0.8727436828125 0.82464455 0.8736462093749999 0.8043331078125
4 0.9160649812500001 0.6167907921875 0.9287003609375001 0.605280975 0.9368231046875 0.5903859171875 0.9404332125 0.5748138125 0.941335740625 0.552471225 0.93772563125 0.5368991203125 0.9314079421875 0.52606635 0.914259928125 0.51523358125 0.8429602890625001 0.50236966875 0.677797834375 0.479350034375 0.6651624546875 0.48002708125 0.6570397109375 0.488151659375 0.6471119140625 0.5118483406250001 0.6389891703125 0.551794178125 0.639891696875 0.601895734375 0.6435018046875001 0.6147596484375 0.6525270765625 0.6222071765625 0.8420577625 0.6235612734375 0.9025270765625001 0.62085308125 0.9160649812500001 0.6167907921875
2 0.9648014437500001 0.4597156390625 0.9810469312500001 0.45700744687499995 0.9990974734375 0.447528775 0.9990974734375 0.1902505078125 0.97021660625 0.1990521328125 0.957581228125 0.20853080624999998 0.9503610109375 0.21936357499999998 0.9485559562500001 0.251184834375 0.8772563171875 0.4204468515625 0.8853790609375001 0.43534190937500006 0.9097472921875 0.4502369671875 0.9323104687500001 0.4576844953125 0.9648014437500001 0.4597156390625
0 0.585858303125 0.6936770484375 0.6529657046875 0.6886912656249999 0.5810983750000001 0.37260121874999996 0.44994065625 0.22434500468750002 0.4734124546875 0.6049329718750001 0.422169675 0.602909953125 0.4183611328125 0.212526203125 0.4107055375 0.21207259375 0.274838446875 0.3809851046875 0.258348375 0.6985165875 0.30411823125000004 0.7009891671874999 0.4244702171875 0.6071875421875 0.42885920625 0.6518043328124999 0.585858303125 0.6936770484375
0 0.0314034296875 0.414381178125 0.0665 0.3374861203125 0.0029350187499999998 0.3902681109375 0 0.4679959375 0.032144075 0.4143005609375 0.0314034296875 0.414381178125
0 0.20391516250000002 0.3956039265625 0.0754548734375 0.7645619499999999 0.008999096875 0.75960325 0.0671868234375 0.7674644546875 0.108585740625 0.7721387953125001 0.2495171484375 0.4127020984375 0.20469043281250002 0.39366621562500004 0.1390659328125 0.40266252031249994 0.20391516250000002 0.3956039265625