2 0.204873646875 0 0.1579422375 0.075829384375 0.1570397109375 0.0927555859375 0.1624548734375 0.10697359531249999 0.174187725 0.12254570000000001 0.20397111875 0.14691943125 0.20848375468749997 0.15030467187500002 0.2509025265625 0.1618144890625 0.2680505421875 0.1624915375 0.28519855625 0.15639810468749998 0.305956678125 0.1536899125 0.3158844765625 0.139471903125 0.343862815625 0.123899796875 0.430505415625 0.06364251875 0.46119133593750006 0.0453622203125 0.47111913281250006 0.044685171875 0.49277978281249996 0.031821259375 0.49729241875 0.031821259375 0.5 0.0291130671875 0.49909747343750005 0 0.204873646875 0
2 0.5054151625000001 0 0.5045126359375 0.028436018749999997 0.49187725625 0.0433310765625 0.47472924218749996 0.049424509374999995 0.468411553125 0.060257278125 0.467509025 0.15030467187500002 0.4720216609375 0.16452268125 0.49819494531249997 0.18212593125 0.5108303249999999 0.18618821875 0.5288808671874999 0.1882193640625 0.558664259375 0.180771834375 0.577617328125 0.1618144890625 0.6010830328125001 0.0277589703125 0.5947653421875 0.003385240625 0.5866426 0.003385240625 0.585740071875 0 0.5054151625000001 0
2 0.7283393499999999 0.447528775 0.7346570390625 0.46784021718749996 0.7481949453125 0.46784021718749996 0.8104693140625001 0.44414353437500004 0.81498195 0.43872714999999995 0.81227436875 0.42586323593750003 0.7527075812499999 0.2843601890625 0.7454873640625 0.2593094109375 0.7364620937499999 0.259986459375 0.695848375 0.2735274203125 0.6137184109375 0.306025728125 0.6191335734375001 0.324306025 0.653429603125 0.3818551109375 0.650722021875 0.38862559218750004 0.656137184375 0.396073121875 0.685920578125 0.419769803125 0.7283393499999999 0.447528775
1 0.3718411546875 0.740013540625 0.4557761734375 0.6885578875 0.49368231093750004 0.6709546375000001 0.49729241875 0.6614759640625001 0.47472924218749996 0.6431956671875 0.47021660625 0.6411645234375001 0.4620938625 0.6425186187499999 0.169675090625 0.79620853125 0.16606498125 0.7989167234375001 0.16606498125 0.8090724437500001 0.1796028875 0.8259986453125 0.19584837500000002 0.8327691265625001 0.210288809375 0.8293838859375 0.3718411546875 0.740013540625
1 0 0.9587000671875 0.115523465625 0.9390656734375 0.4314079421875 0.8747461062499999 0.43772563125 0.8659444828125 0.43682310468749996 0.8463100875 0.42689530624999994 0.833446175 0.38447653437499996 0.8361543671874999 0.0054151625 0.8997968859375 0 0.9031821265625 0 0.9587000671875
0 0.25180505468750003 0.3209207859375 0.2572202171875 0.32566012187500004 0.3375451265625 0.3832092078125 0.3483754515625 0.3865944484375 0.37635379062499996 0.38862559218750004 0.5370036093749999 0.394719025 0.6110108296875 0.402166553125 0.6227436828124999 0.40148950625 0.6462093859375 0.387271496875 0.6471119140625 0.3777928234375 0.6092057765625001 0.30805687187499997 0.56768953125 0.24779959375 0.554151625 0.235612728125 0.239169675 0.161137440625 0.21660649843750002 0.1536899125 0.20667870000000002 0.1530128640625 0.19584837500000002 0.15639810468749998 0.18772563125 0.1658767765625 0.18772563125 0.17738659375000002 0.204873646875 0.23764387343750001 0.22833935 0.3026404875 0.23646209375 0.310088015625 0.2490974734375 0.3121191609375 0.25180505468750003 0.3209207859375
0 0 0.8375084625 0.036101082812500004 0.8551117125 0.0848375453125 0.8571428578125 0.099277978125 0.8537576171874999 0.10830324843750001 0.8483412328125001 0.1254512640625 0.8253215984375 0.1498194953125 0.8023019640625 0.188628159375 0.7494922140625 0.194043321875 0.7474610703125 0.24729241875 0.68178740625 0.2509025265625 0.6709546375000001 0.25541516249999996 0.6696005421875 0.2788808671875 0.6425186187499999 0.2761732859375 0.637102234375 0.28519855625 0.63371699375 0.3104693140625 0.60324983125 0.31227436875 0.595125253125 0.3528880859375 0.5511171296875 0.3537906140625 0.5443466484374999 0.362815884375 0.5375761671875 0.37545126406249996 0.5172647265625 0.414259928125 0.47393365000000004 0.42148014375000004 0.4576844953125 0.4043321296875 0.4366960046875 0.341155234375 0.38997968906249997 0.32851985625 0.38388625625 0.215703971875 0.29790115156249997 0.1516245484375 0.255247121875 0.142599278125 0.254570075 0.1272563171875 0.2613405546875 0.0902527078125 0.28571428593750003 0.064079421875 0.29790115156249997 0.0072202171875 0.33107650624999996 0 0.3358158421875 0 0.8375084625
0 0.4043321296875 0.8842247796875 0.2626353796875 0.9993229515625 0.68231046875 0.9993229515625 0.5388086640624999 0.80027081875 0.5171480140625 0.80027081875 0.5063176890625 0.8043331078125 0.4043321296875 0.8842247796875
3 0.715703971875 0.9291354093749999 0.7138989171875 0.9431279625 0.70397111875 0.9627623562500001 0.7057761734375 0.9871360859375 0.7111913359375001 0.9993229515625 0.814079421875 0.9993229515625 0.8158844765625 0.9817197015625 0.8104693140625001 0.9526066343749999 0.7942238265625 0.924170615625 0.7806859203125 0.915368990625 0.7659449453125 0.9140148953124999 0.7490974734375 0.904536221875 0.7436823109375 0.8916723093750001 0.7319494578125 0.8849018281250001 0.6850180499999999 0.80027081875 0.669675090625 0.7995937718749999 0.6732851984375 0.819228165625 0.6868231046875 0.8415707515624999 0.6904332125 0.860528096875 0.707581228125 0.8950575484375 0.7066787 0.9092755578125 0.715703971875 0.9291354093749999
1 0.6773844765625 0.5561679078124999 0.44431046875 0.43658361562500003 0.42899368281249994 0.44580297968749993 0.4309277984375 0.463343940625 0.6561958484375 0.5795822609375 0.6628871843749999 0.5770737984375 0.6773844765625 0.5687115781250001 0.6773844765625 0.5561679078124999
0 0.626085740625 0.40313405625 0.45880776250000005 0.393935003125 0.4164305046875 0.439928909375 0.42869765312499997 0.439928909375 0.4387337546875 0.4340751515625 0.6796155234375 0.5536587671875 0.674038809375 0.5695477312499999 0.6517355593749999 0.577909953125 0.429812275 0.46083480000000004 0.3576435015625 0.549507109375 0.5167978343749999 0.6655924171875001 0.6584268953125 0.621271496875 0.734259928125 0.45498172031250006 0.6450442234375 0.387245090625 0.626085740625 0.40313405625
0 0.7777518046874999 0.6087278265625 0.8234747296875 0.6798090718750001 0.89038628125 0.581131346875 0.7744061375 0.469909953125 0.7599088453125 0.47241909218749994 0.704583934375 0.526624915625 0.6874214796875 0.545172646875 0.6640027078124999 0.6137454296875 0.701918771875 0.6137454296875 0.736490071875 0.607054840625 0.7777518046874999 0.6087278265625
1 0.8502391703125 0.7134001359375 0.6341254515625 0.698707515625 0.659541515625 0.7401604609375 0.849123646875 0.7543764390625001 0.8535848375 0.7493588359375 0.8569305046875 0.7284529453124999 0.8502391703125 0.7134001359375
4 0.44096480156249995 0.7652478 0.45546209375 0.78197291875 0.487802346875 0.7978612046875 0.7141859203124999 0.799534190625 0.73760469375 0.7928436015625 0.7543330328125 0.7736100203125 0.7721759921875 0.7501949906250001 0.6506200359375 0.7443412328125001 0.6350072203125 0.6983473250000001 0.7654846578125001 0.7033649296875 0.7521028875 0.6715876781250001 0.7331444046875 0.6423188890625 0.6963429609375 0.6205761671875 0.67069404375 0.6163953953125 0.4976678703125 0.670606634375 0.4599223828125 0.6866404875 0.44988628124999996 0.697511171875 0.4376191328125 0.71925389375 0.4353889890625 0.7376513203124999 0.44096480156249995 0.7652478
4 0.8300707046875001 0.7098693078125 0.7889034296874999 0.6297752203125 0.7755216609375 0.6147224109375 0.758793321875 0.6105416390625 0.7286832125 0.6080324984375001 0.696556859375 0.6184197703125001 0.7253375453124999 0.631447528125 0.7454115531250001 0.65653486875 0.7677148015624999 0.7042010828125 0.8300707046875001 0.7098693078125
4 0.8547003609375 0.7552125937499999 0.773291515625 0.75103114375 0.742065884375 0.7953527421875 0.7755216609375 0.810404875 0.813437725 0.799534190625 0.8402021656249999 0.792007446875 0.86139079375 0.7619025046875 0.8569305046875 0.74601421875 0.8552131078125 0.73828626875 0.8547003609375 0.7552125937499999
2 0.9990974734375 0.7210561953125 0.9990974734375 0.6093432640625001 0.846570396875 0.649966146875 0.8375451265624999 0.6553825328125 0.8276173281249999 0.67298578125 0.8240072203125001 0.6858496953125 0.8294223828125 0.6980365609375 0.838447653125 0.70819228125 0.851985559375 0.711577521875 0.8610108296875 0.7305348687500001 0.9990974734375 0.7210561953125
2 0.8691335734375001 0.9708869328124999 0.8862815890625001 0.9722410296874999 0.8935018046875 0.9668246453125 0.9079422375 0.9634394046875 0.9990974734375 0.9553148281249999 0.9990974734375 0.8273527421875 0.881768953125 0.82667569375 0.8610108296875 0.821259309375 0.841155234375 0.8205822609375 0.82851985625 0.8287068375000001 0.8185920578125 0.845633040625 0.8158844765625 0.8821936359375 0.8231046937500001 0.913337846875 0.8312274374999999 0.9343263374999999 0.8474729234374999 0.9566689234375 0.8601083031250001 0.9675016921875 0.8691335734375001 0.9708869328124999