2 0.21327018749999999 0 0.17183420625 0.0611312125 0.1700467953125 0.078041659375 0.1747111328125 0.092354190625 0.185614584375 0.10813109218750001 0.2140858765625 0.1330246953125 0.2184158171875 0.13648870468750002 0.2601804390625 0.14873894375000002 0.2772721234375 0.1497153125 0.29471820000000004 0.1439211984375 0.3155927875 0.141575340625 0.3262527171875 0.127530621875 0.3550120734375 0.1124468796875 0.444703215625 0.053701953125 0.4763086125 0.035957279687499996 0.48625975312499997 0.035453521875 0.5085673609375 0.0229676984375 0.5130745 0.0230464671875 0.5159205390625 0.020385534375 0.516356165625 0 0.21327018749999999 0
2 0.522127040625 0 0.5204631171874999 0.0197872546875 0.507063465625 0.0344617609375 0.48961738906249996 0.040255875 0.4827403671875 0.0509783671875 0.4771255046875 0.1410100078125 0.48088841562500007 0.1553067859375 0.506108390625 0.1733668921875 0.5185157375 0.17764973125 0.5364379703125 0.1799959484375 0.566574909375 0.173068290625 0.5864971890625 0.154441771875 0.616951296875 0.0207958484375 0.6126754453125 0 0.522127040625 0
2 0.74000971875 0.2553863875 0.6987366953125 0.2682184328125 0.6150057046875 0.29928315781250003 0.6194574078125 0.3176579765625 0.6506993078125001 0.3758057015625 0.6476406328125 0.382528921875 0.6526593640625 0.390070975 0.68116609375 0.4142875265625 0.722080171875 0.4427869203125 0.7273269828125 0.4632086375 0.7408483953125 0.46344494375 0.8042872687499999 0.4408352640625 0.809077921875 0.43549764843750005 0.8070469875 0.422586471875 0.7549595984375 0.280043684375 0.749059434375 0.2548668765625 0.74000971875 0.2553863875
1 0.142097821875 0.7843603328125 0.14156623125 0.7945160546875 0.1542016609375 0.8116785609375 0.1700729609375 0.8187326078125 0.184673 0.8155994249999999 0.3507065125 0.7290489874999999 0.43723265937500005 0.6790584265625 0.4760140375 0.6621168296875 0.4801158984375 0.652701171875 0.458537075 0.6340270328125001 0.45413625468749996 0.6319171203125 0.44595252968750004 0.6331294328125 0.145845290625 0.78171515625 0.142097821875 0.7843603328125
1 0 0.9363825703125 0.0842819375 0.9236270781249999 0.40314829531249996 0.86482129375 0.4099189984375 0.8561299468750001 0.4100453125 0.8364797984375001 0.40080295781249997 0.8234425953125 0.358294109375 0.8254103640625001 0 0.8789071484375001 0 0.9363825703125
0 0.6432043734375 0.3810960578125 0.644601953125 0.3716331390625 0.6103922515625 0.3012355328125 0.5720806890625 0.24025358593749999 0.5591971859375 0.227830415625 0.248497321875 0.14785709687499998 0.2263514671875 0.14001572812500002 0.216471203125 0.1391653890625 0.20547687812499998 0.14236158593749998 0.196867878125 0.151698475 0.1962654109375 0.1632082921875 0.21023843125 0.2237648921875 0.230273365625 0.2891711015625 0.23799638125000003 0.2967604109375 0.250510046875 0.2990121078125 0.2527536203125 0.30786099375 0.2579141078125 0.312694853125 0.335128809375 0.371646015625 0.3457687421875 0.37522029843750004 0.3736066765625 0.3777398078125 0.5337418125 0.38663739375 0.607269034375 0.395376721875 0.61902303125 0.3949044734375 0.6432043734375 0.3810960578125
0 0 0.8334342671874999 0.0093507984375 0.8382867953125 0.0579215640625 0.8411686390625001 0.07252160156250001 0.8380354546875 0.081819390625 0.8327766078125001 0.10015145156250001 0.81005629375 0.12569493125 0.7874620078125 0.16722058281250002 0.735329665625 0.172735465625 0.73339304375 0.2293573046875 0.668648846875 0.23353004375 0.6578790921875 0.23810805937500001 0.656603765625 0.26296274999999997 0.6299314375 0.2605419828125 0.624467790625 0.269733453125 0.6212400890625001 0.29656819375 0.5912140296875 0.298796321875 0.5831209578125 0.341664115625 0.53982175 0.3429199375 0.533067021875 0.35228860625 0.5264540765625 0.365971771875 0.5063631890625 0.407001271875 0.46370951875 0.4150632359375 0.44758639375 0.399034734375 0.426298584375 0.338380125 0.3784795109375 0.3260790953125 0.3721655265625 0.21790145781249998 0.2842112140625 0.1561327859375 0.2404386734375 0.14715395 0.23960409062500002 0.13147528749999998 0.24610675624999998 0.0932409453125 0.2698345875 0.0664616390625 0.281564596875 0.0079351796875 0.3137474703125 0.000475684375 0.318360778125 0 0.32744845 0 0.8334342671874999
0 0.49321733593749995 0.9910861796875 0.6437172671875 0.98845919375 0.51431649375 0.79222069375 0.49268223437499997 0.79184260625 0.4816524703125 0.79571585 0.37560931875 0.8738273578125 0.2280605140625 0.9864522046875001 0.49321733593749995 0.9910861796875
3 0.7188914390625001 0.9001567015624999 0.7141562218749999 0.8871982671875 0.7027920562500001 0.8802229875 0.6603477484375 0.7947727890625 0.6450589203125 0.793827928125 0.6476368890625 0.8135253375 0.6599888015625 0.8361042281250001 0.6626022093749999 0.8551245890624999 0.6779219265624999 0.889953359375 0.6762762703125 0.9041556156249999 0.6842510046875 0.9241730031250001 0.6817157234375 0.93813405 0.6707722796875 0.957595153125 0.6712993171875 0.9820003890625 0.6736055609375 0.9879374921874999 0.7803837046875 0.986073671875 0.7815569859375 0.9785059531250001 0.7776723125 0.9492983640625001 0.762935071875 0.9205787796875 0.7498743703125 0.9115408484374999 0.735222234375 0.9099294484374999 0.7188914390625001 0.9001567015624999
1 0.43897024843750004 0.42688401875000004 0.4231895453125 0.43583602812500005 0.4242031421875 0.4534107484375 0.6431123671875 0.5735811359375 0.6499268546875 0.571189471875 0.66484419375 0.563080303125 0.6655007796875 0.5505366328125 0.43897024843750004 0.42688401875000004
0 0.42322031562499995 0.45088213593750004 0.3464980125 0.5382947359375 0.499382078125 0.6571580921875 0.6431585171875 0.615309315625 0.7276034203124999 0.45034321093749996 0.6420420124999999 0.38104931406250003 0.6222749359375 0.396607359375 0.455682275 0.38448845781249996 0.4109491453125 0.4297426671875 0.4232013484375 0.42995679062500003 0.43353163125 0.4242782125 0.667860446875 0.548066434375 0.6614588359375 0.5638580578125 0.638745046875 0.571830975 0.42322031562499995 0.45088213593750004
0 0.68699135 0.608542403125 0.7218707421875 0.6024552578125 0.7629946328125 0.6048484703125 0.8049411796875001 0.6767278109375 0.8769363890624999 0.57921803125 0.766919315625 0.465972196875 0.752308346875 0.468228284375 0.6942134953125 0.5214684093749999 0.6761010890625 0.5397165687500001 0.64912148125 0.607880575 0.68699135 0.608542403125
1 0.6380486640624999 0.7342177359375001 0.8266557000000001 0.75174288125 0.8313740953125001 0.7468031500000001 0.8358099828125001 0.7259556578125 0.8299147234375001 0.7107860515625 0.614833375 0.6923211515625 0.6380486640624999 0.7342177359375001
4 0.615732925 0.691976353125 0.7457887546874999 0.69927145 0.7340866328125 0.66726061875 0.7166832921874999 0.63766090625 0.681064784375 0.6152758140625 0.6556659546875 0.6106473390625 0.48001295781250003 0.6618383953125 0.44147418125 0.6772133984375001 0.43088129375 0.6879088999999999 0.41749099218749997 0.7094374984375 0.41430057187499997 0.7277959984375 0.4184250828125 0.7554898031249999 0.4320292546875 0.772467975 0.46349845 0.7889207609375 0.6895186390625 0.7945452875 0.7132590921874999 0.788263475 0.7309738125 0.7693218875000001 0.7500206671874999 0.7462183078125 0.6289192171875 0.7382427828125 0.615732925 0.691976353125
4 0.7479724125 0.7001465296875 0.8099556484375 0.70690318125 0.7730309671875 0.626090515625 0.760453425 0.6108041265625 0.74396430625 0.6063313609375001 0.71402221875 0.603296646875 0.6813912953125 0.6131231500000001 0.70945499375 0.6266532765624999 0.728191375 0.6520910109375 0.7479724125 0.7001465296875
4 0.8335799625 0.7357590046875 0.8321818499999999 0.7526763796875 0.7510910640625 0.7470739328125 0.717583509375 0.790850484375 0.7502106375 0.806486590625 0.788649521875 0.7962777328125 0.8157753328125 0.789218165625 0.8385139562499999 0.759483071875 0.8348907562500001 0.7435169312500001 0.8335799625 0.7357590046875
2 0.8317543890625 0.7089939203125 0.8397763609375 0.7281088046875 0.97819091875 0.7210404421875001 0.9840384125 0.6093275109375 0.8295708046874999 0.647288021875 0.820273015625 0.652546871875 0.8094358890625 0.66997683125 0.80515683125 0.6827777312500001 0.8099274890625001 0.6950591187499999 0.818410171875 0.7053723749999999 0.8317543890625 0.7089939203125
2 0.8152315218749999 0.817809615625 0.8021862656250001 0.825713640625 0.791384578125 0.842466553125 0.786766571875 0.8789798875000001 0.7923477812499999 0.910250128125 0.799362009375 0.9313804015624999 0.8144182046875 0.954006553125 0.826471159375 0.9650598734375 0.8353082374999999 0.9686026515625 0.8523644812500001 0.9702560671875 0.8598594140625 0.9649657125 0.8744594515624999 0.96183253125 0.9659289 0.9552990734375 0.9726269390625 0.8273369890625 0.8554768046874999 0.8246119625 0.8350274875 0.81883324375 0.8152315218749999 0.817809615625