2 0.7710199875 0.6560066250000001 0.7848166937500001 0.6213148234375 0.7822939843750001 0.57691603125 0.7577505765625 0.539607071875 0.748076178125 0.5463437953125 0.54176025625 0.5612693734375 0.5551718578125 0.6066646671875 0.5529804390625 0.629020121875 0.7710199875 0.6560066250000001
2 0.85838599375 0.6039454281250001 0.8532383609374999 0.6306103703125 0.890058065625 0.653764265625 0.959983878125 0.6558284796875 0.9623968656249999 0.65961064375 0.9772566828125001 0.5714337875 0.8574269046874999 0.600948928125 0.9749568453125 0.5634067515625001 0.909898109375 0.4832283546875 0.8645569859375 0.4509112125 0.8160287984375 0.4635482265625 0.7925348328124999 0.49104811093749995 0.85838599375 0.6039454281250001
2 0.2119201640625 0.6519147578125 0.1515378734375 0.660691625 0.142753984375 0.678559396875 0.156178146875 0.7041578765625001 0.21290697656250002 0.7228033953125 0.26996378125 0.7176557484375 0.31550213125000004 0.6980242546875 0.300889190625 0.6700148125000001 0.244337953125 0.6494777109375 0.2119201640625 0.6519147578125
2 0.2119201640625 0.6519147578125 0.2448462625 0.6471287828125 0.3107745109375 0.6715519171875 0.2968111703125 0.5353272703124999 0.2346695625 0.5188437453125 0.202257296875 0.5306378875 0.1560391625 0.65611568125 0.2119201640625 0.6519147578125
2 0 0.53842589375 0.035356490625 0.553955240625 0.04084348125 0.555791675 0.041895103125 0.5568271421875 0.0433849703125 0.557481525 0.045427681250000004 0.5603054578125 0.060602587500000006 0.5752472562500001 0.0848686421875 0.5432298062500001 0.12224419687500002 0.46906020000000004 0.1352891953125 0.46748126875 0.1461445890625 0.4406571140625 0.12166540625 0.40876889843750003 0.073746334375 0.3830228765625 0.024061803125 0.37794781875 0.00235398125 0.3900907796875 0 0.40447218906250004 0 0.53842589375
2 0 0.6053624156249999 0.024920378125 0.60497065 0.033840625 0.6028081859375 0.051700884375 0.5869924625 0.05836835 0.5781951828125 0.045427681250000004 0.5603054578125 0.041895103125 0.5568271421875 0.035356490625 0.553955240625 0 0.5421218171875 0 0.6053624156249999
0 0.315663059375 0.506743846875 0.29975371093750003 0.504205265625 0.36288781718749996 0.622187175 0.526414346875 0.5999910328125 0.4758296234375 0.4338603296875 0.47372607968749997 0.407816746875 0.3365442765625 0.42817474375 0.34705296875 0.44638002656250003 0.3483314203125 0.48452918125 0.315663059375 0.506743846875
0 0.4307760921875 0.295489559375 0.4494494140625 0.3227014953125 0.5779968890625 0.5515325765625 0.8011780234374999 0.48865336406250004 0.7314827546875 0.23018271562499998 0.7222052828125001 0.21781722343749998 0.4307760921875 0.295489559375
0 0.7659952578125 0.28236828125 0.9947870375000001 0.2181523078125 0.99846289375 0.0602225046875 0.6539967265625 0.013662682812499998 0.7659952578125 0.28236828125
0 0.149101640625 0 0.0629278609375 0.0200208703125 0.029542271874999998 0.232342015625 0.10247855312500001 0.34237268125 0.35055445937499996 0.2993414703125 0.21164737968749997 0 0.149101640625 0
4 0.2997463484375 0.5082165078124999 0.3519280515625 0.47298615 0.3163361796875 0.42831005 0.25678416406250004 0.41258544375 0.18567857968749998 0.4332834484375 0.18373028125 0.43729179843750005 0.19136443593750002 0.4736540015625 0.24137218124999998 0.50924106875 0.2997463484375 0.5082165078124999
4 0.185873996875 0.4328814046875 0.2529446015625 0.407739421875 0.3159535859375 0.42782980468750004 0.3163361796875 0.42831005 0.31695978125 0.4284747125 0.3323359390625 0.4284632390625 0.319125178125 0.368963096875 0.304428459375 0.350265809375 0.23386492812499998 0.34459903281250004 0.218063521875 0.366656003125 0.185873996875 0.4328814046875
4 0.8735709734375 0.45423927343750004 0.90096445625 0.47104307656250005 0.903282396875 0.46777533125000004 0.934151078125 0.4921058109375 0.9780933265625 0.48537962968750004 0.9887234093749999 0.478670453125 0.9903474984375 0.40889300000000006 0.9760667 0.37917368749999997 0.922354425 0.3275410453125 0.8565058671875001 0.334956365625 0.809046021875 0.3677900578125 0.8143371937499999 0.4008157609375 0.8735709734375 0.45423927343750004
1 0.43375587343750005 0 0.4449656125 0.02793183125 0.5088835890625 0.2382120203125 0.5162419796875 0.243321734375 0.5280423062499999 0.24354502031249997 0.5367186796875 0.24060264843749998 0.54081895625 0.232240778125 0.542808096875 0.22565111093749998 0.5367311984375001 0.1960239125 0.48624901249999997 0 0.43375587343750005 0
1 0.279736296875 0 0.2786019 0.0040735500000000004 0.39022133124999997 0.2400051875 0.3995931890625 0.2495021703125 0.41239416875 0.249174859375 0.42218102812499997 0.245010878125 0.42582981093749994 0.2338445703125 0.41809326875 0.20879401406250003 0.3894532140625 0.1445678359375 0.3394095015625 0.0164077359375 0.3321085328125 0 0.279736296875 0
1 0.33695689687499997 0 0.4256834859375 0.218050178125 0.440717596875 0.22076812031249998 0.4562887046875 0.21464255781250002 0.4571430328125 0.1982975671875 0.3877091265625 0.0105908109375 0.38465696718750003 0 0.33695689687499997 0
1 0.3872662859375 0 0.38858778437499997 0.005222753125 0.4513101265625 0.1783052859375 0.46199996875 0.1797501796875 0.48469763749999994 0.17458788125 0.486015621875 0.1665357921875 0.43542615468749996 0 0.3872662859375 0