2 0.8139278140625 0.7373756984375001 0.8262795640625 0.7536983625 0.8432266734375 0.76530794375 0.862952271875 0.7728709890625 0.8791504874999999 0.7756736953125001 0.9152752062499999 0.774529628125 0.9342873640624999 0.771254653125 0.9506628484374999 0.7639016390625 0.977178853125 0.7444195171875 0.9864404828125 0.7309310625000001 0.98709046875 0.69369341875 0.9747269015625 0.678047803125 0.9551313 0.663037228125 0.9013223953124999 0.643087790625 0.853949359375 0.616404625 0.83418830625 0.610872725 0.818845346875 0.6107834609375 0.7943353 0.61876626875 0.7814753796875 0.6315566703125 0.77848416875 0.647790071875 0.8029394921874999 0.6946534109375 0.8078583015625 0.723120934375 0.8139278140625 0.7373756984375001
2 0 0.8551545046875001 0.0129814015625 0.859336775 0.017352221875 0.8674876046875 0.029963964062499997 0.8689152124999999 0.053630573437499995 0.8575419140625 0.1775753171875 0.7377362078124999 0.178631478125 0.728939834375 0.1725265109375 0.7167162140625 0.1493680734375 0.6989764453125 0.134155109375 0.691439653125 0.11431133281250001 0.6906470890625 0.0997409015625 0.6980106046875 0 0.7665856203125 0 0.8551545046875001
2 0.3344657625 0.7989123671875 0.5436467734375 0.7601794546875 0.55185224375 0.755487375 0.5430235109375 0.692464146875 0.5394961281249999 0.6877038062499999 0.5296156015625 0.68493785625 0.44655947500000004 0.6858088828125 0.426644790625 0.6890786078125 0.34896837187499996 0.692012284375 0.3246828671875 0.6871311765625 0.31918497968750004 0.691839009375 0.31723810937499997 0.6999530843749999 0.316529034375 0.74057596875 0.3221140125 0.782589703125 0.329086053125 0.79684971875 0.3344657625 0.7989123671875
0 0 0.5041243234375 0.03466313125 0.547989175 0.0445436578125 0.5507551265624999 0.1917102953125 0.496764853125 0.2163030671875 0.484042709375 0.215589625 0.473204690625 0.1538426984375 0.390914321875 0.123022415625 0.346722421875 0.12045665000000001 0.3385820921875 0.116858359375 0.337884040625 0.0921075890625 0.30794690468749997 0.08602625781249999 0.29436918749999996 0.0594940703125 0.2630674546875 0.0359929125 0.26496207968749996 0 0.28200932500000003 0 0.5041243234375
2 0 0.572144096875 0.021077953125 0.55061860625 0.023131184375 0.5364110984375 0 0.5056994171875 0 0.572144096875
1 0.29215952500000003 0.5853744375 0.29859539375 0.5786407125 0.2969794265625 0.5677974421875 0.2532668578125 0.43482823281250005 0.24793442031250001 0.43005739062500004 0.22803155312499998 0.432650065625 0.22528851875 0.434665459375 0.2260492296875 0.4427952859375 0.270534328125 0.583217275 0.2749760578125 0.5873058171875 0.29215952500000003 0.5853744375
1 0.507463496875 0.350990384375 0.5133395578125 0.3246170140625 0.4863495578125 0.2161212984375 0.48200237343749996 0.20661637187499998 0.47481761093749997 0.204543221875 0.45853666875 0.2064798515625 0.45571090937500003 0.21323458125 0.484151425 0.3420522390625 0.494402671875 0.37529060468750003 0.510636340625 0.3760621671875 0.507463496875 0.350990384375
1 0.566655196875 0.26940361562500004 0.57110874375 0.27281510937500003 0.5911061546874999 0.2648060484375 0.59571333125 0.25941591875 0.5878151296875 0.24650474843749998 0.47275565 0.115828921875 0.466461596875 0.1144380703125 0.4528055109375 0.121129790625 0.44994429687500004 0.1299156625 0.4525809703125 0.133993703125 0.47834062812499994 0.15784265625 0.4826287234375 0.170732825 0.566655196875 0.26940361562500004
0 0.5828826921875 0.477372890625 0.6029348265625 0.414517684375 0.56150130625 0.40953681406250003 0.5211003109375001 0.39711366406250004 0.3906711484375 0.371301528125 0.37442566093749996 0.3712070140625 0.3037978328125 0.5908590828125 0.2989897515625 0.6077590296875 0.29882430000000004 0.6172377015625 0.302410771875 0.6186128015625 0.5091647453125 0.667213840625 0.5156478859375 0.657771921875 0.5828826921875 0.477372890625
0 0.5929032234375 0.7306728812500001 0.606405675 0.7327827859375 0.7272970328125 0.736194578125 0.7345763390625 0.7328513437499999 0.7417256484375 0.7369556390625001 0.7462619187499999 0.7356277953125 0.750049296875 0.725493078125 0.7447050421875 0.721399284375 0.7511881812500001 0.711957365625 0.75333595625 0.6923334734375 0.7589034734375 0.52850359375 0.688482725 0.5294481328125 0.6306382671875 0.5338514203125 0.6126586328125 0.5296841156250001 0.605627503125 0.5188093406250001 0.5758204734375 0.5199901640625 0.5730892562500001 0.5213285062499999 0.5710360265625 0.5355360140625 0.5705440390625001 0.6154329390625 0.5716325656250001 0.708204275 0.5758970234375 0.7224485390625001 0.5929032234375 0.7306728812500001
4 0.7589152921875 0.5278265453125 0.7788181578125 0.52523386875 0.7888523171874999 0.5191981953125 0.7963088921875 0.505699240625 0.7994182828125 0.4826953578125 0.79691160625 0.47116978906250007 0.7872083484375 0.4582481171875 0.7710337703125 0.45409131562500005 0.623291140625 0.4376580859375 0.616890725 0.44236066875 0.6093041546875 0.46330715156249996 0.6066600265625001 0.5113670640625 0.6109126687499999 0.526288375 0.620745921875 0.53176251875 0.7589152921875 0.5278265453125
4 0.5795518484375 0.4096418296875 0.5949302624999999 0.4076999484375 0.615806565625 0.401050234375 0.6395913515625 0.3829064546875 0.651773284375 0.3572468875 0.6493729703125 0.33962788593750004 0.6344200015625 0.31719603749999997 0.6085067093750001 0.3021487078125 0.5878076765625 0.2986427015625 0.5579770109375 0.30117761875000004 0.5370652546875 0.3098584765625 0.517840375 0.325320315625 0.5094340015625 0.3415222140625 0.508973103125 0.36792708749999997 0.52125394375 0.3883120390625 0.5408731812500001 0.40196851875000006 0.5795518484375 0.4096418296875
2 0.958862675 0.55268889375 0.9768068546875 0.5588873421875 0.989442234375 0.558960853125 0.9913567375 0.44927906562500003 0.9743032656249999 0.443762915625 0.9499586703125 0.44226705 0.9309583312499999 0.4448649765625 0.907327175 0.4542071296875 0.8890284578125 0.46832012343749996 0.8797550093750001 0.4824856265625 0.8759085437499999 0.4960055859375 0.8765510765625001 0.5109058937500001 0.8870623171875 0.5292492 0.9138663171875001 0.544978828125 0.958862675 0.55268889375
1 0.99322396875 0.3423054703125 0.938304178125 0.38599855 0.9263586046875 0.39811715625 0.9290189140624999 0.40084109999999995 0.95136936875 0.413159234375 0.9925858 0.37886606718750004 0.99322396875 0.3423054703125
0 0.2102248234375 0.3668661375 0.21835938437500002 0.3662363453125 0.2309238546875 0.3703721453125 0.2532743109375 0.38269027968749997 0.2837829625 0.393024525 0.28992338281249996 0.403217003125 0.2870739859375 0.41132582656250005 0.30694140000000003 0.41076429531249997 0.305254525 0.4039833125 0.315194140625 0.40336402343750005 0.3261190078125 0.3980106484375 0.3511254078125 0.361591821875 0.44762361874999995 0.21115618125000002 0.44865614374999996 0.20371390156250002 0.47177476250000006 0.1720239109375 0.47467143125 0.16120689531250001 0.46841282968750003 0.15778489843750002 0.4649209015625 0.150993415625 0.4370961953125 0.1420290171875 0.354690053125 0.1056624 0.277580896875 0.07609776875 0.2694699703125 0.07537346406249999 0.24170871875 0.11448472968750001 0.13196059531249998 0.3000533609375 0.12537109531249999 0.3155887125 0.1269988796875 0.3257549328125 0.135905971875 0.332577921875 0.20047429375 0.356652659375 0.2102248234375 0.3668661375
0 0.622899871875 0.3049409125 0.63805374375 0.31586294531250003 0.648588621875 0.33285215625000003 0.8096638875 0.3094130578125 0.818748246875 0.30608032500000004 0.78462384375 0.0892044109375 0.7793977671875 0.07834013749999999 0.7658598609375 0.078261375 0.5730188796875 0.11167241718750001 0.5675564453125 0.1143491046875 0.5690778703125 0.1306087609375 0.607663271875 0.2987582171875 0.612995709375 0.3035290578125 0.622899871875 0.3049409125
3 0.9320189453125 0.42138602656249996 0.9160544375 0.4058663953125 0.8177122015625 0.401401471875 0.8160828812500001 0.41063603281249994 0.8247193515625 0.41144159062499996 0.8378913671875001 0.410947559375 0.838677971875 0.41274356875 0.840842921875 0.412945503125 0.8571931703125 0.4366065578125 0.8674040218749999 0.4427976953125 0.8876324296875 0.4449799109375 0.9116746625 0.440683315625 0.919388984375 0.43325756562500006 0.9320189453125 0.42138602656249996
3 0.838677971875 0.41274356875 0.8247193515625 0.41144159062499996 0.8161308953124999 0.41176371093749997 0.81142421875 0.40351410000000004 0.8068430328125 0.3951595859375 0.8102930796875001 0.395285371875 0.8092173765625 0.394150953125 0.8154060046874999 0.3941869578125 0.815523734375 0.3874422046875 0.7971137234375 0.3868848171875 0.7974595078125 0.38731335 0.6579278421875 0.38793441875 0.684387996875 0.3908367765625 0.6589268765625 0.39714834374999997 0.8066617859375 0.40755992656249995 0.81563371875 0.411857646875 0.8379001625000001 0.4137856109375 0.845017975 0.4304502390625 0.8595892546874999 0.44007402031250004 0.8571931703125 0.4366065578125 0.8462136609375 0.42994935781250004 0.838677971875 0.41274356875
3 0.83282706875 0.3872794734375 0.8203021250000001 0.3867224671875 0.81873699375 0.3955932265625 0.92040685 0.39929998437499997 0.93582934375 0.38795523906249996 0.9341181859375001 0.3743433609375 0.9193045546875 0.3621828296875 0.8827196578125 0.35902588125 0.861483265625 0.3622594765625 0.8551763125 0.37132932812499997 0.8491781875 0.3831839265625 0.83282706875 0.3872794734375