0 0.291717265625 0.7394544296875 0.384407484375 0.72668443125 0.4074151515625 0.7169822265625 0.4218222640625 0.7054061953125 0.422154178125 0.6468319609375001 0.41477079375 0.5056800828125 0.4091072359375 0.48468403593750004 0.4005066828125 0.4828102078125 0.376041278125 0.48451744375 0.369824371875 0.485650984375 0.366477028125 0.49245688125 0.365559246875 0.512587725 0.359836384375 0.531529496875 0.346962575 0.5414491671875 0.1595132453125 0.5501564734375 0.1454624359375 0.5485880046875 0.1394884875 0.5510540390625 0.1740231828125 0.654900728125 0.19862106562499998 0.7495448671875 0.20290245156250003 0.7528946125 0.213279265625 0.7544445718749999 0.291717265625 0.7394544296875
2 0.5530984890624999 0.89693850625 0.5712336421875001 0.9108418078125 0.5871821859375 0.9127526578125 0.6088995078125 0.9060393109374999 0.6316183046875 0.884687034375 0.6436795515625 0.8652779687500001 0.6416981171875 0.8594436765625 0.600638996875 0.8607344937500001 0.5546074015625 0.8498524125 0.54442763125 0.8393173703125001 0.539455159375 0.8271444734375001 0.5379892921875 0.8040062609374999 0.548684625 0.7972373859374999 0.550134234375 0.790089109375 0.5494809296875001 0.7764402953125 0.5460876734375 0.7729286140625 0.423137 0.7478470671874999 0.39420129843749996 0.7703328859374999 0.37298615156250003 0.8099977078125 0.37194689062499997 0.8294623046874999 0.4277560375 0.8537063500000001 0.5530984890624999 0.89693850625
2 0.5542453578125001 0.7019131468750001 0.5506713203125 0.7376730359375 0.55338975 0.7626480546875001 0.5514704921875 0.79741783125 0.5450943265625 0.8027107875 0.5404188546875 0.8173312078125001 0.544951325 0.8371566921875001 0.5548881390625 0.8463592437499999 0.5804090656249999 0.855473896875 0.60584629375 0.859096640625 0.6559081875 0.8568527296875 0.68331871875 0.8511665203125001 0.7024931296875 0.8456052250000001 0.743824859375 0.82567799375 0.7650103546875 0.8059820796875 0.7728739109375 0.7887151796875 0.7684629171874999 0.7695559421875 0.7171618484375 0.7197076499999999 0.70168295625 0.690175303125 0.698130440625 0.6908230390625001 0.6847410640625 0.7180466265625001 0.668816909375 0.761565509375 0.6587667484375 0.7668399578125 0.6424159875 0.7677560328124999 0.6274770484375 0.766349496875 0.6137069796875 0.76128785625 0.60307095 0.7281189140625 0.581580325 0.7058782671875 0.5672028640625 0.697485390625 0.563202215625 0.6906424734375001 0.5586400921875 0.690785896875 0.5542453578125001 0.7019131468750001
2 1 0.54452164375 0.9977834546875 0.5425648046875 0.9907998984375 0.544526528125 0.984264471875 0.553978903125 0.96367010625 0.546719565625 0.9673737546875 0.526769165625 0.9756017437500001 0.511501009375 0.9698626203125 0.5001562953125 0.9648145828124999 0.4976347296875 0.9489497328125 0.5012157937499999 0.8501325515625 0.533001246875 0.829022621875 0.543045828125 0.8165213781249999 0.5701074828125 0.8212131093749999 0.5857735500000001 0.8521546375 0.61455175625 0.9717311843750001 0.7469499921875 0.9876419453124999 0.75368650625 1 0.754369928125 1 0.54452164375
0 0.8316210890625 0 0.8767510859375 0.0297486671875 0.8846686828125 0.0379425890625 0.8901189374999999 0.0376372328125 0.9118902999999999 0.056384707812500004 0.9172190765625 0.055413103124999995 0.9217434203125 0.060095343749999995 0.9401970921875 0.0656798078125 0.9428614796874999 0.0651940046875 0.9309745359375 0 0.8316210890625 0
0 0.40562129062499996 0 0.0294943640625 0.0685799203125 0.0373933109375 0.1924278796875 0.0556040265625 0.1966798484375 0.40149141874999994 0.21140238125000002 0.40750315 0.20411068124999998 0.43877085156250006 0.0132308859375 0.43947727812500004 0 0.40562129062499996 0
1 0.6574697078125 0.155780228125 0.62439561875 0.1404703921875 0.608932984375 0.141224534375 0.6001353890625001 0.1483357875 0.5930762671875 0.159948840625 0.593851046875 0.174263903125 0.6778321171874999 0.2573921984375 0.6916021859375 0.2624538390625 0.7122721171874999 0.260061846875 0.7297080515625 0.249998753125 0.739590821875 0.23374048125 0.7342916984375 0.214743178125 0.669790171875 0.1679901453125 0.6574697078125 0.155780228125
1 0.0893476796875 0.2559249875 0.0993222765625 0.2603018703125 0.465029253125 0.267968678125 0.46962916093749996 0.2629995875 0.4741372421875 0.2373953421875 0.46928624843750005 0.2258886921875 0.1194063375 0.2194664875 0.1001482328125 0.219535871875 0.0941742828125 0.2220019046875 0.086591465625 0.23577563437500001 0.0893476796875 0.2559249875
4 0.3526935671875 0.5376506375 0.35922899375 0.528198259375 0.3647466828125 0.5030983296875 0.3655726375 0.4623323265625 0.355695128125 0.4131919609375 0.34983452812500004 0.4011809984375 0.339616975 0.3954716203125 0.152866859375 0.42814532187500004 0.0938481078125 0.44165990624999996 0.0812550390625 0.44808640468750005 0.0708863546875 0.4616796890625 0.0655657109375 0.47779453906249997 0.0648071890625 0.49376596250000004 0.0679278375 0.515914059375 0.0742743515625 0.530590009375 0.08243490625 0.5401164281249999 0.10125301406250001 0.547699634375 0.1737233140625 0.5475655265625 0.340381234375 0.5405839640625001 0.3526935671875 0.5376506375
2 0.1173555578125 0.6108497046875 0.09381606718749999 0.6075693421875 0.061478976562499996 0.611400234375 0.0459785609375 0.6169800390625 0.029916667187500003 0.6295461875 0.0760783484375 0.8827201671875 0.10291927187500001 0.86887705625 0.1136523875 0.8572825125 0.11881377343749999 0.8453270828124999 0.1148805625 0.8136895890625 0.1546732515625 0.6343349546875 0.14400756875 0.6211349203125 0.1173555578125 0.6108497046875
0 0.6683324390625 0.2554337984375 0.5667305781249999 0.36933296718749997 0.5544063203125 0.326215421875 0.3923988484375 0.31317996406250004 0.3272565578125 0.330126834375 0.4546912859375 0.6282797234374999 0.6103572828125 0.7506381156249999 0.518973625 0.3803329421875 0.56976191875 0.373129546875 0.64355359375 0.7566022765625 0.65116845 0.755675059375 0.7545612734375 0.56507945625 0.71381578125 0.2496547625 0.6683324390625 0.2554337984375
0 1 0.4551978671875 0.9874064468749999 0.48875047968749996 0.9881208125000001 0.488538259375 0.9673808828125001 0.5705037703125 1 0.5315769921875 1 0.4551978671875
0 0.9482269000000001 0.144803559375 0.8895569421875 0.1475079875 0.847979765625 0.1503361421875 0.773787865625 0.5293252078124999 0.8213149515625 0.540014465625 0.8842784171875 0.5193871203125 0.821730184375 0.5379685640625 0.8819415671874999 0.1518476703125 0.9482269000000001 0.144803559375