1 0.552753378125 0.2908464796875 0.54889191875 0.2802158765625 0.53703540625 0.27542023437499996 0.5262387921875 0.2773395828125 0.5165020734375 0.2859739203125 0.5167541578125 0.2967934921875 0.525966659375 0.30443575156249997 0.542208846875 0.3035854 0.552753378125 0.2908464796875
1 0.7787203265625 0.41171749843749994 0.7757612109375 0.40103965312499995 0.613852084375 0.35399839375000003 0.5866399734375001 0.3493296390625 0.5787709640625 0.3605743859375 0.576237240625 0.3681545671875 0.5789915375 0.3700415125 0.7636010578125 0.42198773437500003 0.7717063953125 0.420886334375 0.7787203265625 0.41171749843749994
1 0.99283935 0.45060894687499997 0.8807711203125 0.48762044062500004 0.8566284109375 0.4983630921875 0.85400015625 0.501885934375 0.861549765625 0.5157086875 0.86973388125 0.517988403125 0.9934065406249999 0.47495298124999996 0.99283935 0.45060894687499997
0 0 0.373936684375 0.0106767953125 0.3679741203125 0.0188294 0.3689013921875 0.02164671875 0.37349322812499997 0.0289442453125 0.3764964109375 0.0561406015625 0.380488940625 0.084160525 0.38105311406250003 0.1387064953125 0.43439237343750003 0.155232278125 0.4457140375 0.1706666546875 0.4489682640625 0.1814002484375 0.44434402500000003 0.2015038953125 0.45412427656250004 0.210401290625 0.44824207187500004 0.219424728125 0.4477696546875 0.2413173078125 0.4567791984375 0.24943840156250002 0.456354021875 0.254757934375 0.45201323125000004 0.261105853125 0.453034984375 0.2867223859375 0.4279971609375 0.4292826640625 0.226220690625 0.4164135203125 0.216738728125 0.32045426875 0.16962993125 0.280357259375 0.154802990625 0.0685241671875 0.058919828125 0.0429907015625 0.0487468046875 0.0330334078125 0.047914018749999995 0.0241832796875 0.055824892187499996 0.020762967187500002 0.0641285359375 0.016282759375 0.0657171921875 0.011624948437500001 0.09845935624999999 0.014505289062500001 0.10575608593750001 0.014138624999999998 0.1287949171875 0 0.1569259828125 0 0.373936684375
2 0 0.5735017703125 0.02344569375 0.5670347875 0.088702334375 0.5372134296875 0.1174355390625 0.5296156828125 0.12900845625 0.52223930625 0.144301034375 0.519407528125 0.1567132734375 0.509279015625 0.1654216046875 0.495282134375 0.161832278125 0.45755536093750004 0.1562291515625 0.449724134375 0.1333081875 0.43535204531250005 0.09971664999999999 0.4283090921875 0.0771423 0.42881391406249997 0.0609788875 0.4330453828125 0 0.472245359375 0 0.5735017703125
2 0.1846916796875 0.7407187515625 0.24060548593750003 0.7364373109375 0.2728062671875 0.7225645890625 0.2895411609375 0.7040851906250001 0.2954164203125 0.6848202484375 0.290369021875 0.6620648703125 0.2908617296875 0.644435825 0.286176703125 0.637233578125 0.2606589921875 0.6277367765624999 0.2560369859375 0.623239425 0.243581775 0.5927473015625 0.2246168 0.5930631562500001 0.20136068125 0.6030823453124999 0.1863201859375 0.616733696875 0.1397606796875 0.6347434046875 0.1255595078125 0.645642621875 0.112497009375 0.66663794375 0.1121145890625 0.6890005515625 0.1234626375 0.7107490140625 0.1464781359375 0.7291784406249999 0.1846916796875 0.7407187515625
2 0.13372215625 0.84088215625 0.15878296249999999 0.830768484375 0.24064416406250003 0.815649909375 0.33501213750000003 0.7944601609374999 0.3430071875 0.7886252 0.34538335781249996 0.7742827859375 0.3456870015625 0.7485390640625 0.3415261921875 0.72506021875 0.3369514515625 0.7225915359374999 0.2701780125 0.7260874281249999 0.2442306140625 0.7369245671875 0.1982898578125 0.7427150171875 0.18200040312500002 0.741536696875 0.1419821734375 0.7300908734375 0.1329902453125 0.7319157406250001 0.120514984375 0.73933935625 0.11707891875000001 0.746966778125 0.1105533984375 0.7770985328125 0.1112938953125 0.808881021875 0.120013690625 0.834152328125 0.1255537953125 0.8392786624999999 0.13372215625 0.84088215625
2 0.62836410625 0.821755875 0.6500833765625 0.8233269640625 0.690610071875 0.8178199656249999 0.710272571875 0.8086659671875 0.72797283125 0.792844221875 0.736665409375 0.77817111875 0.7389943140625 0.761800034375 0.728532853125 0.73932810625 0.719304596875 0.7310096234375 0.6689394828124999 0.6632334703125 0.6588088828124999 0.6549622265624999 0.6451476859375 0.65026106875 0.6162726828125 0.6517728078125 0.5992699484374999 0.658756409375 0.5913221625 0.666620040625 0.5850917015625 0.7481920015625 0.5774117546875 0.7675514265625 0.577837146875 0.785809453125 0.583534803125 0.79769801875 0.60104170625 0.8123535578125001 0.62836410625 0.821755875
2 0.8402229578125 0.6860872578125 0.85940850625 0.6952385265625 0.8739405375 0.698539996875 0.90367061875 0.694952346875 0.917982075 0.6887866921875 0.938326346875 0.6701183265624999 0.9425072046875 0.65568143125 0.9404504328125001 0.64495634375 0.8968271203124999 0.5951075234375 0.8733547187499999 0.5570676234375 0.8540588828125 0.543182790625 0.8277491171875001 0.5384667953125 0.8096864859374999 0.5387354078125 0.7783407812500001 0.5505322203125 0.7606090109375 0.5650015203125001 0.7483228140625 0.580539815625 0.7479719046875 0.60425486875 0.7563923484374999 0.6166779328125 0.7968517281249999 0.64705800625 0.8402229578125 0.6860872578125
4 0.6896074453125001 0.5809056406249999 0.7064841390625001 0.5685122515625001 0.7221276265625 0.54196541875 0.7191685109375 0.5312875734375 0.6915625203125 0.5097132390625 0.6000519625 0.45966334062499997 0.5883687578125001 0.462306153125 0.5590640734375001 0.4841518296875 0.536390896875 0.5191912750000001 0.5341092578125 0.537591028125 0.5442083484375 0.544509821875 0.6716235921875 0.58455536875 0.6896074453125001 0.5809056406249999
0 0.5136805 0.74651431875 0.643047940625 0.5989153468749999 0.6526113515625 0.5828425546875 0.5723858234375 0.551836228125 0.5515531390625 0.5495416734374999 0.535090378125 0.540924903125 0.5319421984375 0.522132378125 0.5155582140625 0.516896721875 0.5056324328125 0.51741638125 0.495848446875 0.52402205 0.46788725312499996 0.5647547328125 0.45902136718750003 0.5719893828125 0.4107159 0.63139043125 0.406472021875 0.6431224328125 0.39755887031250003 0.648328415625 0.3976849140625 0.6537382015625 0.376485565625 0.6744824765625 0.3775612171875 0.6818736890625 0.386947025 0.6969544046875 0.3988665578125 0.7044549390625 0.5136805 0.74651431875
0 0.3404137015625 0 0.29487495468749997 0.0023841609375 0.29844423125 0.0780266734375 0.305847753125 0.1243553828125 0.3166873390625 0.16305666875 0.361500884375 0.1864383 0.46164529062500004 0.1805182359375 0.6788423046875 0.1576371640625 0.6913333203125 0.1508897703125 0.695739046875 0.107328034375 0.7009010250000001 0.0962250140625 0.7017489343750001 0.0162889515625 0.699974115625 0 0.3404137015625 0
0 0.93285351875 0.2025646515625 0.942401175 0.18581563437499998 0.9422751328125001 0.18040584843750002 0.9222029953125 0.1719780453125 0.827650253125 0.14646114999999998 0.8077199140625 0.144119353125 0.77311574375 0.132390078125 0.74501704375 0.1284447890625 0.7353591046875 0.14046024375 0.6323759124999999 0.33474828749999996 0.6298106781249999 0.340976021875 0.6318674484375 0.3517011109375 0.778184646875 0.388725909375 0.81356511875 0.39499815625 0.93285351875 0.2025646515625
3 0.767757571875 0.4840585421875 0.7733134328125 0.4898611 0.7700979390625 0.506955646875 0.773896378125 0.5148813578125 0.7968015890625 0.528577221875 0.8157980734375 0.5296138125 0.8328953406249999 0.52668755 0.8400353125000001 0.5229284984375 0.8461469015624999 0.5138069046875 0.8441216390624999 0.5044342640624999 0.8512143484375001 0.49864654374999995 0.8682643484374999 0.49369161093749997 0.8726342718750001 0.48736939375 0.8741868734375 0.47645533906250004 0.87026239375 0.463119840625 0.8464705921875 0.450147440625 0.8211577015625 0.4494415421875 0.796144159375 0.461583884375 0.7724784046875001 0.45402126875000004 0.75889598125 0.452701228125 0.7487811343749999 0.445106209375 0.7388238421875 0.444273421875 0.6795727968749999 0.42164765937500004 0.6496536546875 0.41712063125 0.6416113359375 0.42092692343750004 0.6453625093750001 0.42682396406249995 0.7448523609375 0.47036267656249997 0.756819159375 0.47989188125000004 0.767757571875 0.4840585421875
0 0.2678934984375 0.6280350671875 0.288757690625 0.6316820671875 0.3056501390625 0.6199649015625 0.3173018328125 0.6159696421875 0.3921491015625 0.610019903125 0.40285118593749997 0.604043215625 0.4780694125 0.53646268125 0.6076846437500001 0.43827524531249995 0.6156009203125 0.42905916718750003 0.60727500625 0.42069344218750004 0.5321799484375 0.3772316484375 0.452305328125 0.32251026718750003 0.4404015515625 0.3156859546875 0.42958918125 0.31692908124999997 0.24481210312499999 0.49044863124999993 0.2405839796875 0.502856859375 0.230086715625 0.517624446875 0.2298303375 0.5453968406249999 0.253964459375 0.6118381140625 0.262400659375 0.6249374015625 0.2678934984375 0.6280350671875