1 0.3104693140625 0.0027081921875000002 0.2996389890625 0.0054163843750000005 0.2879061375 0.014895057812500001 0.2861010828125 0.020988490625 0.29061371875 0.026404875 0.446750903125 0.1685849703125 0.454873646875 0.143534190625 0.452166065625 0.1360866625 0.3104693140625 0.0027081921875000002
1 0.33935018125 0.3141503046875 0.1579422375 0.21868652656249998 0.142599278125 0.2146242390625 0.129061371875 0.2254570078125 0.1281588453125 0.23222748750000002 0.142599278125 0.2410291125 0.3131768953125 0.327691265625 0.325812275 0.3317535546875 0.33393501875 0.32566012187500004 0.33935018125 0.3141503046875
1 0.4052346578125 0.32227488125 0.379061371875 0.318889640625 0.37454873593750004 0.3283683140625 0.3447653421875 0.4644549765625 0.3447653421875 0.474610696875 0.362815884375 0.47867298593749996 0.3691335734375 0.47799593749999997 0.37274368281250003 0.46784021718749996 0.4052346578125 0.32227488125
1 0.5902527078124999 0.549085984375 0.5830324906250001 0.5463777921874999 0.49187725625 0.5436696000000001 0.3944043328125 0.5423155046875 0.38176895312500003 0.5463777921874999 0.3808664265625 0.5633039953125001 0.4079422375 0.5660121874999999 0.5731046937500001 0.566689234375 0.585740071875 0.5639810421875 0.5911552343750001 0.552471225 0.5902527078124999 0.549085984375
3 0.064079421875 0.551794178125 0.0712996390625 0.555856465625 0.0956678703125 0.6384563296875 0.10288808593750001 0.6445497625 0.10830324843750001 0.6377792828125 0.093862815625 0.5673662828125 0.09837545156250001 0.549085984375 0.0956678703125 0.5416384562500001 0.0974729234375 0.5355450234375 0.1146209390625 0.52877454375 0.1254512640625 0.5138794859375 0.1227436828125 0.48612051406249995 0.10469314062499999 0.47393365000000004 0.083032490625 0.47122545625 0.07310469375 0.47664184218749994 0.069494584375 0.4820582265625 0.0487364625 0.474610696875 0.0333935015625 0.47393365000000004 0.01895306875 0.4820582265625 0.0126353796875 0.49153689843750004 0.0126353796875 0.5064319562499999 0.0207581234375 0.5213270140625 0.032490975 0.5301286390625 0.05685920625 0.5368991203125 0.06317689531250001 0.5436696000000001 0.064079421875 0.551794178125
2 0.19223826718749998 0.7007447531250001 0.20126353749999998 0.6939742718749999 0.2445848375 0.6418415703125 0.26353790625 0.626269465625 0.2752707578125 0.6113744078125001 0.2509025265625 0.5944482062499999 0.2373646203125 0.5687203796875 0.2373646203125 0.5551794171875 0.23465703906250002 0.5531482734375001 0.20577617343750002 0.5484089375 0.1895306859375 0.5497630328125 0.1687725625 0.5545023703124999 0.1516245484375 0.5653351390625 0.139891696875 0.580230196875 0.1308664265625 0.6059580234374999 0.10288808593750001 0.649966146875 0.09837545156250001 0.6621530124999999 0.0974729234375 0.674339878125 0.10288808593750001 0.6892349359375001 0.1308664265625 0.7068381859375 0.1525270765625 0.7102234265625 0.169675090625 0.7088693296875 0.19223826718749998 0.7007447531250001
2 0.3429602890625 0.8449559921875001 0.36462093906250004 0.840893703125 0.39350180468749996 0.8259986453125 0.4079422375 0.8090724437500001 0.41155234687500003 0.78266756875 0.3989169671875 0.7569397421875 0.3880866421875 0.6946513203125 0.37364620937500004 0.6784021671875 0.3583032484375 0.67298578125 0.3402527078125 0.6723087343749999 0.316787003125 0.6790792140625 0.297833934375 0.7054840890625 0.27346570468750003 0.750846309375 0.25541516249999996 0.7677725125 0.2481949453125 0.78266756875 0.2481949453125 0.8016249156249999 0.25541516249999996 0.8171970203125 0.27436823125 0.833446175 0.29061371875 0.840893703125 0.316787003125 0.845633040625 0.3429602890625 0.8449559921875001
4 0.33844765312499997 0.6079891671875 0.3537906140625 0.5991875421875 0.3700361015625 0.5836154359375 0.37635379062499996 0.5639810421875 0.3610108296875 0.5192958703125 0.351985559375 0.5091401484375 0.3312274375 0.501015571875 0.3104693140625 0.5016926203125001 0.2987364625 0.505754909375 0.25541516249999996 0.53283683125 0.2445848375 0.5443466484374999 0.239169675 0.555856465625 0.239169675 0.5727826671875 0.25 0.5924170609375 0.2707581234375 0.6066350703125 0.297833934375 0.6127285031249999 0.319494584375 0.61205145625 0.33844765312499997 0.6079891671875
4 0.8501805046875001 0.45565335156250003 0.8718411546875 0.44685172656249994 0.8880866421875 0.42721733281249996 0.8889891703125 0.40825998593749996 0.8772563171875 0.391333784375 0.8176895312499999 0.3669600546875 0.795126353125 0.36086662187499996 0.7707581234374999 0.3615436703125 0.7509025265625 0.36831415 0.7355595671875 0.380501015625 0.7247292421875 0.400135409375 0.7247292421875 0.415707515625 0.7337545125 0.43195666875 0.7554151625000001 0.44414353437500004 0.7870036093749999 0.450914015625 0.8321299640625 0.45700744687499995 0.8501805046875001 0.45565335156250003
2 0.9061371843750001 0.6161137437499999 0.9422382671875 0.6140825999999999 0.9738267140625 0.6025727828125 0.9990974734375 0.582261340625 0.9990974734375 0.51997291875 0.9909747296875 0.509817196875 0.9774368234375 0.50236966875 0.9512635375 0.4962762359375 0.9232851984374999 0.4962762359375 0.841155234375 0.4773188890625 0.8267148015625001 0.47799593749999997 0.805956678125 0.48476641875000004 0.792418771875 0.50236966875 0.79061371875 0.5145565328124999 0.803249096875 0.5362220718749999 0.8330324906250001 0.5605958015625 0.8646209390624999 0.59851049375 0.8853790609375001 0.610697359375 0.9061371843750001 0.6161137437499999
2 0.8023465703125 0.6838185515624999 0.825812275 0.6804333109375 0.849277978125 0.6811103593750001 0.8510830328125 0.6790792140625 0.8483754515624999 0.665538253125 0.8339350187499999 0.6343940421875 0.7987364625 0.5842924843749999 0.7409747296875 0.6066350703125 0.7193140796875 0.610697359375 0.6110108296875 0.647935003125 0.6083032484374999 0.649966146875 0.610108303125 0.663507109375 0.6272563171875001 0.7000677046875 0.6380866421875 0.71293161875 0.7599277984375 0.6946513203125 0.8023465703125 0.6838185515624999
0 0.7120938625 0.364928909375 0.7436823109375 0.36831415 0.7599277984375 0.3568043328125 0.7716606500000001 0.3249830734375 0.8023465703125 0.2254570078125 0.805956678125 0.1976980359375 0.792418771875 0.19295869999999998 0.5018050546875 0.134732565625 0.46480144375 0.12931618125 0.45938628125000003 0.1340555171875 0.452166065625 0.152335815625 0.4097472921875 0.2890995265625 0.40884476562499994 0.3019634390625 0.41335740000000004 0.3053486796875 0.596570396875 0.341232228125 0.634476534375 0.3439404203125 0.66064981875 0.354096140625 0.7120938625 0.364928909375
0 0.561371840625 0.4996614765625 0.6037906140625 0.5071090046875 0.6146209390624999 0.49695328437499997 0.664259928125 0.3723764390625 0.66606498125 0.3601895734375 0.653429603125 0.3527420453125 0.5 0.324306025 0.46480144375 0.31550440156250004 0.4503610109375 0.316858496875 0.419675090625 0.404874746875 0.41335740000000004 0.4346648609375 0.4043321296875 0.44955991875 0.4016245484375 0.4590385921875 0.4052346578125 0.4685172640625 0.41335740000000004 0.4691943125 0.422382671875 0.474610696875 0.54061371875 0.498984428125 0.561371840625 0.4996614765625
0 0.6121570390625 0.511548409375 0.4324374671875 0.47903308125 0.49822743750000004 0.5432525390625 0.588684115625 0.5462579546875 0.5898285203125 0.5647183484375 0.5892563171874999 0.5664353421875 0.51941065 0.5672938390625 0.5783790609375 0.627748815625 0.7604368234375001 0.5337298578125 0.65223195 0.4098023015625 0.6121570390625 0.511548409375
2 0.9936823109375 0.4116452265625 0.9990974734375 0.41029113125 0.9990974734375 0.2999322953125 0.9648014437500001 0.3053486796875 0.9386281593750001 0.3141503046875 0.9341155234375 0.3195666890625 0.919675090625 0.324306025 0.9052346578125 0.345294515625 0.9043321296875 0.35748138125 0.9160649812500001 0.3730534875 0.944043321875 0.38862559218750004 0.9837545125 0.40148950625 0.9918772562499999 0.40690589062500004 0.9936823109375 0.4116452265625
0 0.3734404328125 0.57690724375 0.3690956671875 0.587088015625 0.3620361015625 0.5919742718750001 0.3490027078125 0.60093365 0.33705595625 0.6074488828125 0.3396299640625 0.6109864593750001 0.4668456671875 0.7547711578125 0.60695306875 0.6867650640625 0.5140911546875 0.56835545 0.381585740625 0.5646905890625 0.3826308875 0.5513741171875 0.3805 0.5646905890625 0.3745261734375 0.56672715 0.3734404328125 0.57690724375