2 0.3978757796875 0.8689271265625 0.4275996953125 0.8606324531249999 0.4437100375 0.8467203796874999 0.45135618437499997 0.8250960234375 0.4883162890625 0.7685226015625 0.4911191296875 0.7510048125 0.48214481718749996 0.7399397234375 0.461571425 0.7305077796874999 0.4444148796875 0.7315535640624999 0.348387203125 0.7772657515625 0.329422075 0.7963742578125 0.325624971875 0.8133471140624999 0.3292718359375 0.8313266390624999 0.345231940625 0.8523669484375 0.36809992187499996 0.8649004453125 0.3978757796875 0.8689271265625
2 0.6065312125 0.83269925625 0.6204749609375 0.8225168703125 0.654504228125 0.7766299984375 0.6675557390625 0.7665732390625 0.6783887125 0.7479248093749999 0.6779027046875 0.72676053125 0.6740017140625 0.7190906765625 0.659163865625 0.705426540625 0.6405789937499999 0.69708446875 0.625589040625 0.694400565625 0.5942587296874999 0.6981269359375 0.5765419859375001 0.70747070625 0.5695320859375 0.7153069578125 0.53945575 0.7811850390624999 0.5347664140624999 0.7982835203125 0.5371129484375 0.8137064296875 0.5534551734375001 0.8312683046875 0.579968153125 0.8378091781249999 0.6065312125 0.83269925625
0 0.360824709375 0.7392134734375 0.50607938125 0.6995837390624999 0.5143896109375 0.6943041046875 0.5458979984375001 0.6857581796875001 0.552805875 0.6772513671875 0.512597678125 0.5986667625 0.49992642343749993 0.581272940625 0.4630646140625 0.5905726265625 0.3115142078125 0.642732540625 0.3053204921875 0.6559332828125 0.3081511703125 0.6685483203125 0.33510194375 0.7318764125 0.340277290625 0.7359422078125 0.360824709375 0.7392134734375
0 0.8855601484375001 0.6420434296875001 0.91923513125 0.62976781875 0.87326541875 0.549254728125 0.8454242734375 0.5100244109375 0.6272120921875 0.5852687984375 0.6233630453125001 0.5899203 0.6275701046875 0.5996018375000001 0.6795313468749999 0.6895452140625 0.6894999203125 0.7011552359375 0.8855601484375001 0.6420434296875001
3 0.69098578125 0.7947808953125 0.6997041015625001 0.79218350625 0.756193259375 0.7561478859374999 0.765905840625 0.75409543125 0.7876515671875 0.7592527546875 0.807866946875 0.7543516578125 0.822014740625 0.7455103937499999 0.8279283578125 0.7364586453124999 0.828258534375 0.7206588578125 0.824663615625 0.7150006875 0.816709534375 0.7106412109375 0.8006403171875001 0.710848971875 0.79338338125 0.7070762625 0.793841553125 0.6981077140624999 0.7823945765625 0.688760628125 0.7587883234375 0.6893446765625 0.7399753 0.69747295 0.7331694453125001 0.706650325 0.731130846875 0.71721125 0.7367402578125 0.7301199671874999 0.7344976125 0.7393397703125 0.7278698343750001 0.7436975890624999 0.7229504765625 0.753294271875 0.7030671390625 0.766367728125 0.6545320640625001 0.8067628250000001 0.649994828125 0.8128810765625 0.651601228125 0.8174493765624999 0.660829665625 0.81820479375 0.66755946875 0.8145175359374999 0.69098578125 0.7947808953125
2 0.259076278125 0.651485634375 0.2934394515625 0.6377432734374999 0.3226272765625 0.6199351171874999 0.31780807968749997 0.6062302125000001 0.2724004296875 0.5413912843750001 0.25419581562500004 0.505598628125 0.2399200234375 0.5076086546874999 0.18516339843750002 0.5310716671875 0.1600286625 0.5455694453125 0.1553894046875 0.5510171328125 0.156689734375 0.553573753125 0.17091544375 0.5632145203125 0.1997248796875 0.5968290953125 0.259076278125 0.651485634375
0 0.6049543828124999 0.552786521875 0.6158393015625 0.5464594468749999 0.6115802984375 0.5244565546875 0.57017193125 0.42001374374999995 0.5632881609375 0.410709084375 0.554161746875 0.410624228125 0.313031503125 0.4849859171875 0.311170978125 0.49072728593750004 0.344499134375 0.607951528125 0.3482981 0.614950821875 0.3617836765625 0.6137369859375 0.6049543828124999 0.552786521875
1 0.908005121875 0.4601174875 0.9120582109375001 0.456807109375 0.909457553125 0.45169387343749995 0.898698765625 0.44088003750000004 0.8916628953125001 0.4425556125 0.8749404125 0.45244431875 0.7292034625 0.518854071875 0.7271648640625 0.529414996875 0.734736821875 0.53725290625 0.7409824796875 0.53637351875 0.908005121875 0.4601174875
1 0.9141468906249999 0.434595390625 0.91740976875 0.4320812015625 0.9147831359374999 0.4208072859375 0.9100919359375 0.4139336203125 0.9065229890625 0.4144361265625 0.7720771828124999 0.45322890156250006 0.7209395828125 0.46453861406249997 0.7161983015625 0.46931574062500003 0.71882493125 0.48058965468750003 0.7210174984375 0.483020646875 0.7299398671875 0.4817643796875 0.9141468906249999 0.434595390625
1 0.910193959375 0.41460418125 0.9058589046875 0.39809140468750004 0.903462290625 0.39431929062500004 0.8954321593750001 0.3954499296875 0.713723771875 0.44706159375 0.7097727046875 0.45104253437499997 0.7122973125 0.4616458859375 0.7163763765625 0.4644961859375 0.745514121875 0.4583388234375 0.910193959375 0.41460418125
1 0.8849293640625 0.3982985734375 0.8814865484375 0.38166016875 0.87750950625 0.379480428125 0.8686891625 0.38140725625 0.6932264328125 0.4321395359375 0.6897854796875 0.4394732796875 0.6921060421874999 0.44873551093749997 0.6960830812500001 0.45091525 0.7049034265625 0.44898842187500004 0.8849293640625 0.3982985734375
2 0.173204440625 0.49439962499999995 0.1923495078125 0.49444370937500004 0.22077309375 0.48359241875 0.2703302640625 0.4738750828125 0.29905991875 0.4650354765625 0.31290164531250003 0.45418252812500004 0.3149903234375 0.4319708109375 0.3080045296875 0.4219955890625 0.298061928125 0.41654624374999993 0.23641967187500001 0.4067324484375 0.200856325 0.394616603125 0.1737831515625 0.39637371875 0.1520893671875 0.4035377515625 0.13371040781250002 0.42050895 0.1272625671875 0.4440193625 0.1301192171875 0.4627950765625 0.143988778125 0.48207495468749995 0.153141165625 0.48832048749999996 0.173204440625 0.49439962499999995
0 0.7182572796875 0.392999046875 0.7214181328125 0.38981429375 0.7267659625 0.3171440890625 0.728340796875 0.24363526562499999 0.43772570312500003 0.2742798734375 0.4362065421875 0.40805435 0.44484881249999997 0.410947078125 0.5037624171874999 0.408816396875 0.7182572796875 0.392999046875
4 0.384406725 0.42699148906250006 0.40036496406250005 0.424059646875 0.41639925624999996 0.415637690625 0.41902402343749995 0.4029394578125 0.430291059375 0.39313394687500003 0.42503779843749995 0.3705861203125 0.407421215625 0.356628303125 0.385879534375 0.3528121046875 0.32964264062500004 0.354565903125 0.3121039734375 0.3590901203125 0.2990524609375 0.36914687968750004 0.2924766265625 0.3858260546875 0.2954093265625 0.3991116515625 0.3062701375 0.4105960484375 0.31700295 0.41524920625000006 0.384406725 0.42699148906250006
2 0.22448295625 0.3282767875 0.27187353281250004 0.3222891359375 0.2867614625 0.324302478125 0.32008029531250004 0.32166597656249996 0.3453170546875 0.3078387609375 0.352020884375 0.2979908234375 0.35168884375 0.2898184625 0.3378953328125 0.2650484671875 0.3158175640625 0.251718784375 0.2959063921875 0.234659415625 0.293993921875 0.22807943125 0.26804113749999997 0.2132405703125 0.24392477031249998 0.21047181093749998 0.224295559375 0.21323559687500002 0.20359603750000002 0.2209445640625 0.1844268625 0.23871194999999998 0.1751743171875 0.255768003125 0.1720913796875 0.2774347875 0.1743358890625 0.292187134375 0.18851151875 0.31347869687499996 0.2046237265625 0.323538771875 0.22448295625 0.3282767875
2 0.43160430937500005 0.2340462015625 0.4504433078125 0.2320786046875 0.46400493593750003 0.22537464843750002 0.4764183359375 0.20513384375000002 0.4750660640625 0.1902558703125 0.439372859375 0.14733663749999998 0.4207620171875 0.1328338859375 0.40278928281250004 0.128515178125 0.3770164359375 0.1328289125 0.35771926875000004 0.143765059375 0.3482367046875 0.1533193140625 0.3382199171875 0.177332234375 0.3408725203125 0.1947668265625 0.3501529015625 0.207843596875 0.3671573453125 0.217778046875 0.43160430937500005 0.2340462015625
0 0.6484438421875 0.2096796078125 0.71067226875 0.21735609375 0.737287271875 0.224567528125 0.7395818625 0.22766908125000002 0.7720344296875 0.2313188828125 0.8361140609375 0.11339325468749999 0.8485014890624999 0.08699177031250001 0.8502340187499999 0.07441916093749999 0.6536061390625 0.0459403609375 0.6166923859375 0.0429186921875 0.6126133203124999 0.0400683921875 0.5721306203125 0.037549228125 0.561271675 0.05003698125 0.533157890625 0.11084425312499999 0.508511028125 0.17047845781249998 0.5074666890625 0.1815843171875 0.52207451875 0.1877466515625 0.5450946046875 0.18929991562499998 0.6484438421875 0.2096796078125