0 0.845011159375 0.8218179781250001 0.8613047421875001 0.8135014125 0.8658491187499999 0.8080305750000001 0.8515340046875 0.786525425 0.78339540625 0.708758353125 0.7762496671875 0.6959739093749999 0.767255453125 0.6906606562500001 0.7627386484375 0.6913904734375 0.7609531984375 0.6880250390625 0.7329182890625 0.69783275625 0.6505596234375 0.7373942234374999 0.6324490796875 0.7477636671875 0.633339834375 0.749785028125 0.6152411078125 0.7581226046875 0.610692790625 0.76427073125 0.6034761468750001 0.7636774875000001 0.5573543265625001 0.7797909140625 0.544631646875 0.7948383453125001 0.545459375 0.807696328125 0.6332694375 0.917064846875 0.6495433234375 0.9121347265624999 0.845011159375 0.8218179781250001
0 0.5241088171875 0.7544426484375 0.55651478125 0.7689648 0.5728201796875 0.7586163671875 0.7135028703125 0.6222075375 0.72440465 0.6098902703125 0.7262531265625001 0.6024190843749999 0.6794611453125 0.578582978125 0.659691203125 0.5639137484375001 0.5895032312499999 0.5281595921875 0.554145321875 0.555660859375 0.5169113624999999 0.5953743375 0.45157946875 0.6557321515625001 0.448836296875 0.66185926875 0.42524335 0.6838056531250001 0.42429350781249997 0.6919436234375 0.42786834531249995 0.6979972 0.47553532499999995 0.726563821875 0.5241088171875 0.7544426484375
0 0.25921720625 0.677611215625 0.28487134531249997 0.61162005 0.286782846875 0.593312240625 0.3115225953125 0.5293634468749999 0.2817849609375 0.521582665625 0.18260041875 0.5058060609374999 0.1654554734375 0.505328378125 0.11047387812500001 0.6481893546874999 0.1086214625 0.65633783125 0.1113173640625 0.6583381796875 0.2402434796875 0.6812182765625 0.2546846453125 0.6810501875 0.25921720625 0.677611215625
0 0.3806420421875 0.438485615625 0.39692380625 0.432200915625 0.4306932234375 0.3674697765625 0.43901727656249995 0.3328335 0.44541013124999995 0.3198914734375 0.44454695 0.31312909218749996 0.440057721875 0.3091178875 0.4256717015625 0.29980393437499997 0.34815285 0.28309790625 0.3174693109375 0.2827778078125 0.2863367078125 0.359668628125 0.267166025 0.3971401265625 0.2561539484375 0.42842147812500003 0.25791970468750003 0.435173353125 0.381422503125 0.4594710625 0.3832946140625 0.447936140625 0.3806420421875 0.438485615625
0 0.60375875 0.4047354515625 0.46411205625 0.3630173375 0.4416068203125 0.353120646875 0.34216674375 0.53645643125 0.339392059375 0.5480018578125 0.36732455 0.55580365 0.5097065359374999 0.592749228125 0.5945951515625 0.42854561562500004 0.60375875 0.4047354515625
4 0.8555421515624999 0.7180772359375001 0.8844087265624999 0.7204502125000001 0.90338639375 0.7161658640625 0.9214969390625001 0.70579641875 0.9315040234374999 0.6921350828125 0.934329915625 0.671784903125 0.9290050781250001 0.6562702953125 0.9164478421875 0.6428715984375 0.8984633484375 0.6315678 0.8551831796875 0.6246218921875 0.8272506906249999 0.6168201015625 0.7875650578125 0.6125413234375 0.77491328125 0.6153975578125 0.7640351359374999 0.623651090625 0.759475003125 0.631831084375 0.760298790625 0.645366353125 0.819553471875 0.6988560859375 0.8348302437499999 0.7101914 0.8555421515624999 0.7180772359375001
4 0.6400158 0.5329895875 0.6553595390625 0.53281099375 0.6672673515625 0.528608934375 0.6905835171875 0.52833754375 0.71409374375 0.5206142218750001 0.7222562921875 0.513746784375 0.7295517171875 0.500794253125 0.728716109375 0.48929085 0.7224611265625 0.47852776874999997 0.700874221875 0.46591141406250003 0.691860309375 0.4639846046875 0.6512366515625 0.465811934375 0.6313524734375 0.470784078125 0.615957525 0.4797674265625 0.608677853125 0.4900108046875 0.6076728640625 0.5076308171874999 0.610341190625 0.5143721875 0.62381281875 0.5257285140625 0.6400158 0.5329895875
3 0.10467583437500001 0.5588607765625 0.129045303125 0.5585771265624999 0.142611471875 0.5536785203125001 0.15173567968749999 0.5366412453125 0.15267764374999998 0.529857853125 0.1455161484375 0.519782565625 0.127527715625 0.5091560578125 0.10960624999999999 0.48701563906249995 0.10699307031250001 0.470792225 0.10160520937499999 0.4661142375 0.0934820515625 0.4662087890625 0.09166114843749999 0.46893895468749996 0.0915114609375 0.49467592656250003 0.08235967968749999 0.516454221875 0.0687541203125 0.528125715625 0.0668268609375 0.5491426796875001 0.07488699062500001 0.5598847484375 0.0929108765625 0.564415659375 0.10467583437500001 0.5588607765625
2 0.2289625265625 0.44837801875 0.22637692031249998 0.4274135859375 0.2147025609375 0.417390825 0.1921855078125 0.40952599999999995 0.0398476453125 0.37743700625 0.0199752859375 0.3803772828125 0.006377603125000001 0.3906941984375 0.00608216875 0.44149085781249997 0.009680642187500001 0.4434807 0.0655535015625 0.45772970625 0.11243608281249999 0.465988171875 0.166491978125 0.482290053125 0.1917718984375 0.48064131874999994 0.2125822828125 0.47159493750000003 0.22165922187499998 0.46268512968750003 0.2289625265625 0.44837801875
2 0.1394339796875 0.32413015624999997 0.234874296875 0.3629766015625 0.2465919875 0.36554918281250004 0.270078578125 0.36188959375 0.28551685781249997 0.34545606875 0.2855917015625 0.3325875828125 0.2290801921875 0.2729707328125 0.20759964375 0.24206758593750002 0.1923307484375 0.22937769531250002 0.1770264015625 0.2227834015625 0.1571934328125 0.21895079062499997 0.140044546875 0.21915039687500001 0.10659420156249999 0.2290211453125 0.0812000484375 0.25031125625 0.07386916875 0.2693593859375 0.074704775 0.2808627875 0.088101559375 0.30508760156250003 0.10608211249999999 0.3170686875 0.1394339796875 0.32413015624999997
2 0.6220938265625 0.35576055 0.6294286453125 0.3360351296875 0.640649496875 0.2688574765625 0.46190461093749996 0.27703318125 0.453734184375 0.285255196875 0.45081375156250003 0.32186030625 0.4534702609375 0.3306335421875 0.45975281875 0.336655603125 0.6220938265625 0.35576055
2 0.681214575 0.4322781 0.7246011015625 0.4209372109375 0.755300396875 0.41854815624999997 0.78424969375 0.40669806875000003 0.7987578265625 0.39501607031249997 0.8097068765625 0.3745713390625 0.8089461124999999 0.3501994484375 0.7946310000000001 0.3286942984375 0.7694534984375 0.3127335234375 0.7397001046875 0.307661896875 0.708102175 0.309384171875 0.6791568171875 0.3205569703125 0.6655591359375 0.330873884375 0.6564428062500001 0.3465565828125 0.6517684359375 0.37437795 0.639889240625 0.3995742078125 0.6397710671875 0.419892871875 0.648741646875 0.42926985625 0.6613461546875 0.4345410890625 0.681214575 0.4322781
2 0.85006711875 0.5732109796875 0.8816020234374999 0.582325325 0.9158919140625 0.5832806921875 0.9502448328125 0.5733994359375 0.96836325625 0.561675415625 0.983829109375 0.5405008687499999 0.9866786375000001 0.51608695625 0.9760053281250001 0.489121471875 0.9571537156250001 0.47173258125000006 0.925642446875 0.45855450312499996 0.8940799703125 0.454181178125 0.875122 0.455079084375 0.85614039375 0.460040721875 0.8271635234374999 0.47663183125 0.8081858562500001 0.48091618125 0.785558509375 0.492015440625 0.7656073640625001 0.5085014937500001 0.761941925 0.518025559375 0.7637037390625 0.5254547265625 0.782555353125 0.542843615625 0.8293867265625 0.55990683125 0.85006711875 0.5732109796875
1 0.32732823125 0.760119309375 0.3811945390625 0.6538424328125 0.3830469546875 0.6456939546875 0.3776551515625 0.6416932578125001 0.3695438140625 0.639755940625 0.3632021671875 0.6438932125 0.3011614953125 0.75906939375 0.3011260421875 0.7651649921875 0.31554357187500004 0.7690606359375 0.3227799140625 0.7662674375 0.32732823125 0.760119309375
1 0.409213690625 0.646743871875 0.40923338593749997 0.6433574281250001 0.40113386406249996 0.6393882468750001 0.3930225265625 0.637450928125 0.38849390625 0.6402126109374999 0.33283032968750004 0.745155921875 0.3273164140625 0.7621511765625 0.3435351515625 0.7667030968749999 0.350787246875 0.761200740625 0.409213690625 0.646743871875
1 0.30662026249999996 0.7515561843749999 0.3157759828125 0.7291006 0.3632100453125 0.6425386359374999 0.3632376203125 0.6377976125 0.35783399843749997 0.6358287812500001 0.34610843125 0.634610775 0.3415719328125 0.6387270359375 0.2850057828125 0.743680853125 0.27952337968749996 0.7552577968749999 0.2822074625 0.7592900109375 0.30024710468750004 0.761111765625 0.3011811890625 0.75568295 0.30662026249999996 0.7515561843749999
1 0.3092093 0.616754709375 0.3020123515625 0.6127750203125 0.2902789046875 0.61291159375 0.28575028125 0.615673275 0.26155070625 0.7419221328125001 0.2750735421875 0.7444737031249999 0.28592805 0.740283903125 0.3092093 0.616754709375