0 0 0.5917400140625 0.07310469375 0.597833446875 0.1064981953125 0.60324983125 0.1633574 0.6059580234374999 0.1732851984375 0.6093432640625001 0.185920578125 0.6066350703125 0.21660649843750002 0.5917400140625 0.2319494578125 0.5484089375 0.2454873640625 0.490182803125 0.2788808671875 0.37846987187500003 0.2788808671875 0.3676371015625 0.2707581234375 0.35748138125 0.26353790625 0.3527420453125 0.2409747296875 0.352064996875 0.08754512656249999 0.3527420453125 0.0794223828125 0.3601895734375 0.047833934375 0.43872714999999995 0 0.5605958015625 0 0.5917400140625
0 0.2671480140625 0.9038591734375 0.29061371875 0.9282329046875001 0.30144404375 0.9248476640625001 0.31227436875 0.9167230875 0.333032490625 0.9079214625 0.33844765312499997 0.90115098125 0.354693140625 0.8957345968749999 0.40342960312500004 0.869329721875 0.41606498125 0.8578199046874999 0.449458484375 0.840893703125 0.5144404328125 0.8016249156249999 0.5171480140625 0.794854434375 0.49368231093750004 0.7698036562499999 0.4900722015625 0.76100203125 0.3510830328125 0.60324983125 0.303249096875 0.5551794171875 0.2545126359375 0.5741367640624999 0.10018050468749999 0.656736628125 0.099277978125 0.6696005421875 0.10288808593750001 0.6770480703125 0.1380866421875 0.71902505 0.1498194953125 0.740013540625 0.1570397109375 0.744752878125 0.2671480140625 0.9038591734375
0 0.9079422375 0.7772511843750001 0.9268953062499999 0.7725118484375 0.9268953062499999 0.766418415625 0.8294223828125 0.5321597828125 0.6435018046875001 0.555856465625 0.615523465625 0.5619498984375 0.6146209390624999 0.5734597156250001 0.631768953125 0.6289776578125 0.6326714796874999 0.6438727156249999 0.68231046875 0.8043331078125 0.7870036093749999 0.7935003390625 0.9079422375 0.7772511843750001
0 0.5144404328125 0.3994583609375 0.5135379062500001 0.380501015625 0.5225631765625 0.3676371015625 0.5812274375 0.3568043328125 0.6092057765625001 0.3446174671875 0.6407942234374999 0.341232228125 0.6380866421875 0.3215978328125 0.5523465703125 0.189573459375 0.54602888125 0.19295869999999998 0.532490975 0.19092755625 0.42960288750000003 0.21936357499999998 0.4097472921875 0.22816519999999998 0.3998194953125 0.2410291125 0.3989169671875 0.24847664218749999 0.406137184375 0.2647257953125 0.4819494578125 0.40622884218750005 0.489169675 0.40893703437499995 0.49729241875 0.40825998593749996 0.5144404328125 0.3994583609375
2 0.653429603125 0.27826675624999997 0.677797834375 0.2769126609375 0.691335740625 0.2701421796875 0.704873646875 0.2579553140625 0.7427797828125 0.1530128640625 0.7599277984375 0.12931618125 0.7617328515625 0.1137440765625 0.7572202171875 0.10291130625 0.7400722015625 0.086662153125 0.717509025 0.0771834796875 0.6904332125 0.07244414375 0.6588447656249999 0.07312119218749999 0.6380866421875 0.0771834796875 0.615523465625 0.086662153125 0.5956678703125 0.10291130625 0.5902527078124999 0.1144211234375 0.58935018125 0.1279620859375 0.6028880859375 0.159106296875 0.620938628125 0.262017603125 0.631768953125 0.2714962765625 0.6444043328125 0.2762356125 0.653429603125 0.27826675624999997
2 0.212996390625 0.3141503046875 0.37274368281250003 0.2802979015625 0.379061371875 0.2755585640625 0.3664259921875 0.2207176703125 0.357400721875 0.20717670937500002 0.150722021875 0.2200406234375 0.13267147968749998 0.21665538281250002 0.129061371875 0.21936357499999998 0.129061371875 0.2329045359375 0.1380866421875 0.264048746875 0.1579422375 0.30805687187499997 0.1732851984375 0.3263371703125 0.180505415625 0.32227488125 0.212996390625 0.3141503046875
2 0.8727436828125 0.382532159375 0.8998194953124999 0.3730534875 0.9160649812500001 0.3568043328125 0.9431407937499999 0.28232904531249997 0.97021660625 0.2254570078125 0.9711191328125001 0.21056195 0.9620938625000001 0.1970209890625 0.941335740625 0.185511171875 0.91064981875 0.1794177390625 0.8826714796875 0.18212593125 0.8664259921875 0.1882193640625 0.8510830328125 0.200406228125 0.792418771875 0.3019634390625 0.7734657046875 0.323628978125 0.7752707578125 0.3480027078125 0.7888086640624999 0.3656059578125 0.7987364625 0.3730534875 0.8203971125 0.380501015625 0.8402527078125 0.38388625625 0.8727436828125 0.382532159375
4 0.601985559375 0.44549762968750006 0.6119133578125 0.44482058281250003 0.6768953062499999 0.419769803125 0.7111913359375001 0.40419769843750003 0.715703971875 0.39675016875 0.715703971875 0.37914691875 0.7084837546875 0.36086662187499996 0.696750903125 0.3466486125 0.6850180499999999 0.33987813125 0.6335740078125001 0.3446174671875 0.6001805046875 0.3513879484375 0.52436823125 0.36831415 0.5153429609375 0.37508463124999997 0.5171480140625 0.3974272171875 0.5252707578125 0.41909275625 0.547833934375 0.4536222078125 0.558664259375 0.4624238328125 0.5685920578125 0.4610697359375 0.601985559375 0.44549762968750006
4 0.5397111906250001 0.5971563984375 0.5658844765625 0.5991875421875 0.5812274375 0.5958023015625 0.5911552343750001 0.589031821875 0.6110108296875 0.5639810421875 0.629061371875 0.5247122546874999 0.6254512640625001 0.50236966875 0.6110108296875 0.48408937031250004 0.601985559375 0.49424509062500005 0.569494584375 0.4820582265625 0.575812275 0.47122545625 0.5731046937500001 0.4664861203125 0.5397111906250001 0.46513202500000006 0.5189530687499999 0.4691943125 0.5027075812499999 0.4773188890625 0.48646209375 0.4895057546875 0.47653429531249997 0.5050778609375 0.47472924218749996 0.5280974953124999 0.48104693125000003 0.5443466484374999 0.5 0.5639810421875 0.5063176890625 0.5761679078124999 0.52436823125 0.591062965625 0.5397111906250001 0.5971563984375
1 0.623646209375 0.45700744687499995 0.6164259921874999 0.4502369671875 0.6028880859375 0.44617467812499995 0.5911552343750001 0.44955991875 0.5216606500000001 0.555856465625 0.5207581234374999 0.5599187546875 0.532490975 0.5660121874999999 0.5487364625 0.5660121874999999 0.554151625 0.5605958015625 0.6227436828124999 0.4644549765625 0.623646209375 0.45700744687499995
1 0.44855595625 0.40419769843750003 0.438628159375 0.40352065000000004 0.36823104687499997 0.45836154375 0.3555956671875 0.47393365000000004 0.2888086640625 0.525389303125 0.29061371875 0.5335138796875001 0.305956678125 0.5463777921874999 0.4557761734375 0.429925525 0.4638989171875 0.4204468515625 0.460288809375 0.4116452265625 0.44855595625 0.40419769843750003
1 0.5090252703125 0.5842924843749999 0.5 0.56804333125 0.48826714843749996 0.5565335140625 0.47563176875 0.56127285 0.47563176875 0.580230196875 0.5090252703125 0.7427217328125 0.5252707578125 0.7440758296875 0.5397111906250001 0.7393364921875001 0.5397111906250001 0.7305348687500001 0.5090252703125 0.5842924843749999
1 0.626353790625 0.6398104265625 0.6028880859375 0.6357481375 0.5929602890625 0.647935003125 0.53519855625 0.819228165625 0.5333935015625 0.828029790625 0.5397111906250001 0.833446175 0.564079421875 0.8361543671874999 0.6245487359374999 0.663507109375 0.6299638984375 0.645903859375 0.626353790625 0.6398104265625
3 0.830580325 0.4986486125 0.8740496390624999 0.4967907921875 0.8967184109374999 0.4801421796875 0.8859837546874999 0.46438591718750005 0.7724981953125 0.46115301249999996 0.7863619140625 0.453992553125 0.8766236468749999 0.4500521328125 0.8887861015625 0.44724847656250005 0.8812238265625 0.42313540937500005 0.839632671875 0.4191679078125 0.8117635375000001 0.43069939062499996 0.8007725625000001 0.44474949218750004 0.770541515625 0.45067975625 0.631090253125 0.450534190625 0.6217391703125 0.46636966874999997 0.756791515625 0.47218821875000005 0.7994151625 0.47267772499999994 0.8060342953124999 0.488585646875 0.830580325 0.4986486125
0 0.479793321875 0.5456716312500001 0.4712093859375 0.527872715625 0.4850640796875 0.488988490625 0.5378583031249999 0.46389031875000003 0.36425451249999996 0.29310765 0.2572202171875 0.34867975625000003 0.2831588453125 0.3709282328125 0.2440171484375 0.4824035203125 0.3004693140625 0.5489045359375 0.354330325 0.606453621875 0.479793321875 0.5456716312500001