0 0.25883376875 0.5314392875 0.273671840625 0.41657386875 0.271914528125 0.40581143124999997 0.262249665625 0.39666489843749997 0.2543542796875 0.3927947765625 0.23197394375 0.3947422578125 0.0806443421875 0.4132318234375 0.0738351109375 0.421574246875 0.055396915625 0.50327009375 0.027953203125 0.6299021812500001 0.0330054734375 0.6608441875 0.1061503984375 0.6584088218749999 0.1399894015625 0.659912240625 0.1965504 0.6560001109375 0.20689858437500003 0.6582105125 0.2189307390625 0.6540526265625 0.246802321875 0.635690896875 0.25491701718750004 0.5908594609375 0.25883376875 0.5314392875
0 0.48683755624999997 0.8768812374999999 0.5170521046875 0.8561871328124999 0.574820903125 0.8096273171874999 0.5763950437500001 0.8025863781250001 0.5491699359375 0.780423184375 0.5441788375 0.7720979265625 0.381401675 0.6315099828124999 0.32639013125 0.5893063578125 0.28136113906250004 0.6138001125 0.1424303875 0.7137854031249999 0.143626375 0.726670603125 0.14839780625000001 0.7336505546875001 0.1899493765625 0.7712675828125 0.20493483281249997 0.7907573328125 0.2128302171875 0.79462745625 0.3473207984375 0.9399144765624999 0.3744360765625 0.9614050187500001 0.384576759375 0.9567840921874999 0.3939486171875 0.9474546015625 0.4130096640625 0.9362995984375001 0.417256265625 0.92894424375 0.432412375 0.921676528125 0.47623321875 0.8897836 0.48683755624999997 0.8768812374999999
0 0.6659274953125001 0.6391698406249999 0.7409527875 0.792824125 0.84253061875 0.7699042656249999 0.95926455625 0.7397166921875 0.9772029578125 0.7328072140625 0.97621446875 0.72675334375 0.8420040203125 0.5053346484375 0.662339178125 0.550467384375 0.6357122421875 0.5597702203125 0.636688565625 0.5713101140625 0.662620371875 0.624476296875 0.6659274953125001 0.6391698406249999
0 0.507260653125 0.2012447640625 0.4935688546875 0.20079888750000002 0.39662829374999997 0.2409980953125 0.378458065625 0.25204829218749997 0.37074585312499997 0.26598154375 0.3710631828125 0.2734855234375 0.3808257140625 0.28879073437499997 0.47860949374999995 0.42057140156250006 0.48617538437499996 0.4224235671875 0.494082934375 0.42080766562500005 0.5095807015625 0.41007188437500003 0.5056145875 0.39134242812500003 0.5124359796875 0.37751398125 0.5685819828125 0.3599391953125 0.5942204328125 0.3445824890625 0.624849978125 0.337551040625 0.6189923890625 0.318358540625 0.512947234375 0.197147865625 0.507260653125 0.2012447640625
2 0.6815433718749999 0.07310520625 0.6577352203125 0.06630820937500001 0.6302417890625 0.06474380625000001 0.599172915625 0.0690846453125 0.5793430421875 0.0755310828125 0.5586101859375 0.08756834999999999 0.541648109375 0.10601772031250001 0.5381703328125 0.118081640625 0.5394761515625001 0.13163949218749998 0.5578907265625 0.1610094140625 0.5924015921875 0.261156446875 0.6046290828124999 0.2693159140625 0.6178693890625 0.272557203125 0.6271070875 0.27352710625 0.6509395687499999 0.2693520578125 0.6632035515625 0.261053453125 0.6745888796874999 0.24737363124999998 0.6949793671875 0.13871070937500002 0.708060834375 0.113176578125 0.7073163375 0.09749596875 0.701104925 0.0872575578125 0.6815433718749999 0.07310520625
2 0.10218180937500002 0.2893513296875 0.11614228124999999 0.31924527812500003 0.1428794046875 0.36066195625 0.1609888125 0.3770418765625 0.1674563828125 0.37216751875 0.198207925 0.3603226984375 0.350391503125 0.308139534375 0.35585841875 0.30269733125 0.33449054375 0.249679775 0.323385703125 0.237274784375 0.1214746859375 0.274055609375 0.10310912187500001 0.2727884546875 0.09998516874999999 0.2758982859375 0.10218180937500002 0.2893513296875
2 0.8649553718749999 0.1454503484375 0.8377792734374999 0.1513899234375 0.8227329984375 0.15933029062499998 0.8095660312499999 0.1732197203125 0.7681375171875 0.2809299078125 0.7529449171875 0.3046556921875 0.7586805078125 0.3286615609375 0.7748984421875 0.3445784390625 0.78590561875 0.35082475468749996 0.8084934546874999 0.3557086015625 0.828640659375 0.35676614375 0.860490521875 0.3516478453125 0.8856774796875 0.33908655312499997 0.8990762734375 0.321056403125 0.9137193609375001 0.24392049375 0.9312180796874999 0.1842735453125 0.9296925953124999 0.1693703921875 0.91858775625 0.1569654 0.8962317484375 0.14794083593750001 0.8649553718749999 0.1454503484375
4 0.668280503125 0.331070271875 0.618272578125 0.34175274375 0.5864105484375 0.352357065625 0.5143274531250001 0.377977021875 0.5065175703125 0.3857516 0.511923665625 0.40773951249999996 0.5234556718750001 0.4283211359375 0.5513276078125 0.46000626718750004 0.5634452671875 0.46749308125000005 0.5730246250000001 0.46499491718749997 0.6034588375000001 0.44564611562499995 0.613148028125 0.44382060624999997 0.673223296875 0.411386484375 0.7045483296875 0.39193288125 0.707794278125 0.38400967812500003 0.704938646875 0.36652071875000003 0.694846621875 0.349197553125 0.6809594875 0.33643432500000003 0.668280503125 0.331070271875
4 0.6113667390625 0.49407707656250005 0.5773202375 0.48574233125 0.5817986671875001 0.4742462578125 0.5783573828125 0.46985210781250003 0.54517736875 0.47238460312499997 0.525347496875 0.4788310390625 0.51063071875 0.48878936250000005 0.4965729296875 0.5027836 0.48930004374999997 0.5194074625 0.491252690625 0.5424872484375001 0.5001244 0.5578972624999999 0.5220167531250001 0.575203265625 0.53022946875 0.58657736875 0.550462178125 0.5992796109375 0.5665946078124999 0.603551790625 0.592757890625 0.6025303906249999 0.6073526734375 0.5973854375000001 0.6160533765625 0.5895060562500001 0.6315876359375 0.5623122031250001 0.643033784375 0.5212022671875001 0.6358460484374999 0.499423965625 0.6186274609375 0.48293924062500004 0.6113667390625 0.49407707656250005
1 0.5749168046875 0.56555168125 0.6270229984375 0.46206985625 0.6267056640625001 0.45456587343750005 0.6184807828125 0.4486777953125 0.6044594875 0.4462139625 0.5934279859375 0.4509396953125 0.542078453125 0.564616109375 0.541846625 0.5687568296875 0.554415775 0.5734482296875 0.5704505390625 0.5715617328125 0.5749168046875 0.56555168125
1 0.46309956249999995 0.43679320468749994 0.4581084671875 0.4284679484375 0.4453196515625 0.42243124375 0.4354107984375 0.42291144999999997 0.37482321406249997 0.48557110156250005 0.364877865625 0.5025093796875 0.30730440312499996 0.5613865453125 0.310404028125 0.5692487625 0.327634778125 0.5802474625 0.45661982968750003 0.4471535859375 0.46309956249999995 0.43679320468749994
1 0.588231509375 0.73606428125 0.5342199125 0.5943347796875 0.52267574375 0.579239178125 0.5092279390625001 0.5691665609375 0.497525278125 0.5753424015624999 0.500600575 0.5941766656249999 0.5599205984375 0.751735403125 0.5761750250000001 0.7511942109375 0.589659325 0.744808759375 0.588231509375 0.73606428125
1 0.6635845296875 0.6415022140625 0.6590327625 0.6358675640625 0.63521244375 0.634556590625 0.6273904 0.6478171890625 0.5981653984374999 0.8247057515625 0.5978115749999999 0.833659840625 0.604925971875 0.838307421875 0.6294174453125 0.8381682859374999 0.6610952421875 0.6596200046875 0.6635845296875 0.6415022140625
3 0.8754474 0.39100272187499996 0.8337521203125 0.391890725 0.8081151406249999 0.406583625 0.7995459640625 0.4218188234375 0.7706690703125 0.4312211453125 0.6330030468750001 0.4472702125 0.62634211875 0.464088765625 0.7605865656249999 0.4541866703125 0.8027367406250001 0.44972335625 0.8118506296874999 0.46475935 0.8377106984375 0.4719065890625 0.8803147843750001 0.46501298437500005 0.8999887453125 0.44584006875000004 0.886837321875 0.4314326609375 0.7742993609375 0.441399184375 0.7868216671875 0.4326753 0.8752733718749999 0.4182788765625 0.88682325 0.414081065625 0.8754474 0.39100272187499996
0 0.3226284828125 0.5833950171875 0.3851265703125 0.6343158828125001 0.4991019921875 0.5593592187499999 0.487742028125 0.5426726687500001 0.4951091390625 0.5024320390625 0.5431470843749999 0.47136612343750006 0.34409046718749997 0.3218519140625 0.2474595484375 0.3894924984375 0.276670909375 0.40858441875 0.2561206546875 0.523881240625 0.3226284828125 0.5833950171875