0 0.2972464453125 0 0.063669196875 0.0921299171875 0.0379223765625 0.2334835015625 0.039614509375 0.239287765625 0.0367079046875 0.240151121875 0.008896478125 0.392839665625 0.0157109125 0.40574184375 0.042164425 0.45170301874999996 0.050679121875 0.4552705265625 0.07017523437499999 0.4538943578125 0.4259119875 0.3473878984375 0.5656342046875 0.299789140625 0.5660822203125 0.2922980359375 0.5478168359375 0.2567287140625 0.490713190625 0.1626892296875 0.4146613796875 0.026766120312500002 0.397690603125 0 0.2972464453125 0
4 0.5400705109375 0.6263004750000001 0.5769522296875 0.6451979703124999 0.6005612921875 0.65142975625 0.630105015625 0.6552680640624999 0.6741439953125 0.6499655234375 0.7130229015625 0.6327410125 0.728368290625 0.61893283125 0.737134009375 0.6060278796875 0.7443749453125 0.5763370250000001 0.73938221875 0.5534334140625 0.7298663000000001 0.5352370109375 0.7131257015625 0.5164535921875 0.6928712609375001 0.5018673437500001 0.68008439375 0.486534584375 0.6617272078124999 0.47159501718749997 0.6364260109375001 0.45955896718749994 0.6053493750000001 0.45407369218750004 0.581815859375 0.45749002031249997 0.5698250921875 0.4629437390625 0.5408723484375 0.48604948906249995 0.50637893125 0.5295114234375 0.50030656875 0.5628495328125 0.5028407046875001 0.5791253968750001 0.510580815625 0.5970083546875 0.5400705109375 0.6263004750000001
2 0.46620426875 0.7047929046875 0.452810165625 0.69279395625 0.43283639375 0.6816982406250001 0.4001053984375 0.6752327578124999 0.37100156093750003 0.6790422781250001 0.35800144375 0.6850060359375 0.2474179640625 0.8141380609375 0.22307209062500002 0.8270457828125 0.20760525468750002 0.8415207265625 0.198839534375 0.8544256796875 0.193700975 0.8776056328124999 0.20038583437500002 0.9063135093750001 0.2139769328125 0.9272938093749999 0.2350356015625 0.9475275999999999 0.265337653125 0.9673283265625001 0.3931958125 0.989896321875 0.4317481484375 0.9794961546875 0.4531874171875 0.9674517890625 0.47152308749999994 0.9472894296875 0.4789232421875 0.9217558703125001 0.4771177890625 0.9014794343749999 0.46728342968750003 0.8749684421874999 0.4724114703125 0.7210288953124999 0.46620426875 0.7047929046875
2 0.704353765625 0.9168132640625 0.7234315062500001 0.9428911921875001 0.7565187156250001 0.9624953234375001 0.7906611781249999 0.9712745375 0.8365137390624999 0.9711095000000001 0.8554862906249999 0.967576321875 0.8703836624999999 0.961259246875 0.89933640625 0.9381534953124999 0.9046719578125 0.9239548937500001 0.903913628125 0.907992475 0.8440654656250001 0.7384549125000001 0.8468587515625 0.7231193828125 0.8426702546874999 0.7058633125 0.8229475046875001 0.6782951374999999 0.7984964406249999 0.6615917515625 0.769279284375 0.6509291 0.7382026500000001 0.6454438234375 0.6946494578125 0.6480793140625 0.6659855125 0.6595366640625 0.6501165609374999 0.6711878359375001 0.635051840625 0.6884865515625 0.6309226328124999 0.711156465625 0.638457621875 0.7351970078125001 0.6538623 0.761314809375 0.704353765625 0.9168132640625
1 0.66343894375 0.140185421875 0.84592638125 0.0540257625 0.765127128125 0.0397640453125 0.5643499234375 0.13577118593749998 0.5528827187500001 0.1433819125 0.553444053125 0.150362978125 0.569334521875 0.1738137328125 0.5769613140625001 0.1772245203125 0.66343894375 0.140185421875
1 0.942432496875 0.13299774375 0.9336749046874999 0.130763759375 0.9214034703125 0.13272694375 0.8630662250000001 0.1561516828125 0.834682946875 0.171099565625 0.8126823421875 0.17616286406249998 0.6836149703125 0.2256422875 0.650184934375 0.24314036875 0.6502227078125 0.24796442812500002 0.6699454578124999 0.275532603125 0.6919460625 0.27046930625 0.9991070875 0.153478575 0.9993683296875 0.10857494375000001 0.9991153796875001 0.1085927984375 0.9959281062500001 0.1059656234375 0.965731246875 0.1157760046875 0.9584228937500001 0.120679809375 0.9481701625 0.1216229140625 0.942432496875 0.13299774375
3 0.9671522765624999 0.7016838437499999 0.9729817453124999 0.669679259375 0.9224305140625001 0.7006720796875 0.9147578171875 0.7075761703125 0.9136647921875 0.7135770296875 0.9215722546875 0.7204783499999999 0.9270211234374999 0.7207519203125 0.9671522765624999 0.7016838437499999
2 0 0.5347595453125 0.018150378124999998 0.5231661921875 0.04924326875 0.49837359843750006 0.021810053125 0.4728854578125 0 0.45731415625 0 0.5347595453125
0 0.841210496875 0.5679659312500001 0.9970065015625 0.5145386000000001 0.9987074265624999 0.2221744640625 0.6606992078125 0.3564843984375 0.648465546875 0.363271640625 0.6490268828125 0.3702527078125 0.73840538125 0.49338771406250004 0.8046768609375 0.5773460203125 0.841210496875 0.5679659312500001
0 0.5084225796874999 0.532097778125 0.3801995875 0.39073805156249997 0.3664165828125 0.3969345625 0.0253374 0.5605837671875 0.1875284515625 0.7322889734375 0.5162575234375 0.6009166031250001 0.49934223437499997 0.5780708812500001 0.5084225796874999 0.532097778125
1 0.9530786203125 0.0729389953125 0.6560255265625 0.193580425 0.6762081203125 0.226055415625 0.9994476234375 0.09494555 0.9995279546875 0.08113767656250001 0.9530786203125 0.0729389953125
1 0.6834511609375 0.13666508125000001 0.70115993125 0.162621121875 0.93320466875 0.0694310828125 0.8587992124999999 0.056297921875000004 0.6834511609375 0.13666508125000001