0 0.8838612187500001 0.22749549375 0.73052094375 0.1354119109375 0.7120137546875001 0.12056062812499999 0.6972030671875 0.11649964374999999 0.6848688765625 0.125122046875 0.595357384375 0.21043288593749998 0.590709128125 0.22215276718750002 0.5948448484375 0.2302583515625 0.609667696875 0.2398091984375 0.63116391875 0.2475184015625 0.6323960859375 0.2511151671875 0.6426439984375001 0.2552451390625 0.6462185359375 0.2612167515625 0.6887960875 0.29029958906250003 0.7867489234375 0.3481378703125 0.806537278125 0.338465440625 0.8317425171874999 0.312374884375 0.8865083265625 0.2669570015625 0.905711178125 0.2441708828125 0.8838612187500001 0.22749549375
0 0.5183753703125 0.2747992453125 0.45912010781249996 0.30314535625 0.45768049218750007 0.30638080625 0.4696241109375 0.32240255156250003 0.47052686718750003 0.3280128484375 0.49574391562500003 0.35749206718750004 0.5324775265625 0.411167603125 0.5904999156249999 0.47938455468749996 0.5985152625 0.4804685015625 0.6694580515624999 0.45301691093749996 0.693357803125 0.44047034687500003 0.743633803125 0.42806061093750003 0.736252959375 0.411969878125 0.6180611 0.26083905 0.6024453015625 0.245006728125 0.5183753703125 0.2747992453125
0 0.35100343125 0.42984586562500005 0.3509179484375 0.44149676250000003 0.4142220359375 0.6332267890625001 0.4279103609375 0.6330198328125001 0.5862168484375 0.6057203109375 0.5870952828125 0.600350890625 0.5256821875 0.4081905609375 0.35100343125 0.42984586562500005
0 0.1478632078125 0.313876975 0.17109091406250002 0.450107359375 0.23942272656250002 0.4497437546875 0.3175389140625 0.44521511093750005 0.31716085625 0.42526920468749996 0.3055591640625 0.36264387343750004 0.307328190625 0.3573948890625 0.3013869609375 0.3380687078125 0.3015700859375 0.32025677343750003 0.29728807968750004 0.2963527875 0.293493934375 0.2917235296875 0.2693380890625 0.28914286875 0.1481561375 0.2953938625 0.1478632078125 0.313876975
0 0.24784009999999998 0.5318332375 0.2449608703125 0.5383041390625001 0.25034091875 0.5554963484375001 0.25769708750000003 0.6106872734375 0.271738790625 0.6695264187500001 0.2850243828125 0.68847375 0.296724071875 0.6948581328125 0.3306642890625 0.6932737546875 0.38318501718750003 0.6893999015625 0.40842673906250004 0.679778925 0.41207459843749994 0.6686097828124999 0.40930552656249997 0.6243295890625 0.3751342453125 0.5216066328125 0.273093984375 0.527702121875 0.24784009999999998 0.5318332375
3 0.135906721875 0.3925251984375 0.1301239390625 0.39448727968749997 0.11095792499999999 0.38366306250000004 0.09816019687500001 0.3839904578125 0.09037661875 0.387054015625 0.0823855953125 0.396949790625 0.0805310859375 0.4138496703125 0.0836664078125 0.42250599375000003 0.096720228125 0.437305821875 0.0906931640625 0.47971045312499994 0.0994893 0.4815860140625 0.10427168281250002 0.48017467343750003 0.110908575 0.461863453125 0.1290012234375 0.44029925 0.146020153125 0.43642654218750004 0.16157514687500002 0.4248095671875 0.1624292578125 0.408460425 0.1597453125 0.40260925 0.1508272125 0.39591500625 0.135906721875 0.3925251984375
2 0.2542931609375 0.6314937796875 0.25503746718750003 0.6158158171875 0.2357494859375 0.6001729203124999 0.22171958906250003 0.5969035500000001 0.21337483124999998 0.5978331390625 0.11561657656249999 0.6278326125 0.07089158749999999 0.634132765625 0.049773421875 0.6463694671875 0.03335215625 0.6688457234375 0.030375284375 0.6814776609375001 0.035316115625 0.70135458125 0.0497119078125 0.7190799984375 0.063534359375 0.7291815828125 0.08748275625 0.7385944578125 0.10084166718750001 0.7404010328124999 0.13221990625 0.7377841625 0.1580106515625 0.7248072984375 0.181764115625 0.6964623328124999 0.21575333125 0.666757478125 0.22464711093749998 0.662472003125 0.22519613125000001 0.659116115625 0.2496449046875 0.6432136640625 0.2542931609375 0.6314937796875
2 0.60145353125 0.7518464703125 0.6012954359375 0.6804782953124999 0.59991698125 0.6610831296875 0.596903625 0.6572454875 0.4341931609375 0.6558223390625 0.42662919375 0.65754354375 0.41897974375 0.67091564375 0.41469738281249996 0.6970915718749999 0.4168444671875 0.7117884953125 0.4214194015625 0.7172093703125 0.60145353125 0.7518464703125
2 0.767227053125 0.62882695625 0.7550759874999999 0.6196374234375 0.7140964984375 0.608607396875 0.6872445515625001 0.5946857046875 0.6527188296875 0.5831563890625 0.6415924828125 0.5843958390624999 0.6253665046875 0.5945500234375001 0.6218406125 0.6105378484374999 0.62969715625 0.6404134484374999 0.6325638703124999 0.6785326031250001 0.638712546875 0.69102656875 0.6526569640625 0.7059468343749999 0.665808428125 0.714585628125 0.6838520781249999 0.7211418984375 0.710460096875 0.725426228125 0.7380563515625 0.723669959375 0.7662992703125 0.712396765625 0.7850629046875001 0.6922953578125 0.7901260531250001 0.66691104375 0.784294628125 0.6469136875 0.767227053125 0.62882695625
4 0.631577046875 0.48425354374999996 0.60801886875 0.500276434375 0.6048223875 0.5142507281250001 0.612654609375 0.5331466078125 0.624695871875 0.5430073156249999 0.6445207109375 0.5498044640625 0.6749228734375 0.558718053125 0.6911731765625 0.5595435875 0.7161952921875 0.5512649671875 0.726516525 0.5382541828125 0.726809453125 0.5197710703125 0.7170983984375 0.50679535 0.700384559375 0.49767480781250006 0.6672008093749999 0.4890710796875 0.6546105296875 0.4825662609375 0.631577046875 0.48425354374999996
4 0.9084677343750001 0.3330411296875 0.8830918828125001 0.33235356562499996 0.8612905718749999 0.33763761406250004 0.7870414968749999 0.379734671875 0.7804900875 0.386394996875 0.776622621875 0.3989064953125 0.7781963640625 0.40597958749999996 0.7863458359375 0.41737207343750005 0.797264734375 0.422964840625 0.827874346875 0.42504621406250004 0.9074423062499999 0.4227719796875 0.9246808468750001 0.4175569171875 0.941687615625 0.40819435156250006 0.95311905 0.39396164843750003 0.957096321875 0.380778971875 0.9561814046875 0.36967881406249997 0.9501425328125 0.3565136703125 0.9359785078125 0.342935759375 0.9084677343750001 0.3330411296875
2 0.9743827968750001 0.497683175 0.95264264375 0.48033660781250004 0.9232408796874999 0.47087228124999997 0.8955226578125 0.46780986718750006 0.8724891765624999 0.46949715000000003 0.8414646734375 0.48108020781249994 0.7968494875000001 0.4867091828125 0.7667277375 0.5039025390625 0.7638849921875 0.52684301875 0.77370585 0.539147559375 0.8065845093749999 0.5607445375 0.82061440625 0.5640139078125 0.8372306046875 0.5792954890625001 0.8565064234375 0.5894485265625 0.8747696828124999 0.5946624453125 0.9042690906249999 0.597965734375 0.9416497187499999 0.5920444296875 0.963658478125 0.5799281656249999 0.97876209375 0.5655060375 0.9861919359375 0.5534762953125 0.9891323265624999 0.5243747796875 0.9743827968750001 0.497683175
2 0 0.554994790625 0.021543370312499997 0.5629726921875 0.187108740625 0.5469452203125 0.210020253125 0.540439253125 0.21879206875 0.531335096875 0.222427765625 0.5146760953125 0.21782850781250002 0.4982755015625 0.2032131078125 0.481892440625 0.171139559375 0.4720667984375 0.1079110203125 0.4820388890625 0.0978179140625 0.48067395937499996 0.012149921875 0.492413665625 0 0.4967021921875 0 0.554994790625
1 0.3111720421875 0.2337438421875 0.3108905671875 0.35787664375 0.31312313281250004 0.36092266875 0.3238102609375 0.3623679296875 0.3324844328125 0.359424809375 0.3342298453125 0.243036278125 0.330094125 0.23493069531250002 0.3111720421875 0.2337438421875
1 0.3719635 0.3462409859375 0.3846514265625 0.34658476875 0.3913248015625 0.344743128125 0.3912028359375 0.339924446875 0.35658017656249996 0.2343963421875 0.349760515625 0.22043958125000002 0.33429100312500004 0.22040566250000002 0.3315215796875 0.2262053859375 0.3343274875 0.236875240625 0.3690599484375 0.34173216875 0.3719635 0.3462409859375
1 0.392544809375 0.34285003281250004 0.39788837187500004 0.3435726640625 0.410344528125 0.3397689421875 0.41077158437500005 0.33159437187499996 0.37703951875 0.2261867078125 0.3696708359375 0.21558583437499998 0.35498211562500004 0.21634353125 0.352432296875 0.220800896875 0.35636056875 0.23573869531249997 0.3879577109375 0.3319393 0.392544809375 0.34285003281250004
1 0.399292209375 0.22370780781250002 0.3888246890625 0.22092018906250002 0.37847913437499997 0.22295125625 0.378613259375 0.2332597984375 0.41502926718750005 0.3445186390625 0.4180426234375 0.34835628125 0.4326215390625 0.3482697625 0.43628155937499996 0.3425904796875 0.399292209375 0.22370780781250002