2 0.4232851984375 0.279620853125 0.4314079421875 0.2789438046875 0.49097472968750006 0.2329045359375 0.5135379062500001 0.2207176703125 0.5279783390625 0.205145565625 0.532490975 0.18280297968749998 0.5252707578125 0.152335815625 0.49909747343750005 0.12593094062500002 0.468411553125 0.11103588281250001 0.43772563125 0.1049424515625 0.41064981874999995 0.1056194984375 0.39350180468749996 0.10968178749999999 0.36552346562500004 0.1272850375 0.351985559375 0.1516587671875 0.351985559375 0.1706161140625 0.35649819531250004 0.18212593125 0.354693140625 0.2329045359375 0.36823104687499997 0.25660121875 0.3916967515625 0.272173325 0.4232851984375 0.279620853125
2 0.704873646875 0.33310765 0.7328519859375 0.3290453625 0.7563176890625 0.316858496875 0.7716606500000001 0.2945159109375 0.7725631765625 0.2735274203125 0.7635379062500001 0.251184834375 0.7472924187500001 0.23425863281249998 0.7193140796875 0.21936357499999998 0.695848375 0.21394719062499998 0.6732851984375 0.2146242390625 0.6588447656249999 0.218009478125 0.6335740078125001 0.2362897765625 0.6218411546875 0.2593094109375 0.566787003125 0.3215978328125 0.5649819500000001 0.3358158421875 0.569494584375 0.3493568046875 0.5920577625 0.36628300625 0.6028880859375 0.37102234218749996 0.6110108296875 0.37102234218749996 0.704873646875 0.33310765
2 0.870938628125 0.4827352734375 0.8664259921875 0.45700744687499995 0.8330324906250001 0.34867975625000003 0.830324909375 0.3290453625 0.7617328515625 0.345294515625 0.7057761734375 0.362897765625 0.70397111875 0.364928909375 0.7265342953125 0.40419769843750003 0.7861010828125 0.5016926203125001 0.8276173281249999 0.4996614765625 0.8592057765625001 0.4895057546875 0.870938628125 0.4827352734375
2 0.5171480140625 0.398104265625 0.558664259375 0.354096140625 0.564079421875 0.341909275 0.5604693140625 0.3215978328125 0.5523465703125 0.3121191609375 0.5333935015625 0.30128639062499996 0.5135379062500001 0.29790115156249997 0.49729241875 0.2999322953125 0.446750903125 0.3297224109375 0.42689530624999994 0.345294515625 0.4178700359375 0.359512525 0.419675090625 0.3832092078125 0.42689530624999994 0.3940419765625 0.438628159375 0.40352065000000004 0.465703971875 0.4129993234375 0.49277978281249996 0.4116452265625 0.5171480140625 0.398104265625
0 0.5207581234374999 0.6574136765625 0.7391696750000001 0.5132024375 0.75812274375 0.49763033125 0.7481949453125 0.48612051406249995 0.6588447656249999 0.4116452265625 0.631768953125 0.3845633046875 0.6173285203125001 0.377115775 0.4729241875 0.45836154375 0.37274368281250003 0.5192958703125 0.37274368281250003 0.5280974953124999 0.395306859375 0.552471225 0.49187725625 0.645903859375 0.5027075812499999 0.649966146875 0.5054151625000001 0.6540284359374999 0.5207581234374999 0.6574136765625
0 0.7518050546875 0.698713609375 0.7698555953125 0.6926201765625 0.919675090625 0.6113744078125001 0.854693140625 0.52403520625 0.83935018125 0.5138794859375 0.825812275 0.509817196875 0.8068592062500001 0.5145565328124999 0.7815884468750001 0.529451590625 0.7400722015625 0.545023696875 0.6227436828124999 0.6005416390625 0.6200361015625 0.603926878125 0.6787003609375 0.685172646875 0.6841155234375 0.6885578875 0.6895306859375 0.685172646875 0.7003610109375 0.689911984375 0.7518050546875 0.698713609375
4 0.7238267140625 0.796885578125 0.7463898921875 0.7846987140625 0.7599277984375 0.768449559375 0.7653429609375 0.7488151656250001 0.7617328515625 0.7271496281250001 0.7490974734375 0.7102234265625 0.7229241875 0.696005415625 0.69314079375 0.6932972234375 0.6218411546875 0.6966824640625 0.6064981953124999 0.702775896875 0.5929602890625 0.7217332437499999 0.593862815625 0.740013540625 0.601985559375 0.750846309375 0.6444043328125 0.7779282328125 0.680505415625 0.796885578125 0.7012635375 0.80027081875 0.7238267140625 0.796885578125
2 0.9864620937499999 0.7792823296875 0.9990974734375 0.7799593765624999 0.9990974734375 0.6560595796875 0.9864620937499999 0.6560595796875 0.956378159375 0.6628300609375 0.8375451265624999 0.66892349375 0.8231046937500001 0.67772511875 0.81498195 0.6926201765625 0.8158844765625 0.70819228125 0.8212996390624999 0.71902505 0.8294223828125 0.7251184828125 0.8718411546875 0.740013540625 0.9584837546875 0.764387271875 0.9864620937499999 0.7792823296875
2 0.887184115625 0.9458361546875 0.9043321296875 0.94515910625 0.919675090625 0.9390656734375 0.9395306859374999 0.9180771828125 0.944043321875 0.9038591734375 0.9431407937499999 0.8916723093750001 0.9287003609375001 0.8686526750000001 0.9178700359375 0.860528096875 0.8104693140625001 0.8138117812500001 0.7707581234374999 0.79146919375 0.7463898921875 0.7901150984374999 0.7238267140625 0.798239675 0.704873646875 0.8131347328125 0.694043321875 0.8320920781250001 0.695848375 0.8666215296875001 0.704873646875 0.8821936359375 0.7238267140625 0.8937034531249999 0.7445848374999999 0.8977657406249999 0.841155234375 0.9322951921874999 0.887184115625 0.9458361546875
1 0.41335740000000004 0.617467840625 0.40342960312500004 0.6201760328125 0.2319494578125 0.70412999375 0.2247292421875 0.7102234265625 0.2400722015625 0.7285037234375 0.41877256249999995 0.6377792828125 0.4314079421875 0.630331753125 0.427797834375 0.6222071765625 0.41335740000000004 0.617467840625
1 0.19223826718749998 0.7833446171875 0.3880866421875 0.6811103593750001 0.38267147968750004 0.66892349375 0.37274368281250003 0.6621530124999999 0.1814079421875 0.7589708875000001 0.1759927796875 0.764387271875 0.188628159375 0.768449559375 0.18772563125 0.773188896875 0.18321299687499998 0.775220040625 0.188628159375 0.7833446171875 0.19223826718749998 0.7833446171875
1 0.427797834375 0.676371021875 0.419675090625 0.667569396875 0.4070397109375 0.66892349375 0.2274368234375 0.7670954640625001 0.22833935 0.7765741375 0.23646209375 0.7867298578125 0.2445848375 0.7867298578125 0.419675090625 0.689911984375 0.42960288750000003 0.6824644546874999 0.427797834375 0.676371021875
1 0.424187725 0.6878808390625 0.2653429609375 0.7786052812500001 0.2671480140625 0.7867298578125 0.28249097500000003 0.80027081875 0.4638989171875 0.6939742718749999 0.45848375468749997 0.6811103593750001 0.446750903125 0.6770480703125 0.424187725 0.6878808390625
0 0.6335740078125001 0.8300609343750001 0.5523465703125 0.7298578203125 0.5261732859375 0.70412999375 0.2987364625 0.8287068375000001 0.29151624531250003 0.8341232234374999 0.29602888125 0.845633040625 0.40342960312500004 0.9742721734374999 0.4079422375 0.9742721734374999 0.427797834375 0.9627623562500001 0.6335740078125001 0.8300609343750001
3 0.585740071875 0.9817197015625 0.6146209390624999 0.9675016921875 0.699458484375 0.9350033859375 0.699458484375 0.9282329046875001 0.69314079375 0.92349356875 0.6868231046875 0.92349356875 0.6732851984375 0.9302640484375001 0.642599278125 0.9356804328124999 0.6407942234374999 0.9390656734375 0.6245487359374999 0.9444820578125 0.6010830328125001 0.9492213953125 0.596570396875 0.94719025 0.5956678703125 0.9505754906250001 0.555956678125 0.9593771156249999 0.5487364625 0.9647935000000001 0.534296028125 0.9620853078125 0.5252707578125 0.9546377796875 0.5108303249999999 0.9492213953125 0.47743682343750005 0.9519295874999999 0.46119133593750006 0.9634394046875 0.452166065625 0.976980365625 0.454873646875 0.9993229515625 0.5523465703125 0.9993229515625 0.555956678125 0.994583615625 0.5685920578125 0.991198375 0.574909746875 0.9830737984375 0.585740071875 0.9817197015625
0 0 0.40555179375000006 0.031588446874999995 0.4427894375 0.0685920578125 0.4312796203125 0.088447653125 0.4204468515625 0.20758122812500002 0.37373053437500003 0.292418771875 0.347325659375 0.30144404375 0.33987813125 0.3077617328125 0.341232228125 0.3185920578125 0.3378469875 0.3375451265625 0.3283683140625 0.33935018125 0.32227488125 0.327617328125 0.3053486796875 0.2481949453125 0.20853080624999998 0.22833935 0.189573459375 0.0063176890624999996 0.2572782671875 0 0.2593094109375 0 0.40555179375000006
0 0 0.5585646578125 0.0036101078125 0.5687203796875 0.01895306875 0.5781990515625 0.0207581234375 0.5829383890625001 0.0794223828125 0.630331753125 0.10288808593750001 0.6465809078125 0.1110108296875 0.6486120515625 0.1173285203125 0.6533513875 0.1173285203125 0.658090725 0.131768953125 0.665538253125 0.150722021875 0.658090725 0.153429603125 0.6506431953125 0.161552346875 0.6513202437500001 0.1732851984375 0.6384563296875 0.19223826718749998 0.6310088015625 0.281588446875 0.5687203796875 0.33844765312499997 0.53283683125 0.3402527078125 0.52877454375 0.36462093906250004 0.5179417734375 0.40072202187499995 0.4928909953125 0.4079422375 0.48138117812500003 0.3375451265625 0.4218009484375 0.2590252703125 0.364928909375 0.1407942234375 0.42721733281249996 0.075812275 0.4691943125 0.0333935015625 0.490182803125 0 0.51117129375 0 0.5585646578125