0 0.36850813437499996 0.9259904078125001 0.4240107125 0.8458531468749999 0.4544185109375 0.796907265625 0.45434366718749997 0.7840479234375 0.3060026421875 0.7335317703124999 0.27617046562500003 0.72627638125 0.2743495640625 0.7236216546875001 0.23548771875000002 0.715951971875 0.20289661718750002 0.6999768421875 0.1848215234375 0.6964410265625001 0.1588084125 0.724951428125 0.122078665625 0.7734042609375 0.08267665156250001 0.8280271171875 0.073757278125 0.846563434375 0.172338621875 0.8782191984375001 0.35951391875 0.9316673812499999 0.36850813437499996 0.9259904078125001
0 0.524263778125 0.6994297953124999 0.5441400765625 0.7022363015625 0.5635042859375 0.6170578328125 0.56784776875 0.5878238546875 0.565120353125 0.584518571875 0.5713556421875 0.5701218546875 0.5712768578125 0.55658570625 0.56222355625 0.5521105687500001 0.5441563406250001 0.5499283703125 0.273234784375 0.53208514375 0.26514708124999997 0.5384126734375 0.2661166171875 0.5498921484375 0.257153915625 0.560983584375 0.2344000078125 0.6841682734375001 0.2353183359375 0.6868492515625 0.24616102812500001 0.6885646578125 0.524263778125 0.6994297953124999
1 0.2631134640625 0.49921034375 0.30369773125 0.492614565625 0.3063306046875 0.47967647031249994 0.303591375 0.4743407640625 0.29636684999999996 0.4738739703125 0.12407784375 0.496485003125 0.0916127953125 0.5021677109375 0.09076537031250001 0.51166926875 0.093524296875 0.520389009375 0.099854125 0.5222356718750001 0.2631134640625 0.49921034375
1 0.26480437343749996 0.479530425 0.2864306703125 0.472809121875 0.28544931562500003 0.4592992234375 0.2809206921875 0.45672325156250004 0.261068028125 0.4579775921875 0.1618480359375 0.4716941796875 0.06892241875 0.481166159375 0.068078934375 0.49134452343749996 0.0726587640625 0.5027189937500001 0.085294784375 0.5023514718750001 0.26480437343749996 0.479530425
1 0.22498086874999998 0.4617348828125 0.231283121875 0.45884389218750005 0.280900996875 0.4533392140625 0.283592959375 0.4505532296875 0.2826313 0.4404273703125 0.28080251875 0.436419028125 0.26996770625 0.43605723906250005 0.08593343437499999 0.456979121875 0.080533753125 0.4598438609375 0.0660925875 0.4602638859375 0.06525697968750001 0.47179586406249996 0.06981711406249999 0.47978629531249994 0.082453134375 0.4794187734375 0.22498086874999998 0.4617348828125
1 0.27965571875 0.3944832171875 0.28049132499999996 0.38295123750000004 0.2759390703125 0.37631442187499997 0.26060320937500003 0.3781143125 0.0884835859375 0.4298280671875 0.07587907968749999 0.43561005 0.075906653125 0.44034770156249997 0.08591373906250001 0.453595084375 0.0985418796875 0.451873946875 0.27965571875 0.3944832171875
0 0.6937116421875 0.498870903125 0.7198626203125 0.4940487625 0.7252544234375 0.489830409375 0.7081651328125 0.34546614062500003 0.6522174296875 0.34912415625 0.41315772500000003 0.3770618421875 0.40509365624999993 0.3874502171875 0.405196075 0.40504721093749996 0.4293208078125 0.51739151875 0.4411684921875 0.5366776640625 0.6937116421875 0.498870903125
4 0.5486603125 0.8584738171874999 0.575761134375 0.861747115625 0.591991690625 0.8585673578125 0.6108984515625 0.8498943875 0.631539453125 0.828986378125 0.6368721671875 0.8146159140625 0.6367973234375001 0.8017565703124999 0.626746909375 0.78106430625 0.6122387765624999 0.7699786046875 0.5561374484375 0.7472411296875 0.529036625 0.74396783125 0.5128139468749999 0.748501203125 0.49664641875 0.7625098796875001 0.49219658125 0.77347005625 0.49316611874999994 0.78494953125 0.5250949390625 0.8422361687500001 0.5377979234375 0.8533743749999999 0.5486603125 0.8584738171874999
4 0.6565480781249999 0.6278900765625 0.69355750625 0.6274905703125 0.704372625 0.624468321875 0.7196533374999999 0.613193128125 0.7267951375 0.5994469671875 0.7248915140625 0.5825792812499999 0.7148883671874999 0.5700087078125 0.6994973578125 0.5623332953125 0.6353122640625 0.546600159375 0.6109467343749999 0.5479857578125 0.594743753125 0.555903165625 0.5903096718749999 0.569570571875 0.5795339453125 0.5793608953125 0.5778154609375 0.5943031640625 0.58966314375 0.6135893109375 0.605054153125 0.6212647234374999 0.6565480781249999 0.6278900765625
2 0.7478098515625 0.7978508265625 0.7703741749999999 0.7971945390624999 0.789308509375 0.79325921875 0.8136110125 0.7810447015624999 0.829762784375 0.7643287937500001 0.8377835234375001 0.7464955359375 0.840400640625 0.730850209375 0.8384970171875 0.7139825281250001 0.8311858328125 0.6986259671874999 0.821186628125 0.6867322 0.80487335 0.675699 0.7750451125 0.6691204187500001 0.7395560296875 0.6721833921875 0.6892731140625 0.6668766625 0.670323021875 0.6681047515625 0.6487479328125 0.6836245515625 0.6416061328125 0.6973707124999999 0.6416849140625 0.7109068625 0.6535089625 0.7261321625 0.707083775 0.7800815359375 0.7233931140625 0.7904379265625 0.7478098515625 0.7978508265625
2 0.8369484234375 0.6030123546875 0.8676516578125 0.6048270328124999 0.8874806890625001 0.599511846875 0.9099583484375 0.5839657953125 0.921589378125 0.5660275312499999 0.9250736187499999 0.5442646875 0.917719103125 0.5214632453125 0.9031873359375 0.506316696875 0.885979365625 0.496663365625 0.864290040625 0.4925557484375 0.8426361703125 0.4945394 0.7227279046875 0.5210423078125 0.7137612640625 0.531456934375 0.711207171875 0.5579311796875001 0.72662969375 0.5710210531250001 0.7989458218750001 0.587871540625 0.8369484234375 0.6030123546875
2 0.9127414171874999 0.441731221875 0.8145151078125 0.3159729703125 0.7955768328125 0.31923148125 0.7577357375 0.331839771875 0.7406380609375 0.341137046875 0.737047465625 0.3446260921875 0.7379776125 0.3493374921875 0.7965064734375 0.4789580421875 0.8668047421875 0.4593134296875 0.9127414171874999 0.441731221875
2 0.62881406875 0.2056204546875 0.6459275015625 0.199030409375 0.702616271875 0.1675970359375 0.747654315625 0.1507178890625 0.763813965625 0.135355596875 0.7718386453125 0.118199146875 0.7707903234375 0.093183521875 0.7553008343750001 0.0685879234375 0.7326380328125001 0.0523240234375 0.7046070640625001 0.044339325 0.6802415359375 0.045724921875000005 0.6559193375000001 0.05455540156250001 0.6415608921875 0.069188384375 0.631778340625 0.0945190265625 0.5834175593750001 0.160910125 0.578979540625 0.173900725 0.5799372625 0.183349778125 0.593578271875 0.2005529984375 0.6143807796874999 0.20739409531250003 0.62881406875 0.2056204546875
3 0.24148818125 0.19590132968750001 0.2487639125 0.2051666203125 0.26414704218749996 0.21148842031249998 0.2803894171875 0.210339084375 0.30109344375 0.20025999374999998 0.30647736718749996 0.194688025 0.3118297796875 0.183701596875 0.31083660625 0.16816127812499998 0.31529432343749997 0.158554715625 0.3260661109375 0.148087584375 0.3800392828125 0.11537934999999999 0.387220475 0.10840126406249999 0.3998289203125 0.103296090625 0.41779765781249995 0.0885581046875 0.4069470875 0.085489084375 0.3259282421875 0.12439932499999999 0.282683525 0.139195546875 0.260970565625 0.1310270859375 0.238414121875 0.1330369890625 0.21592070312499997 0.1458758109375 0.2096893546875 0.1609493359375 0.2106470765625 0.1703983890625 0.2251473296875 0.1801304765625 0.24050288593750002 0.1817146234375 0.24148818125 0.19590132968750001
2 0.41947624218749996 0.22186292187499998 0.43934860468750003 0.22399261875 0.4573921828125 0.22211397187499998 0.48619573281250006 0.207737775 0.49425586250000003 0.1966725921875 0.5031200874999999 0.1686609703125 0.5352384921875 0.1034192078125 0.53240471875 0.0818401234375 0.5124299421875 0.06211343125 0.4907209234375 0.054621779687500004 0.47266552500000003 0.0544700015625 0.45373906875000003 0.0597589375 0.44475273125000003 0.066789525 0.3972866484375 0.131800759375 0.376649584375 0.153385575 0.37041035624999996 0.167105484375 0.3714153484375 0.184676228125 0.3868812015625 0.2052109828125 0.40047888125000003 0.214969321875 0.41947624218749996 0.22186292187499998
0 0.5101381171875 0.23756788125 0.49911246406250004 0.253119309375 0.5349065875 0.35659770156250004 0.7741161 0.3165543234375 0.7476943890625 0.2042890078125 0.5101381171875 0.23756788125
0 0.1530052828125 0.3934270625 0.40730705624999997 0.33966419062500003 0.3566378828125 0.2039352953125 0.09201367031249999 0.2471906609375 0.15074416562499998 0.39137546093750003 0.1530052828125 0.3934270625