0 0.40393500624999995 1 0.41833631718750003 0.9794798921875 0.49835474062499996 0.8502045046875001 0.558203403125 0.7611294765625 0.5775065484375 0.7271665875 0.5772764359375 0.7196642375 0.4389179375 0.6608533109375 0.086226059375 0.52575091875 0.06676702031250001 0.5227925359375 0.058147220312500005 0.52565499375 0.030352321874999998 0.5693082921875 0.023161428125 0.5816123828124999 0.04653423125 0.7360505093749999 0.049416160937499995 0.7371475375000001 0.047554878125 0.7427945312500001 0.0691925859375 0.8857678171875 0.307210840625 1 0.40393500624999995 1
4 0.757713159375 0.42841545 0.74932160625 0.4148404796875 0.7343756640625 0.399829778125 0.695992025 0.3794987828125 0.652100625 0.3706296265625 0.622440715625 0.37205035625 0.5986467265625001 0.37633954531249997 0.5612095187499999 0.3921714984375 0.530863003125 0.4189647390625 0.5226013625 0.43615749687500005 0.519593253125 0.4521723015625 0.5246964859375 0.4858924171875 0.5579305234375 0.5320155484375 0.58621535625 0.557400059375 0.5980492609375 0.5638113828125 0.6214869562499999 0.5691316765625001 0.652727934375 0.566194290625 0.6783832046875 0.5562581093750001 0.6971778921875 0.5428629890625001 0.710412853125 0.5286226140625 0.731094803125 0.5157340453125 0.7483845031249999 0.49837643906249995 0.7584313421875 0.481015828125 0.76409126875 0.45859570312500003 0.757713159375 0.42841545
2 0.27397799375 0.1811464265625 0.3808209 0.318844421875 0.393649465625 0.3258462203125 0.42264688906250003 0.3320117671875 0.4555710015625 0.32823212968750004 0.475870675 0.3187994984375 0.489615959375 0.3079311359375 0.49629653281249997 0.2922550328125 0.49564697031250005 0.13841638437499998 0.5062542328124999 0.1127951 0.508649953125 0.09273388125000001 0.501991634375 0.0666839671875 0.484239846875 0.04509709375 0.463147771875 0.031348270312499996 0.42489218125 0.017845225 0.29635786875000003 0.029930464062500002 0.2654750484375 0.047198146875 0.2438244171875 0.0656497828125 0.22962077500000003 0.0854532265625 0.22209956874999998 0.11352034687500001 0.22656443125 0.1370405 0.23495598593749997 0.15061547343749998 0.2500039921875 0.1663005765625 0.27397799375 0.1811464265625
2 0.9296042999999999 0.110610196875 0.9013194640625001 0.085225684375 0.886603634375 0.07771733593749999 0.8677309984375 0.07265181875 0.8218762546875 0.0687552546875 0.7874731374999999 0.07472595 0.75381045625 0.0915710046875 0.73397100625 0.11600833906250001 0.678947228125 0.2668736 0.6627802390624999 0.2916496328125 0.6545445828124999 0.3149959390625 0.6580147796875 0.33792561718749997 0.6725784453125 0.3563922546875 0.6881107937500001 0.3692958234375 0.716445728125 0.3830476453125 0.75992886875 0.3892191921875 0.791169846875 0.3862818078125 0.820701709375 0.37803313125 0.8456425265625 0.36337613125 0.8661704468750001 0.33750606875 0.8708616921875001 0.3206490109375 0.8685142046875001 0.30513775781249997 0.9333046078124999 0.1410422265625 0.9345275203125001 0.1251952734375 0.9296042999999999 0.110610196875
1 0.585038946875 0.8427381546875001 0.5773117453125 0.845516690625 0.5607364968749999 0.8675951140624999 0.559971946875 0.8745069859375001 0.57121944375 0.8830254421875001 0.76923366875 0.9950512265624999 0.8504602125 0.9874140265625 0.6704520046875 0.8866912328125001 0.585038946875 0.8427381546875001
1 1 0.8977072953125 0.7027544046875 0.7591662718750001 0.6808977765625001 0.7523293234375 0.66036985625 0.7781993875000001 0.6601917109375 0.7830041296875 0.6931176875 0.8031642734375 0.8207649953124999 0.862982303125 0.842621621875 0.8698192515625 0.8705742781250001 0.8870270109374999 0.928238809375 0.9151211328125 0.940454990625 0.9180765171875 0.9492789203124999 0.9165628609375001 0.9546864796874999 0.9283664015624999 0.9649133328125 0.9301408328124999 0.9720801109374999 0.9356229765625 1 0.9470417671875 1 0.8977072953125
3 0.9374002499999999 0.3355967875 0.9383188328125 0.34166640937500004 0.9457918046874999 0.349171759375 0.9954489234375 0.3841747546875 0.990549821875 0.35180344375 0.950967390625 0.32953316718750003 0.945509728125 0.32936231562499996 0.9374002499999999 0.3355967875
2 0.0384061046875 0.5028871671874999 0.0665851421875 0.4797177140625 0.036208915625 0.4524778453125 0.012664657812499999 0.4352560484375 0.015051957812499999 0.5173022140625 0.0384061046875 0.5028871671874999
0 1 0.5343537484375 0.8606979953125 0.4748203609375 0.82443173125 0.46249826718750003 0.7557071750000001 0.5407798578125 0.662732134375 0.6562254984375 0.6619675828125 0.663137371875 0.6740056171875 0.6708974984375 1 0.8283274593750001 1 0.5343537484375
0 0.21169775 0.2578453484375 0.0444857921875 0.41577122187500004 0.3808551546875 0.6066309453125001 0.39445995625 0.6139284359375 0.5268157015625 0.4834811078125 0.5190716765625 0.43692371249999995 0.536654296875 0.41553169375000004 0.21169775 0.2578453484375
1 1 0.95657469375 0.68572173125 0.8021496687499999 0.66459111875 0.8328725984375 0.9581791046875001 0.977285925 1 0.9733537796875 1 0.95657469375
1 0.86340111875 0.9861972781249999 0.938200053125 0.9791644234374999 0.7088315625 0.867401296875 0.6903648375 0.891828578125 0.86340111875 0.9861972781249999