2 0.444013465625 0.121890771875 0.41288557656249997 0.11741098593749999 0.385982628125 0.11950446249999999 0.36928191875 0.124459396875 0.3430538234375 0.1435056953125 0.331837021875 0.1685583578125 0.33359958125 0.1874926078125 0.339164025 0.1987521921875 0.3420874390625 0.2495634140625 0.3577735890625 0.2725226 0.38259185 0.286847446875 0.41474449687500003 0.2926324375 0.4227713171875 0.2915310375 0.4778157875 0.2424299 0.49915429375000003 0.2290768375 0.5120882875 0.21276783593749998 0.5145053015625 0.1902162625 0.504481709375 0.16016415312500001 0.4759596828125 0.1351614609375 0.444013465625 0.121890771875
2 0.680095178125 0.2127717609375 0.657686546875 0.21462902968750003 0.643619478125 0.21876601406249999 0.6201509187500001 0.2383468109375 0.6106059484374999 0.26195254375 0.561566559375 0.3270468265625 0.5610907546874999 0.341341996875 0.566844040625 0.35463025312499996 0.5908893375 0.3703547875 0.602116334375 0.3745214484375 0.6102061015625 0.374096271875 0.700162759375 0.3313146234375 0.727649828125 0.3257927890625 0.7498871953124999 0.312392484375 0.76309056875 0.2892740078125 0.7620380265625 0.268263846875 0.750972090625 0.2464209015625 0.733218840625 0.2303656734375 0.7039692109375 0.216953259375 0.680095178125 0.2127717609375
2 0.7967346421875 0.49544243593750004 0.8378935046875 0.49124064375 0.8684094890624999 0.47944383124999995 0.879465225 0.47206745625 0.8725788624999999 0.4466071828125 0.829249153125 0.3401594203125 0.8247270562500001 0.3206906734375 0.757924215625 0.34051040625 0.703831359375 0.361021203125 0.7022224765625 0.3631443546875 0.728345075 0.40118425625 0.7967346421875 0.49544243593750004
2 0.44277313593749995 0.3414446671875 0.424445959375 0.35803711875 0.416779246875 0.372710225 0.420780175 0.3962835546875 0.4289782578125 0.4067251890625 0.441544759375 0.4155781703125 0.4693919359375 0.42362804218749994 0.496231934375 0.420858340625 0.5192422703124999 0.4060583484375 0.556498321875 0.3599307171875 0.5607584265625001 0.3474752484375 0.5552745171875 0.3273775203125 0.54630346875 0.318335571875 0.5264201625 0.308508078125 0.5063304296875 0.30616628281249997 0.4903397375 0.3090453046875 0.44277313593749995 0.3414446671875
0 0.38669195 0.5346609890625 0.38751028125000003 0.543451890625 0.412248009375 0.5666148796875 0.5171132765625 0.6548788078125 0.5282773265625 0.6583692437499999 0.5313516078125 0.6622848578125 0.5469470265624999 0.6648628624999999 0.7510638796875 0.5093948046875 0.768492190625 0.49284959375000004 0.7575345687499999 0.48187345937500004 0.66162276875 0.41216584687499996 0.6321389296875 0.386534175 0.6170646828125 0.37985158750000003 0.48080039531249996 0.46855706093749994 0.38669195 0.5346609890625
0 0.754921325 0.5411300531250001 0.643230890625 0.602721790625 0.6408490437500001 0.6062446296874999 0.7068289812499999 0.684320696875 0.712536903125 0.6874183609375 0.7176153390625 0.68375379375 0.7288423374999999 0.68792045625 0.7808958734375 0.6940185734375001 0.7983066 0.6869877296875 0.9399640671875 0.5979988046875 0.8671255499999999 0.5141674234375 0.850900646875 0.5048271875 0.83704000625 0.5014784734375 0.81860451875 0.5072041140625 0.7948212156250001 0.5234037953125 0.754921325 0.5411300531250001
4 0.6512707234375 0.698792725 0.6365565859375 0.70568184375 0.624836196875 0.7253247218750001 0.627434671875 0.7435355046875001 0.6365316171875001 0.7539298999999999 0.68129613125 0.7787584625 0.7190132218749999 0.7958030375 0.7400018171875 0.7980975921875 0.7621586546875 0.79353543125 0.7834971609375 0.7801823703124999 0.7954693453125 0.763244384375 0.799037015625 0.7433504625 0.7934272078125 0.7219002875 0.779269409375 0.7056560937499999 0.7518804546875 0.69282541875 0.721966175 0.6916795046875001 0.6512707234375 0.698792725
2 1 0.6421562328125 0.9813022281249999 0.6474705843749999 0.8635181421875 0.6597767812499999 0.8499546625000001 0.6693235515625 0.8432497609375 0.6846256375 0.8455964421875001 0.7001315296875 0.8519967984375001 0.7106676484375 0.8606531046875 0.7163284812499999 0.90428454375 0.7289850265625 0.9928415609375 0.7487938484375001 1 0.7520763500000001 1 0.6421562328125
2 0.8500232390625 0.8059057984375 0.8083959546875 0.785669071875 0.7840007499999999 0.78559215625 0.7622845515625001 0.7948878781250001 0.74479329375 0.8107568671875001 0.7357694953125 0.8302580171875 0.740777596875 0.8646509171875 0.7512140484375001 0.8797316328125 0.7711603 0.8902353484375001 0.7922118453125 0.8932061265625 0.8916005874999999 0.922638634375 0.9387015828124999 0.9337537671874999 0.9557170359375 0.9321799484375 0.9704311734375001 0.9252908281250001 0.988254759375 0.903288590625 0.99142715625 0.8888516937500001 0.9893952171875 0.8767269203125 0.97287315625 0.8544912 0.9613314125000001 0.8469434218749999 0.8500232390625 0.8059057984375
1 0.4362683359375 0.6305874703125001 0.4266326359375 0.6338120234375 0.26365424531250004 0.72663964375 0.2570298765625 0.7331035875 0.27401016093749997 0.7505585015625 0.443549971875 0.650590715625 0.4554416234375 0.6424908734375 0.4510907875 0.6345651640625001 0.4362683359375 0.6305874703125001
1 0.22172523125 0.8001941359375 0.22787379375 0.8080253640624999 0.231469246875 0.8078363953125001 0.41701733125 0.695475221875 0.410491078125 0.6835866546875 0.39997409687499996 0.67734408125 0.21841673906249998 0.7840592640625 0.2135271484375 0.7897525 0.226488925 0.7931484531249999 0.2260307 0.7979292578125 0.22172523125 0.8001941359375
1 0.45849093593749995 0.69465454375 0.45612667343749996 0.68866301875 0.44721857343750004 0.68029729375 0.434760384375 0.682311125 0.2650141453125 0.7897646093749999 0.2667942890625 0.79918449375 0.2758282859375 0.8089026640625001 0.28391805625 0.8084774875 0.4492958765625 0.702612659375 0.45849093593749995 0.69465454375
1 0.303836528125 0.7992762484375 0.3063896359375 0.807296440625 0.3229292828125 0.82001779375 0.49371786562500003 0.70435515 0.4871286625 0.6917903609375 0.47506575 0.6883471640625001 0.4536013453125 0.7003477796875 0.303836528125 0.7992762484375
0 0.48275391875 0.9747054296875 0.6753568140625 0.8313945500000001 0.5851427359375 0.73556528125 0.5566836562499999 0.7112388125 0.3417526609375 0.847568815625 0.33506534375 0.8533565375000001 0.3406297859375 0.864616121875 0.45955473593749996 0.987476753125 0.46404905156250004 0.9872405437499999 0.48275391875 0.9747054296875
3 0.6132098140625 1 0.613351078125 0.99977958125 0.6256204203125 0.9957370796875 0.6311570796875 0.9872917093750001 0.641817540625 0.9853723609375 0.6692592453125 0.9696599359375 0.7507308562499999 0.9327604921875 0.750101371875 0.9259982593749999 0.7433686890625 0.9215953921875 0.7370766453125001 0.921926084375 0.7242231828125 0.9293969421874999 0.694165421875 0.9364129484375001 0.6926824390624999 0.93988855 0.6770064875 0.9461486859375 0.654076684375 0.9521105375 0.6493935234375 0.950318075 0.648809403125 0.9537464343750001 0.6100777515625 0.9646159765625001 0.6033904359375 0.9704036953124999 0.588756828125 0.9684546718749999 0.5790757625 0.9614886359374999 0.5641903625 0.95683471875 0.5311842171875 0.9612875593749999 0.5160748046875 0.97363370625 0.5083451453125 0.9876305875 0.511008228125 1 0.6132098140625 1
0 0.299000384375 0.359193946875 0.3054183234375 0.3602157015625 0.31588993906249996 0.3562676828125 0.3338847875 0.3458084796875 0.335115978125 0.3396279859375 0.321857040625 0.3233365515625 0.23375543125 0.23079391562499998 0.2122178796875 0.212898984375 0.006719618750000001 0.28870220468749996 0.0103845328125 0.4461618703125 0.0398084625 0.47610517343750003 0.0755917296875 0.46267246562500003 0.0943595421875 0.4508135734375 0.2086660375 0.39791825468750003 0.2907041859375 0.36710482031249997 0.299000384375 0.359193946875
0 0.14521811406250001 0.686656178125 0.160292359375 0.6933387625 0.17847605312499998 0.6849082296875 0.18048020781250002 0.6773280484375 0.188632925 0.6775790953125 0.19912212499999998 0.6641167109375 0.21730581875000002 0.6556861781250001 0.300502009375 0.5887967062499999 0.35379411875 0.5499806406250001 0.35521415312500004 0.54582881875 0.3784762828125 0.53373371875 0.412101715625 0.5068237875 0.41822249375 0.494950059375 0.342571690625 0.43912728124999995 0.2590829078125 0.38643456875000004 0.1471230953125 0.45483578125 0.0863077546875 0.5001630296874999 0.0460125890625 0.5233463125 0.014706056249999998 0.5460571796875 0.0191124546875 0.593392803125 0.0236521359375 0.603347184375 0.0398140921875 0.6120111968749999 0.0420524578125 0.6166502765625 0.1048849671875 0.66091518125 0.1297661765625 0.6759162515625 0.138044790625 0.6775197453125 0.1447774734375 0.6819226125 0.14521811406250001 0.686656178125