2 0.091155234375 0.3865944484375 0.0956678703125 0.38930264062500003 0.148014440625 0.362897765625 0.2138989171875 0.336492890625 0.21750902499999997 0.3337846984375 0.21660649843750002 0.3263371703125 0.1516245484375 0.154366959375 0.1444043328125 0.1496276234375 0.1281588453125 0.14556533437500002 0.064079421875 0.14556533437500002 0.032490975 0.1530128640625 0.018050542187499997 0.1618144890625 0.0270758125 0.20920785312499998 0.0496389890625 0.28300609374999997 0.0604693140625 0.3337846984375 0.074909746875 0.3568043328125 0.08754512656249999 0.38794854375 0.091155234375 0.3865944484375
2 0.3375451265625 0.26675693906250003 0.3447653421875 0.26675693906250003 0.349277978125 0.26066350781250003 0.41155234687500003 0.14691943125 0.42689530624999994 0.1462423828125 0.454873646875 0.1597833453125 0.465703971875 0.1597833453125 0.47563176875 0.1536899125 0.47924187656250006 0.1475964796875 0.47563176875 0.13811780625 0.44314079375000004 0.12660798906249998 0.3962093859375 0.12525389375 0.39350180468749996 0.1232227484375 0.3321299640625 0.12660798906249998 0.3023465703125 0.134732565625 0.29061371875 0.143534190625 0.29061371875 0.1516587671875 0.2987364625 0.15707515156250001 0.3104693140625 0.1814488828125 0.32942238281249997 0.254570075 0.333032490625 0.264048746875 0.3375451265625 0.26675693906250003
2 0.564079421875 0.20717670937500002 0.564079421875 0.1814488828125 0.47833935 0.15572105625 0.47021660625 0.1604603921875 0.467509025 0.1692620171875 0.47743682343750005 0.1794177390625 0.5144404328125 0.20717670937500002 0.5415162453125 0.23222748750000002 0.5523465703125 0.23425863281249998 0.564079421875 0.20717670937500002
2 0.8050541515624999 0.3175355453125 0.8727436828125 0.32227488125 0.8808664265624999 0.3141503046875 0.8826714796875 0.306025728125 0.962996390625 0.15639810468749998 0.9756317687499999 0.14556533437500002 0.97833935 0.13811780625 0.9693140796874999 0.1286391328125 0.9584837546875 0.123899796875 0.9296028875 0.117129315625 0.8853790609375001 0.11171293125 0.8203971125 0.1137440765625 0.808664259375 0.117129315625 0.8005415156250001 0.12660798906249998 0.804151625 0.134732565625 0.803249096875 0.15572105625 0.7888086640624999 0.23696682500000002 0.782490975 0.29722410312499997 0.7870036093749999 0.303994584375 0.8050541515624999 0.3175355453125
2 0.9720216609375001 0.3568043328125 0.9521660656250001 0.3777928234375 0.9521660656250001 0.3845633046875 0.9584837546875 0.394719025 0.9792418765625 0.41029113125 0.9990974734375 0.417738659375 0.9990974734375 0.3175355453125 0.9720216609375001 0.3568043328125
1 0.5740072203125 0.587677725 0.599277978125 0.38591739999999997 0.5983754515624999 0.377115775 0.5920577625 0.371699390625 0.5740072203125 0.3676371015625 0.555956678125 0.369668246875 0.545126353125 0.377115775 0.5306859203125 0.5396073125 0.5279783390625 0.5944482062499999 0.5315884468750001 0.5991875421875 0.54061371875 0.601895734375 0.564079421875 0.6025727828125 0.569494584375 0.599864590625 0.5740072203125 0.587677725
1 0.822202165625 0.5368991203125 0.9638989171875 0.5314827359375001 0.97021660625 0.52877454375 0.9738267140625 0.5172647265625 0.9693140796874999 0.5050778609375 0.962996390625 0.5016926203125001 0.6624548734375 0.505754909375 0.656137184375 0.5084631015625 0.6543321296875 0.527420446875 0.6588447656249999 0.5402843609375 0.6624548734375 0.5423155046875 0.72021660625 0.5409614078125 0.7536101078125 0.5368991203125 0.822202165625 0.5368991203125
4 0.8998194953124999 0.4028436015625 0.9124548734375001 0.387271496875 0.9160649812500001 0.37576167968749996 0.9169675093749999 0.3642518625 0.9124548734375001 0.345294515625 0.8989169671875 0.3303994578125 0.8772563171875 0.3249830734375 0.804151625 0.318889640625 0.70397111875 0.31550440156250004 0.69314079375 0.3195666890625 0.68231046875 0.3290453625 0.67148014375 0.35545023750000004 0.669675090625 0.38591739999999997 0.6732851984375 0.40352065000000004 0.688628159375 0.42586323593750003 0.70397111875 0.43534190937500006 0.8718411546875 0.412322275 0.8998194953124999 0.4028436015625
0 0.6462093859375 0.345294515625 0.6579422375 0.371699390625 0.6678700359375 0.3676371015625 0.669675090625 0.3513879484375 0.6768953062499999 0.3337846984375 0.6949458484375 0.3175355453125 0.7184115531249999 0.3141503046875 0.7716606500000001 0.316858496875 0.795126353125 0.3141503046875 0.784296028125 0.31076506406250004 0.77978339375 0.29587000625000004 0.72021660625 0.23764387343750001 0.680505415625 0.240352065625 0.6471119140625 0.24712254531250002 0.5767148015625 0.2538930265625 0.575812275 0.25592417031250003 0.593862815625 0.26946513125 0.6010830328125001 0.2789438046875 0.6543321296875 0.318889640625 0.656137184375 0.3229519296875 0.6462093859375 0.345294515625
0 0.9990974734375 0.8625592421875 0.9990974734375 0.5321597828125 0.9693140796874999 0.5308056875 0.9205776171875 0.534190928125 0.75 0.5368991203125 0.7319494578125 0.5389302640625 0.7247292421875 0.5463777921874999 0.72563176875 0.5714285718750001 0.7472924187500001 0.6188219359375 0.7590252703125 0.658767771875 0.8330324906250001 0.86188219375 0.8447653421875 0.8659444828125 0.9990974734375 0.8625592421875
0 0.5469214796874999 0.37244414375 0.5672924187499999 0.368777928125 0.59336823125 0.368777928125 0.600702165625 0.3809986453125 0.5949981953125 0.4500460390625 0.62351805 0.473265403125 0.6756687718750001 0.49465199687499994 0.69685469375 0.48243060312499997 0.6479638984375 0.4451577515625 0.62270306875 0.4262153015625 0.6243330328125001 0.406050778125 0.629222021875 0.3932193640625 0.753080325 0.4836533515625 0.7147815890625 0.45249018281250003 0.6805577625 0.4176607984375 0.6561119140625 0.3742769125 0.6471489171875 0.341280975 0.6528528875 0.322430603125 0.44261913281250004 0.14950643125000002 0.41328429531250005 0.1476729859375 0.3172430578125 0.33158474843749997 0.3252797828125 0.35295057500000004 0.3505406140625 0.37128165156250004 0.3635776171875 0.43772850312499995 0.4352851984375 0.5391611375 0.46217599218750005 0.5403832093750001 0.5371425999999999 0.447505078125 0.543661553125 0.382831415625 0.5469214796874999 0.37244414375
0 0.143565884375 0.622220040625 0.21853339374999997 0.5990006765625 0.2918700359375 0.58739065625 0.3969873640625 0.5661225453125 0.3480956671875 0.3718124578125 0.33098375468749996 0.34920379218750003 0.3155018046875 0.35164793437499997 0.3155018046875 0.328428571875 0.29757490937500003 0.3345389296875 0.2918700359375 0.3070419765625 0.17068953125 0.3528672984375 0.0916480140625 0.3956398109375 0.0710442234375 0.35042586249999996 0.0404043328125 0.3203662828125 0.0020135375 0.29548815156249997 0.0028285203125 0.64727285 0.0191254515625 0.6546052812500001 0.0571913359375 0.6643818546875 0.143565884375 0.622220040625
0 0 0.8977657406249999 0.0054151625 0.9031821265625 0.0054151625 0.9316181453124999 0.0126353796875 0.9356804328124999 0.01895306875 0.9356804328124999 0.0270758125 0.9431279625 0.04061371875 0.9478672984375001 0.06768953125 0.9661475968750001 0.093862815625 0.9688557890625 0.12184115468750001 0.9898442796875001 0.134476534375 0.983750846875 0.142599278125 0.9891672312500001 0.1489169671875 0.98239675 0.156137184375 0.9810426546875 0.1570397109375 0.983750846875 0.1633574 0.98239675 0.1787003609375 0.9851049421875 0.2111913359375 0.9993229515625 0.677797834375 0.9993229515625 0.680505415625 0.985781990625 0.685920578125 0.98239675 0.7409747296875 0.8469871359375001 0.7599277984375 0.790792146875 0.7599277984375 0.78266756875 0.7454873640625 0.775220040625 0.5225631765625 0.7061611375 0.392599278125 0.6628300609375 0.3375451265625 0.6465809078125 0.325812275 0.645903859375 0.287003609375 0.63168585 0.2328519859375 0.6167907921875 0.2030685921875 0.6113744078125001 0.1687725625 0.6167907921875 0.158844765625 0.6215301281250001 0.134476534375 0.6384563296875 0.1191335734375 0.6553825328125 0.10288808593750001 0.663507109375 0.0072202171875 0.744752878125 0 0.75423155 0 0.8977657406249999
3 0.9404332125 0.461746784375 0.8944043328125 0.4685172640625 0.8610108296875 0.4773188890625 0.814079421875 0.4820582265625 0.7813898921875 0.48392213906250003 0.7752707578125 0.490182803125 0.7752707578125 0.49356804375 0.782490975 0.49763033125 0.8240072203125001 0.4983073796875 0.9530685921875 0.48612051406249995 0.9990974734375 0.48476641875000004 0.9990974734375 0.42654028437499997 0.989169675 0.42789438124999996 0.9801444046875 0.4312796203125 0.9729241875 0.43805010156249996 0.9729241875 0.44617467812499995 0.9666064984375 0.45497630312500004 0.95397111875 0.45565335156250003 0.9404332125 0.461746784375