1 0.6085552609375 0.9743681609375001 0.46986616249999996 0.8286281046875 0.457248715625 0.8537928156250001 0.5765746953125 0.985085440625 0.6085552609375 0.9743681609375001
1 0.8044202328125 0.7788863578125 0.827621325 0.7574057390625 0.631246865625 0.6482890968749999 0.6124951015625 0.6648745640625 0.8044202328125 0.7788863578125
1 0.5650800859375 0.661541240625 0.635473109375 0.4923402390625 0.607306378125 0.48461587812499995 0.540729621875 0.6572030484375 0.5650800859375 0.661541240625
1 0.5980215109375 0.40828645156250004 0.609923003125 0.38938250625 0.37774546875000004 0.38046817499999996 0.3748423078125 0.4022303328125 0.5980215109375 0.40828645156250004
0 0.484363609375 0.6725649609375 0.5755268296875 0.4945430015625 0.3413032875 0.4475492765625 0.24673673749999997 0.6271011203125 0.484363609375 0.6725649609375
0 0.160099796875 0.621481525 0.07934353125 0.8002285171875 0.444136175 0.8721539 0.5329459562500001 0.6956422250000001 0.5337055109375 0.6840636734375 0.1592546375 0.607060540625 0.160099796875 0.621481525
0 0.52952121875 0.484996434375 0.5315988828125 0.4854153171875 0.47400338125 0.4069668015625 0.3714039640625 0.40390612812500004 0.3789711515625 0.382361515625 0.4519293796875 0.3845665921875 0.3978816796875 0.3124655953125 0.18195839687499998 0.42411686406250004 0.2839115234375 0.560448565625 0.34414927031250003 0.44756324375 0.52952121875 0.484996434375
0 0.602217325 0.38935339375 0.6151949218749999 0.39486662968749997 0.624301046875 0.3629443125 0.66984156875 0.3334642390625 0.5488195984375001 0.1657780375 0.3767747 0.24212415625 0.45444490000000004 0.38582444374999997 0.37640495 0.383404540625 0.368661740625 0.40282945468750003 0.48229655468750005 0.4140980859375 0.501385365625 0.434571978125 0.5516128921875 0.41350406250000005 0.6028644171875001 0.409203675 0.602217325 0.38935339375
4 0.7637665515625 0.37931245156250004 0.754637515625 0.346648465625 0.7190406359375 0.335500725 0.672616246875 0.3321766015625 0.630326090625 0.3478856328125 0.620070653125 0.393139665625 0.6168871218749999 0.422542615625 0.6210543375 0.44811586718749996 0.6537389609375001 0.45983915 0.683514975 0.4574549421875 0.69848354375 0.43993798906250003 0.74365343125 0.42415794531250006 0.76569630625 0.39874741406249997 0.7637665515625 0.37931245156250004
4 0.099909059375 0.52795945 0.1057416921875 0.5490407125 0.10860289218750001 0.571200634375 0.0768568859375 0.5852544749999999 0.039256471875 0.590967046875 0.0338957 0.5887983265625001 0.03508016875 0.59092860625 0.1523990078125 0.61837976875 0.19895590000000002 0.5786880578125 0.20057467812500002 0.531920659375 0.096497203125 0.514072553125 0.099909059375 0.52795945
3 0.917081371875 0.311370871875 0.9162354625000001 0.4016765234375 0.9135302281250001 0.41780329531250004 0.8776271859375001 0.43921399375 0.8767539890625 0.48180933281250005 0.9047786703125 0.5005857296875 0.9290293171874999 0.49206931562499995 0.9363849125 0.4452035953125 0.9317581296874999 0.409369265625 0.9344743296875 0.40438389218750004 0.95508490625 0.49304310781250005 0.9777807875000001 0.48939498906249995 0.9943569703125 0.47332473906250006 0.9945888093749999 0.453400540625 0.993166165625 0.44238219531249995 0.9787781234375 0.424559496875 0.9589324187500001 0.42011019687499995 0.9523482874999999 0.399768953125 0.9354912328125 0.297863525 0.917081371875 0.311370871875
0 0.9521016296875 0.636866321875 0.8316458000000001 0.42605881874999996 0.6306944953125 0.511248546875 0.7552080937500001 0.7144747140625001 0.9521016296875 0.636866321875
2 0.693484921875 0.25983674218749997 0.77046630625 0.1672305609375 0.65887825625 0.177450075 0.6282018375 0.1537380921875 0.6203918703125 0.24699433750000002 0.6437423796874999 0.2613956171875 0.693484921875 0.25983674218749997
2 0.666010503125 0.17483360625 0.7705139625 0.16717322968749998 0.7732075968750001 0.163932871875 0.7980461453125 0.130766259375 0.7952750609375 0.082306425 0.7558024343749999 0.065855559375 0.6977899953125 0.057140826562500004 0.6251415515625001 0.08819980937500001 0.6153454765624999 0.1323104890625 0.6344106078125 0.1541208875 0.666010503125 0.17483360625
2 0.0981994265625 0.2535552921875 0.0894642125 0.2689520140625 0.1115259671875 0.3106556734375 0.14314041718749998 0.36710356875 0.2429959875 0.33213763749999997 0.3708562578125 0.288378415625 0.3404936828125 0.21235206093749998 0.0981994265625 0.2535552921875
2 0 0.4592522265625 0.099576303125 0.484860740625 0.14436655 0.4539952171875 0.1500625109375 0.4292760203125 0.07324549531249999 0.3706110171875 0.0711996984375 0.3681338953125 0.055779325000000005 0.4190401203125 0.0148046703125 0.4526715296875 0 0.45499589531250006 0 0.4592522265625
2 0 0.4517979078125 0.0123868296875 0.44906675781249994 0.05389843749999999 0.41420718125 0.0711475953125 0.3680708046875 0.040017884375 0.3303778625 0 0.3264021625 0 0.4517979078125
2 0.814477840625 0.273108284375 0.857317521875 0.3014487265625 0.9154232906249999 0.298946153125 0.9418248484375 0.2917292265625 0.9443767453125 0.2887420140625 0.9550519 0.262206425 0.93166426875 0.23750036093750002 0.8885165562499999 0.2204817296875 0.8441022359374999 0.2379003078125 0.8129397609375 0.2716539703125 0.814477840625 0.273108284375
2 0.765419990625 0.362639096875 0.76170795 0.3974075703125 0.8076963515625 0.4089557734375 0.855959578125 0.392419115625 0.8837053875 0.37389390312500004 0.886216659375 0.356823365625 0.941753128125 0.2918131828125 0.8740552781250001 0.3120697125 0.843633009375 0.300675653125 0.814477840625 0.273108284375 0.8126894 0.2719251484375 0.8129397609375 0.2716539703125 0.8106746296875 0.2695121984375 0.7319921546875 0.33170666875 0.765419990625 0.362639096875