1 0.150348578125 0.2580912453125 0.1406925015625 0.27100471718749997 0.1506589671875 0.2815334015625 0.2078096359375 0.3140114828125 0.3075364671875 0.378714803125 0.31605332656249996 0.38213280312500003 0.3241301859375 0.37791259374999997 0.3286167453125 0.3683054671875 0.31828584531250004 0.35978291875 0.16084686718750002 0.2556320203125 0.1556395703125 0.2541161890625 0.150348578125 0.2580912453125
1 0.070338503125 0.31623847031249996 0.0722740234375 0.320674303125 0.24461415468749997 0.41824973437499996 0.2557954 0.42209129375 0.265124825 0.416006134375 0.2677136484375 0.4067853453125 0.245799284375 0.391605203125 0.0929143015625 0.30262675625 0.08694035312500001 0.300301028125 0.08201379375 0.3022699453125 0.070338503125 0.31623847031249996
1 0.24910884375000003 0.3935073734375 0.2560924015625 0.3953055765625 0.26114043750000004 0.392667946875 0.26712251875000004 0.3798584421875 0.25348205625000003 0.3694337234375 0.09050913125 0.2705953046875 0.08089896875 0.2731957171875 0.07059772187499999 0.2846305765625 0.0751976296875 0.2894899703125 0.24910884375000003 0.3935073734375
1 0.2432726359375 0.3602424640625 0.25505455 0.34912761406250004 0.07011097031249999 0.2297197546875 0.057097554687499996 0.24805642031250003 0.2432726359375 0.3602424640625
0 0.3276990984375 0.5774103671875 0.329034321875 0.62316361875 0.49328438593749996 0.7319584906250001 0.598506753125 0.6404698984375 0.42062325781250004 0.520416853125 0.41293660625 0.504863365625 0.3276990984375 0.5774103671875
0 0 0.5003177546875001 0.00031354843749999996 0.5005053609375001 0.14916822968750001 0.5764586781250001 0.2564917484375 0.4786199546875 0.25932352812500004 0.46806174218749996 0.0339926359375 0.33522941093749997 0.026523167187500002 0.33610605625 0.010650185937499999 0.3480312234375 0 0.40665835 0 0.5003177546875001
0 0.4557354546875 0.32246329218750003 0.423687234375 0.3077362375 0.40231808750000003 0.3297960578125 0.31044907187500004 0.44316404531250003 0.3136749375 0.45055710312499997 0.3202940609375 0.45436144375 0.5788960828125 0.580098471875 0.5858418578125 0.5770744999999999 0.6752894406250001 0.46194552968749997 0.679776 0.4523384015625 0.6676688421875 0.44353348125 0.515709771875 0.35951839531249996 0.4557354546875 0.32246329218750003
0 0.45801825 0 0.408605775 0.0487058078125 0.4095316875 0.053669168749999996 0.4246676671875 0.060891509375 0.4270054046875 0.06814338125 0.4601387984375 0.09198725625000001 0.488467109375 0.11713133906249999 0.5029579187500001 0.1228750703125 0.5294721874999999 0.1429146078125 0.54645999375 0.16006366875 0.5566316328124999 0.16443275468750002 0.558567153125 0.1688685875 0.5885124640625 0.1901415828125 0.5964974953125 0.20654749374999998 0.60767874375 0.21038905312499998 0.616514121875 0.22211397656249998 0.6293879328124999 0.2317287953125 0.636735925 0.2315208609375 0.6394380953125001 0.23676659375 0.6493289953125 0.23765093125 0.65865841875 0.23156577031249997 0.7686085421875 0.1293284328125 0.7697018453125 0.1233100203125 0.7645782421875 0.11630330468750001 0.65610785625 0.019248940625 0.53502285 0 0.45801825 0
0 0.4832674640625 0.32684006875 0.4885584578125 0.3228650140625 0.49239984375 0.3117792734375 0.49732640312500004 0.30981035625 0.5081135640625 0.2957006453125 0.5699750953125 0.20164319062499997 0.5731713078125 0.1890788390625 0.569178790625 0.180875884375 0.4557655859375 0.11606090625000001 0.39163136249999997 0.08178462187499999 0.3737095140625 0.07480743281249999 0.3535714109375 0.0599096625 0.27761076562500003 0.02031320625 0.272562728125 0.022950837499999998 0.224722353125 0.095156403125 0.178779715625 0.16697563124999998 0.176069415625 0.1768651328125 0.182202625 0.1833443234375 0.27112077343749996 0.2270647125 0.42183541093750004 0.29780951718750004 0.461671621875 0.3199668484375 0.4832674640625 0.32684006875
2 0.72076481875 0.508392134375 0.6906736390625 0.5331935546875 0.5893025484375001 0.598265365625 0.5853019015625 0.6051976453125001 0.6029726625 0.6286474921874999 0.6216152453125 0.6467476390625 0.6371534453125001 0.656786015625 0.7742926640625 0.5960242328125 0.8014683687499999 0.5872719140625 0.8043379312500001 0.5815358734375 0.7847694328125 0.5584723671875 0.73666745 0.5164243749999999 0.72076481875 0.508392134375
2 0.37184525625 0.8395936671875001 0.40595860625 0.8429526125000001 0.4286099671875 0.838985246875 0.44439925156250004 0.8325509656250001 0.46317957656250003 0.8197119328125 0.47420969375000005 0.8042647984375 0.478134775 0.787688171875 0.471121565625 0.7659325609375001 0.45820997500000005 0.75149556875 0.44981459218750003 0.7474088546875 0.4060021265625 0.6867781 0.3930068390625 0.6778319953125 0.3725798640625 0.674584709375 0.34653524375 0.682140790625 0.336476953125 0.692238225 0.332384478125 0.7197966234375001 0.3328919140625 0.7522144140625 0.32600544375 0.7951532 0.3304379609375 0.8109943656249999 0.3399185140625 0.8241979 0.3572329703125 0.83451865 0.37184525625 0.8395936671875001
2 0.1564401796875 0.7929661890624999 0.17226724531249998 0.7913540828125 0.19411417656250002 0.7817546453124999 0.2055465078125 0.7691235453124999 0.211893021875 0.7543079046875001 0.22985552031249998 0.6856089234375 0.23474429687499998 0.6788178328125001 0.2366879453125 0.66811843125 0.23136730156250002 0.65213608125 0.2101818078125 0.6329436625 0.1912503515625 0.626494 0.164363515625 0.6235958359375 0.135252290625 0.627912321875 0.112797971875 0.6408553203125 0.10245081250000002 0.662603240625 0.10343602656249999 0.7074814171875 0.09961616250000001 0.753659796875 0.1039272 0.7701696734375 0.1128840578125 0.7812258859375001 0.126365259375 0.7874971421875 0.1564401796875 0.7929661890624999
2 0.7809605687500001 0.5090171703124999 0.7996490671875 0.5168042578125001 0.8237500375 0.5199475765625 0.8433725781250001 0.517562790625 0.8551234328125 0.5132386140625 0.874670409375 0.5012094796875 0.8901033890625 0.481646103125 0.895083990625 0.45422889062499994 0.8865374796875001 0.4308534828125 0.8659971578125001 0.41313967500000004 0.8497300921875001 0.40711357187499997 0.8319675046875 0.4042898453125 0.8038658875 0.4080788046875 0.719690646875 0.4036417375 0.6967963265625 0.408946528125 0.6828966484375 0.430129703125 0.6814766953125 0.442976425 0.6848240375 0.4497007703125 0.7016147984375001 0.45787419687500003 0.703428840625 0.46297874375000003 0.7174337359375 0.47139732343749996 0.7587654671874999 0.49035227812500004 0.7809605687500001 0.5090171703124999
2 0.8221631703125001 0.3174162796875 0.8437590125 0.32428950156249997 0.870000675 0.3257090546875 0.8950356875000001 0.3186804984375 0.9133300984374999 0.3085163171875 0.9292867734374999 0.2911002640625 0.9368858515625 0.27441967031250003 0.941053890625 0.25650561875 0.9388835453125 0.23827197656250002 0.9275511671875 0.21514172343750002 0.9020465046874999 0.19457465937500001 0.88146026875 0.18717391249999998 0.8644643343749999 0.185160084375 0.83042655 0.19144548749999998 0.804943409375 0.2059710671875 0.7526489953125 0.227242828125 0.7354019734375 0.24170165781250003 0.722223034375 0.27400779218750004 0.7313391546875 0.289217465625 0.7445773984375 0.29682614531249996 0.7794951796875 0.3058171625 0.8039605828124999 0.30695434375 0.8221631703125001 0.3174162796875
4 0.7360198859375 0.36908431406250003 0.7389353609375 0.3530352125 0.731193284375 0.335291878125 0.716786171875 0.3240572609375 0.6855423843749999 0.314962278125 0.636938228125 0.3058596046875 0.6249066328125 0.3066990328125 0.599385709375 0.3164024359375 0.586093421875 0.3342420484375 0.583823121875 0.351769759375 0.590031896875 0.36789329843749996 0.604841225 0.3819439515625 0.621996421875 0.388111240625 0.6497713859375 0.391150590625 0.7046383609375 0.390928509375 0.7213157734375 0.384635415625 0.7360198859375 0.36908431406250003
4 0.3341420859375 0.6044880125 0.33693608125 0.589107625 0.3321013484375 0.5704504234375001 0.305632990625 0.540097828125 0.2921140078125 0.529004396875 0.2649464328125 0.522621484375 0.24596906718749997 0.52648488125 0.23348934375 0.5348213328125 0.20920472031249998 0.572930253125 0.20540111562500002 0.5888381671875 0.21047880624999998 0.60615794375 0.2274666109375 0.6233070046875 0.255681575 0.6339845671875 0.2883831 0.6350550015625 0.30267686562499996 0.6318230953125 0.31996166875 0.6221864390625 0.3341420859375 0.6044880125
3 0 0.6148302343750001 0.04254393125 0.6503277203125 0.052070396875 0.65321819375 0.056875478125000004 0.6519179890625 0.0586139515625 0.6473781875 0.05437848125 0.6405126578125 0.013260053124999999 0.60026286875 0 0.5894731671875 0 0.6148302343750001