2 0.2662454875 0.40419769843750003 0.2680505421875 0.3920108328125 0.26444043281249996 0.38524035156249997 0.194043321875 0.318889640625 0.1814079421875 0.31347325625 0.18321299687499998 0.310088015625 0.174187725 0.3019634390625 0.1597472921875 0.2999322953125 0.11642599218750001 0.31347325625 0.0947653421875 0.3358158421875 0.0974729234375 0.35612728437499996 0.13537906093750002 0.37440758281250003 0.20938628124999997 0.42586323593750003 0.22382671406250002 0.42789438124999996 0.239169675 0.42315504375 0.2662454875 0.40419769843750003
2 0.5315884468750001 0.43331076562500004 0.554151625 0.43195666875 0.5604693140625 0.43060257343749997 0.566787003125 0.4238320921875 0.5740072203125 0.3953960734375 0.574909746875 0.37576167968749996 0.558664259375 0.369668246875 0.4837545125 0.3581584296875 0.3998194953125 0.34055517968750004 0.3962093859375 0.341909275 0.3916967515625 0.352064996875 0.38447653437499996 0.391333784375 0.3835740078125 0.4211239 0.387184115625 0.42654028437499997 0.4070397109375 0.42518618750000003 0.4900722015625 0.43060257343749997 0.5207581234374999 0.429925525 0.5315884468750001 0.43331076562500004
2 0.9070397109374999 0.3994583609375 0.927797834375 0.38388625625 0.930505415625 0.36628300625 0.92148014375 0.352064996875 0.8989169671875 0.3378469875 0.865523465625 0.3290453625 0.825812275 0.3290453625 0.8014440437499999 0.3371699390625 0.79061371875 0.345294515625 0.7861010828125 0.354096140625 0.7870036093749999 0.3811780640625 0.7698555953125 0.45565335156250003 0.7689530687499999 0.4631008796875 0.77436823125 0.47393365000000004 0.7897111906250001 0.48341232187500005 0.8185920578125 0.488151659375 0.841155234375 0.4820582265625 0.9070397109374999 0.3994583609375
2 0.95397111875 0.617467840625 0.9810469312500001 0.6161137437499999 0.9945848375 0.6093432640625001 0.9990974734375 0.6046039265625 0.9990974734375 0.450914015625 0.9873646203125 0.452945159375 0.9774368234375 0.4590385921875 0.9070397109374999 0.529451590625 0.884476534375 0.545023696875 0.8781588453125 0.555856465625 0.8763537906250001 0.570074475 0.8835740078125 0.58564658125 0.900722021875 0.6005416390625 0.9133574 0.60731211875 0.9314079421875 0.6140825999999999 0.95397111875 0.617467840625
2 0 0.5159106296875 0.01895306875 0.52403520625 0.0415162453125 0.5443466484374999 0.0947653421875 0.57684495625 0.12635379062500002 0.5761679078124999 0.1380866421875 0.57210561875 0.145306859375 0.5619498984375 0.1543321296875 0.5585646578125 0.1579422375 0.5226811109375 0.1543321296875 0.507786053125 0.1362815890625 0.47867298593749996 0.139891696875 0.45497630312500004 0.1308664265625 0.4394041984375 0.1146209390625 0.428571428125 0.0848375453125 0.4224779953125 0.05234657031249999 0.42315504375 0.0207581234375 0.4312796203125 0.0054151625 0.43872714999999995 0 0.4414353421875 0 0.5159106296875
1 0.5523465703125 0.6696005421875 0.5487364625 0.66689235 0.5306859203125 0.6736628296875 0.49097472968750006 0.836831415625 0.49187725625 0.8436018953125 0.5027075812499999 0.8469871359375001 0.5162454875 0.8469871359375001 0.5216606500000001 0.8422478 0.555956678125 0.6932972234375 0.5523465703125 0.6696005421875
1 0.580324909375 0.5531482734375001 0.57851985625 0.5423155046875 0.572202165625 0.5355450234375 0.5631768953125 0.5355450234375 0.3962093859375 0.6005416390625 0.4016245484375 0.617467840625 0.414259928125 0.6161137437499999 0.48555956718750004 0.587677725 0.5216606500000001 0.5775220046875 0.5685920578125 0.5599187546875 0.580324909375 0.5531482734375001
1 0.6389891703125 0.7846987140625 0.637184115625 0.7792823296875 0.6200361015625 0.7698036562499999 0.6146209390624999 0.7698036562499999 0.599277978125 0.78266756875 0.47472924218749996 0.92349356875 0.47743682343750005 0.9302640484375001 0.49729241875 0.941773865625 0.5072202171875 0.9356804328124999 0.5225631765625 0.91875423125 0.6389891703125 0.7846987140625
1 0.702166065625 0.61205145625 0.7003610109375 0.6012186859375 0.688628159375 0.5944482062499999 0.6768953062499999 0.595125253125 0.5947653421875 0.663507109375 0.588447653125 0.6696005421875 0.5920577625 0.68178740625 0.5947653421875 0.685172646875 0.6037906140625 0.6858496953125 0.626353790625 0.6736628296875 0.702166065625 0.61205145625
3 0.8420577625 0.66689235 0.8583032484374999 0.667569396875 0.865523465625 0.67298578125 0.8772563171875 0.6723087343749999 0.8916967515625001 0.685172646875 0.9052346578125 0.685172646875 0.9097472921875 0.6892349359375001 0.9287003609375001 0.6946513203125 0.9314079421875 0.7020988484374999 0.9268953062499999 0.70819228125 0.9043321296875 0.711577521875 0.8907942234374999 0.7102234265625 0.8862815890625001 0.7122545703125 0.8916967515625001 0.7163168578125 0.92148014375 0.71699390625 0.9395306859374999 0.7054840890625 0.93501805 0.68652674375 0.9503610109375 0.6736628296875 0.9503610109375 0.6641841578125 0.9422382671875 0.6540284359374999 0.9205776171875 0.6418415703125 0.887184115625 0.6377792828125 0.8736462093749999 0.6418415703125 0.8637184109374999 0.6492891000000001 0.8528880859375001 0.6513202437500001 0.797833934375 0.6418415703125 0.7030685921875001 0.6201760328125 0.6949458484375 0.626269465625 0.7057761734375 0.63168585 0.7870036093749999 0.6540284359374999 0.830324909375 0.66892349375 0.83935018125 0.6702775890625 0.8420577625 0.66689235
4 0.7066787 0.6059580234374999 0.792418771875 0.597833446875 0.804151625 0.5924170609375 0.808664259375 0.5842924843749999 0.8113718406249999 0.56804333125 0.808664259375 0.552471225 0.8005415156250001 0.5389302640625 0.79061371875 0.534190928125 0.75 0.529451590625 0.645306859375 0.5247122546874999 0.637184115625 0.5321597828125 0.6326714796874999 0.5457007453125 0.6362815890625 0.5944482062499999 0.642599278125 0.6012186859375 0.6579422375 0.6066350703125 0.680505415625 0.593094109375 0.694043321875 0.595125253125 0.7066787 0.6059580234374999
4 0.5841010828125001 0.7288997968750001 0.6212545125 0.7302931625 0.6466426000000001 0.7177555859375 0.653453971875 0.7042897765625 0.6825577625 0.6685355453125 0.6930848375 0.6522836828125 0.6856534296875 0.630459715625 0.6045351984375 0.6871090046874999 0.581623646875 0.6759654703125 0.6590270765625 0.609100203125 0.6491191328125 0.6035280968750001 0.6293041515625 0.6007420453125001 0.6212545125 0.597027759375 0.5933889890625 0.598420446875 0.5799124546875001 0.6049262015625 0.568000903125 0.612815165625 0.554378159375 0.6272092078125 0.5500433218749999 0.644854434375 0.554378159375 0.6745721062500001 0.5593321296875 0.707540284375 0.5841010828125001 0.7288997968750001
0 0.325812275 0.6222071765625 0.44314079375000004 0.4895057546875 0.4503610109375 0.47799593749999997 0.4476534296875 0.4624238328125 0.324909746875 0.43060257343749997 0.305956678125 0.4292484765625 0.1407942234375 0.5815842921875001 0.1407942234375 0.5917400140625 0.1579422375 0.6005416390625 0.2662454875 0.6418415703125 0.295126353125 0.6398104265625 0.3104693140625 0.635071090625 0.325812275 0.6222071765625
0 0.5692391703124999 0.5338733921875 0.5797662453125 0.5422308734375 0.5847202171875 0.5524468515625001 0.39585649843750004 0.618383209375 0.41690974687500004 0.673174678125 0.4206254515625 0.6824617468749999 0.5512815890625 0.65970886875 0.5481859203125 0.647636425 0.55251985625 0.629062965625 0.56552436875 0.6141956671875 0.5791471125000001 0.602587 0.6026777984375 0.5988720375 0.6249693140625 0.5998009484375 0.54323195 0.43449627656249995 0.4412481953125 0.457067028125 0.4497292421875 0.46156195 0.45530144375 0.4778138125 0.3803754515625 0.5603405546875 0.39214079375 0.6007379828125 0.5692391703124999 0.5338733921875
0 0.330324909375 0.920108328125 0.3456678703125 0.9194312796874999 0.3528880859375 0.91469194375 0.36552346562500004 0.9160460390624999 0.3998194953125 0.9079214625 0.41606498125 0.9099526062500001 0.42689530624999994 0.9079214625 0.4232851984375 0.9031821265625 0.4314079421875 0.8997968859375 0.45126353750000003 0.900473934375 0.4557761734375 0.8997968859375 0.45848375468749997 0.8957345968749999 0.47021660625 0.8977657406249999 0.47653429531249997 0.8923493562499999 0.47472924218749996 0.8761002031249999 0.4503610109375 0.792823290625 0.438628159375 0.7589708875000001 0.4341155234375 0.7569397421875 0.43321299687500003 0.74339878125 0.41877256249999995 0.7054840890625 0.398014440625 0.6310088015625 0.3962093859375 0.6269465125 0.389891696875 0.626269465625 0.37725631718749997 0.62965470625 0.3619133578125 0.62965470625 0.18501805 0.66012186875 0.18501805 0.6797562625 0.215703971875 0.90589031875 0.22833935 0.9370345296875 0.324909746875 0.9167230875 0.330324909375 0.920108328125
0 0.8601083031250001 0.7332430609375 0.664259928125 0.70819228125 0.6552346578125 0.709546378125 0.6218411546875 0.930941096875 0.620938628125 0.94515910625 0.6335740078125001 0.9498984421875001 0.824909746875 0.98239675 0.8673285203125 0.9844278937500001 0.8664259921875 0.8639133375 0.8601083031250001 0.7332430609375
0 0.6471119140625 0.5233581578125001 0.7138989171875 0.5280974953124999 0.7662454875 0.52877454375 0.7400722015625 0.40893703437499995 0.7355595671875 0.402166553125 0.7211191328125001 0.394719025 0.626353790625 0.3953960734375 0.6037906140625 0.400135409375 0.5911552343750001 0.40690589062500004 0.5920577625 0.47122545625 0.599277978125 0.5443466484374999 0.6110108296875 0.553825321875 0.6245487359374999 0.552471225 0.6416967515625001 0.5247122546874999 0.6471119140625 0.5233581578125001