1 0.582429603125 0.1488246453125 0.481203971875 0.000595125 0.44821389843750004 0.006406906249999999 0.566740975 0.1718869328125 0.582429603125 0.1488246453125
1 0.3841471125 0.3264644546875 0.40480595625 0.31283750781249997 0.22958935 0.170809071875 0.20390613750000003 0.18862152968749998 0.3841471125 0.3264644546875
1 0.38692328593749997 0.49244008125 0.474787003125 0.3312640484375 0.45126353750000003 0.323290453125 0.3600586640625 0.48053215937499993 0.38692328593749997 0.49244008125
1 0.600612815625 0.6303554499999999 0.6062617328125001 0.60920446875 0.38635920625 0.56955991875 0.3721777984375 0.5865192953125 0.600612815625 0.6303554499999999
0 0.6452102890625 0.5693019640625 0.7616389890625 0.4054353421875 0.53248195 0.3245199734375 0.41961371875 0.48738185468750006 0.6452102890625 0.5693019640625
0 0.5977391703125 0.13258632343750001 0.48739079375000005 0.294304671875 0.48516155312500003 0.3056763703125 0.8455812281249999 0.438501015625 0.8465866421875001 0.4240677046875 0.9492572203125 0.2589180765625 0.5977391703125 0.13258632343750001
0 0.4638844765625 0.503786053125 0.461883596875 0.503057375 0.5088176890625 0.5895605953125 0.6098754515625 0.6080602578125001 0.5996425999999999 0.628292484375 0.5277842953125 0.6151090046875 0.5720207578125 0.6947806359375 0.7997761734375 0.6165633046875 0.716371840625 0.465953284375 0.6423980140625 0.5688591734374999 0.4638844765625 0.503786053125
0 0.30579241874999996 0.6329607312500001 0.40404873593749996 0.8175490859375 0.58391065 0.7677420453125 0.52545758125 0.6134820578125 0.6023131765625 0.6276445500000001 0.6124494578124999 0.6095416390625 0.501527978125 0.5812362890625 0.48526714843749996 0.5580487468750001 0.4329133578125 0.5713784703125 0.38168772500000003 0.5679201078125 0.379793321875 0.587709546875 0.3676651625 0.5802843609375 0.35458574062500003 0.610579553125 0.30579241874999996 0.6329607312500001
4 0.3028844765625 0.6338199046875 0.3467057765625 0.6246100203125 0.36262364687500004 0.5812626953125 0.3695252703125 0.5525741375 0.368669675 0.5265768453125 0.337848375 0.5100209890625 0.3081019859375 0.5078984421875 0.29106498125 0.523019634375 0.244387184375 0.53186594375 0.2193474734375 0.5537515234375 0.21877436874999998 0.573322275 0.22363086718749997 0.6071015578125001 0.257405234375 0.6235253890625 0.3028844765625 0.6338199046875
4 0.8910866421874999 0.5041232234375 0.8910866421874999 0.48170886875 0.9242707578125 0.47255179375 0.9621786999999999 0.47255179375 0.9672024625000001 0.47551116718750003 0.9663032484375 0.4732193640625 0.8538050546875 0.4283053484375 0.80270306875 0.4606635078125 0.7951317687499999 0.5068138125 0.8957631328125 0.5402056953125001 0.8941624546875 0.52591536875 0.8910866421874999 0.5041232234375
3 0 0.4761814484375 0.0119512640625 0.4960304671875 0.0310063171875 0.5034353421875 0.034919675 0.524606634375 0.0385776171875 0.628239675 0.058505415625 0.617614759375 0.0708709390625 0.528157075 0.07560469375 0.5125666890625 0.113838446875 0.4967379828125 0.12013989218750001 0.4546140828125 0.0948267140625 0.4317637109375 0.0697608296875 0.4365572109375 0.056504512500000006 0.4819404203125 0.056504512500000006 0.5181861875 0.0531823109375 0.5227224109375 0.044121840625 0.43166418437500004 0.0212148015625 0.431862559375 0 0.447327690625 0 0.4761814484375
0 0.36719765312499997 0.462494921875 0.2700261734375 0.2421239 0.0654332125 0.28943805 0.1576245484375 0.5167183484375 0.36719765312499997 0.462494921875
2 0.29671480156249996 0.7893825328124999 0.32401985624999996 0.8175287750000001 0.3436480140625 0.7261936359375001 0.3223980140625 0.7083879484375 0.273014440625 0.7024373734375 0.1850737875 0.7827023750000001 0.29671480156249996 0.7893825328124999
2 0.2893285203125 0.7909031828125 0.1850193453125 0.782752065625 0.1819422375 0.7855605953125 0.1531480140625 0.8147190249999999 0.1497012640625 0.863209884375 0.1866308671875 0.8854786734375001 0.24287996406249998 0.9028672984374999 0.3186787 0.883005415625 0.333996390625 0.8407230875 0.31792960312499996 0.8162132703125 0.2893285203125 0.7909031828125
2 0.7276805046875 0.6986093437500001 0.5956678703125 0.7227488156249999 0.6159837546875 0.802744753125 0.8608203968750001 0.7983879484374999 0.8714232859375001 0.784430603125 0.8549332125 0.739734596875 0.8308799640625001 0.6789722406250001 0.7276805046875 0.6986093437500001
2 0.99400301875 0.6133030078124999 0.8889891703125 0.5687203796875 0.8407608296875001 0.59258903125 0.8319729234375 0.6162525390625 0.900438628125 0.68602708125 0.902145228125 0.688792775 0.9238916968750001 0.640616790625 0.9687003609374999 0.6134292484375 0.99400301875 0.6133030078124999
2 0.9281570390624999 0.730947190625 0.9990974734375 0.7490636421875 0.9990974734375 0.6154658093750001 0.9706308671875 0.61736966875 0.9251344765624999 0.6456946515624999 0.9021886921875 0.6888632140625 0.9281570390624999 0.730947190625
2 0.155073103125 0.67103610625 0.1163321296875 0.63646513125 0.0585586640625 0.63019025 0.031531896875 0.6333704546875001 0.02862725625 0.635949221875 0.014684115624999999 0.6606641843750001 0.034655234374999996 0.6886980359375 0.075146209375 0.7120839546875 0.1212861015625 0.7014983078125 0.156408259375 0.67271063125 0.155073103125 0.67103610625
2 0.0994891703125 0.560620853125 0.0948267140625 0.577176709375 0.0316135328125 0.6332979765625 0.1011380859375 0.623406228125 0.129764440625 0.639294515625 0.155073103125 0.67103610625 0.1566904328125 0.6724793499999999 0.156408259375 0.67271063125 0.1583745484375 0.675176709375 0.24411462031250003 0.6253371703124999 0.21501082968750002 0.58961340625 0.2231200359375 0.5556817875 0.179121840625 0.537294515625 0.129288809375 0.5464251859375 0.0994891703125 0.560620853125