0 0.23465703906250002 0.4996614765625 0.2454873640625 0.5016926203125001 0.25812274375 0.4996614765625 0.3998194953125 0.43331076562500004 0.41335740000000004 0.424509140625 0.43682310468749996 0.417738659375 0.5234657046875 0.37440758281250003 0.5433213 0.3676371015625 0.558664259375 0.3568043328125 0.558664259375 0.3446174671875 0.553249096875 0.341232228125 0.545126353125 0.327691265625 0.444043321875 0.22816519999999998 0.4314079421875 0.21936357499999998 0.39350180468749996 0.23222748750000002 0.115523465625 0.350033853125 0.1119133578125 0.354096140625 0.1191335734375 0.364928909375 0.2030685921875 0.4664861203125 0.21480144375000002 0.47596479374999995 0.22021660625 0.4874746109375 0.23465703906250002 0.4996614765625
1 0.6227436828124999 0.49763033125 0.4638989171875 0.49763033125 0.4151624546875 0.49492213906250004 0.37635379062499996 0.49763033125 0.37274368281250003 0.5125253890625 0.37454873593750004 0.51997291875 0.38447653437499996 0.5220040625 0.6227436828124999 0.52403520625 0.629061371875 0.5179417734375 0.629061371875 0.5044008125 0.6227436828124999 0.49763033125
0 0.5964684109375 0.6280108328125 0.6184693140624999 0.6359539609375 0.70239981875 0.349571428125 0.5394287 0.322074475 0.5630595671874999 0.3434610703125 0.5589846578125 0.347738659375 0.5589846578125 0.36301421875 0.4009025265625 0.43572782656250003 0.3792815890625 0.4968496953125 0.3438619140625 0.5907373046875 0.5369837546875 0.6273994578125001 0.55491065 0.6249553140625 0.57120758125 0.6261773859375 0.5964684109375 0.6280108328125
0 0.0288808671875 0.8097494921875 0.062274368749999996 0.8144888281249999 0.08393501875 0.8205822609375 0.10559566718749999 0.8219363578125 0.1110108296875 0.8259986453125 0.1245487359375 0.8259986453125 0.1525270765625 0.8327691265625001 0.2301444046875 0.8449559921875001 0.24729241875 0.8436018953125 0.25541516249999996 0.8314150296875 0.2707581234375 0.792823290625 0.3402527078125 0.59647935 0.33844765312499997 0.5883547734375 0.3528880859375 0.5531482734375001 0.357400721875 0.5314827359375001 0.3420577625 0.52403520625 0.2779783390625 0.5125253890625 0.2707581234375 0.5091401484375 0.218411553125 0.503046715625 0.2111913359375 0.49763033125 0.20126353749999998 0.4955991875 0.1435018046875 0.48612051406249995 0.1092057765625 0.48476641875000004 0.08754512656249999 0.51117129375 0.083032490625 0.5308056875 0.07220216562500001 0.5484089375 0.0234657046875 0.6607989171875001 0.0198555953125 0.67772511875 0.0099277984375 0.6919431281249999 0.00270758125 0.722410290625 0 0.7880839546875 0.0054151625 0.8043331078125 0.01895306875 0.8043331078125 0.0207581234375 0.8077183484375 0.0252707578125 0.8070413000000001 0.0288808671875 0.8097494921875
2 0.7861010828125 0.26675693906250003 0.634476534375 0.161137440625 0.6227436828124999 0.1462423828125 0.607400721875 0.15572105625 0.574909746875 0.1888964109375 0.5270758125 0.24847664218749999 0.5261732859375 0.2518618828125 0.7346570390625 0.3439404203125 0.7563176890625 0.3337846984375 0.79061371875 0.3019634390625 0.803249096875 0.28300609374999997 0.7861010828125 0.26675693906250003
2 0 0.2647257953125 0.0054151625 0.268788084375 0.0117328515625 0.268788084375 0.01353790625 0.27420446875 0.04061371875 0.2890995265625 0.055956678125000006 0.3026404875 0.077617328125 0.314827353125 0.0794223828125 0.318889640625 0.0947653421875 0.32566012187500004 0.12635379062500002 0.327691265625 0.1471119140625 0.3249830734375 0.1678700359375 0.30941096875 0.1732851984375 0.310088015625 0.1796028875 0.2965470546875 0.17779783437500002 0.2593094109375 0.169675090625 0.2254570078125 0.174187725 0.18280297968749998 0.1624548734375 0.1577522 0.1407942234375 0.1367637109375 0.1227436828125 0.12660798906249998 0.0920577625 0.11645226875 0.0442238265625 0.113067028125 0.0054151625 0.11916046093749999 0 0.12119160468750001 0 0.2647257953125
2 0.2463898921875 0 0.2725631765625 0.049424509374999995 0.3158844765625 0.1536899125 0.322202165625 0.1618144890625 0.3366426 0.1672308734375 0.36552346562500004 0.166553825 0.395306859375 0.1604603921875 0.41155234687500003 0.152335815625 0.41877256249999995 0.1428571421875 0.39079422343750003 0 0.2463898921875 0
0 0.7779783390625 0.5497630328125 0.8267148015625001 0.575490859375 0.841155234375 0.580230196875 0.8501805046875001 0.5788761 0.8718411546875 0.5497630328125 0.9548736468750001 0.4116452265625 0.9566787 0.38388625625 0.9494584843749999 0.3764387265625 0.8501805046875001 0.3371699390625 0.8176895312499999 0.32566012187500004 0.7987364625 0.32566012187500004 0.7942238265625 0.32227488125 0.7716606500000001 0.345294515625 0.6570397109375 0.509817196875 0.6570397109375 0.5220040625 0.672382671875 0.529451590625 0.688628159375 0.53283683125 0.69855595625 0.527420446875 0.71480144375 0.52403520625 0.7779783390625 0.5497630328125
2 0.9990974734375 0.5396073125 0.9990974734375 0.44888287031249996 0.9864620937499999 0.4522681109375 0.941335740625 0.47393365000000004 0.9314079421875 0.4820582265625 0.9259927796874999 0.49221394687500003 0.9259927796874999 0.5071090046875 0.9314079421875 0.520649965625 0.9476534296875 0.534190928125 0.9548736468750001 0.538253215625 0.9738267140625 0.5416384562500001 0.9990974734375 0.5396073125
4 0.8537906140624999 0.6574136765625 0.8745487359374999 0.6289776578125 0.8763537906250001 0.6127285031249999 0.8691335734375001 0.6005416390625 0.7671480140625 0.5477318890625 0.7138989171875 0.5247122546874999 0.7057761734375 0.525389303125 0.6949458484375 0.5308056875 0.6759927796875 0.5477318890625 0.6570397109375 0.5727826671875 0.645306859375 0.5971563984375 0.6444043328125 0.6161137437499999 0.653429603125 0.6235612734375 0.7590252703125 0.6533513875 0.8231046937500001 0.6682464453125 0.8402527078125 0.665538253125 0.8537906140624999 0.6574136765625
2 0.9990974734375 0.637102234375 0.9738267140625 0.635071090625 0.9584837546875 0.6384563296875 0.9404332125 0.649966146875 0.9232851984374999 0.674339878125 0.9232851984374999 0.7054840890625 0.93501805 0.7264725796875 0.9620938625000001 0.7481381171875 0.9846570390625 0.7562626953125 0.9990974734375 0.755585646875 0.9990974734375 0.637102234375
3 0.78519855625 0.7887610015625001 0.78519855625 0.8016249156249999 0.7987364625 0.823290453125 0.81227436875 0.833446175 0.8312274374999999 0.8402166546875 0.8501805046875001 0.840893703125 0.8592057765625001 0.8381855109374999 0.881768953125 0.8111035890625 0.8971119140624999 0.8104265406250001 0.9097472921875 0.80027081875 0.91064981875 0.7813134734375 0.8962093859375001 0.759647934375 0.8673285203125 0.7440758296875 0.8447653421875 0.7427217328125 0.8276173281249999 0.745429925 0.822202165625 0.74339878125 0.7635379062500001 0.698713609375 0.7319494578125 0.66892349375 0.695848375 0.640487475 0.6850180499999999 0.6357481375 0.677797834375 0.6377792828125 0.680505415625 0.6465809078125 0.7572202171875 0.7210561953125 0.782490975 0.7549085984375 0.7933213 0.764387271875 0.7933213 0.7718347999999999 0.78519855625 0.7887610015625001
1 0.4819494578125 0.7786052812500001 0.47472924218749996 0.7704807046875 0.4557761734375 0.77386594375 0.22833935 0.8645903859375 0.22833935 0.8747461062499999 0.2355595671875 0.8876100203125 0.2463898921875 0.8882870687500001 0.48736462031250005 0.7955314828125 0.48826714843749996 0.790792146875 0.4819494578125 0.7786052812500001
1 0.49187725625 0.6506431953125 0.49187725625 0.645903859375 0.48736462031250005 0.6425186187499999 0.47472924218749996 0.6357481375 0.46480144375 0.637102234375 0.3023465703125 0.7880839546875 0.30144404375 0.794854434375 0.31768953125 0.805687203125 0.325812275 0.8063642515625 0.333032490625 0.8016249156249999 0.47111913281250006 0.67298578125 0.49187725625 0.6506431953125
4 0.5899494578125 0.7547122546875 0.6143953062499999 0.7418801625 0.6347671484374999 0.727826675 0.6469891703124999 0.70827285 0.4848330328125 0.6881090046875 0.48727707656249997 0.672222071875 0.4954259921875 0.6648889640625 0.6453601078125 0.6758882875000001 0.6323222015625001 0.65389031875 0.6176543328124999 0.6367813140624999 0.5760965703125 0.6245605953125 0.5426877250000001 0.6270047390625 0.5125379062500001 0.6367813140624999 0.48646209375 0.6593899796875 0.479641696875 0.6840893703125001 0.47994404375000005 0.7046066343749999 0.4946110109375 0.7308815171874999 0.52801985625 0.7516567359375 0.5524657046875 0.7565450234375 0.5899494578125 0.7547122546875
1 0.6844729234375 0.6844427890625 0.677953971875 0.67833243125 0.49593321250000005 0.66648950625 0.48727707656249997 0.6746662156250001 0.48646209375 0.6881090046875 0.6698059562500001 0.71071699375 0.6844729234375 0.70644008125 0.6877328515625 0.6960521328125 0.6844729234375 0.6844427890625
0 0.7509025265625 0.8375084625 0.6110108296875 0.7501692624999999 0.6064981953124999 0.7494922140625 0.5875451265625 0.7562626953125 0.54602888125 0.7582938390625 0.53519855625 0.7562626953125 0.5090252703125 0.7792823296875 0.3528880859375 0.937711578125 0.3528880859375 0.9431279625 0.37364620937500004 0.9587000671875 0.435920578125 0.9993229515625 0.6119133578125 0.9993229515625 0.7472924187500001 0.8449559921875001 0.7509025265625 0.8375084625