2 0 0.41706161093749994 0.0162454875 0.4414353421875 0.026173285937500002 0.4719025046875 0.032490975 0.47528774531250007 0.080324909375 0.44617467812499995 0.16064981875 0.40555179375000006 0.164259928125 0.400135409375 0.139891696875 0.32701421875 0.101985559375 0.23222748750000002 0.0902527078125 0.2254570078125 0.0767148015625 0.2234258625 0.0063176890624999996 0.22410291093749998 0 0.224779959375 0 0.41706161093749994
2 0.44928068593750004 0.222530128125 0.43898014375 0.21351861875 0.38232581250000003 0.2070819234375 0.33768953125 0.2070819234375 0.28790252656250004 0.2070819234375 0.25185018124999997 0.22767975625 0.26386823125 0.237978334375 0.29931498125 0.36390724375 0.3788926 0.222530128125 0.39949368281250003 0.222530128125 0.43898014375 0.2495646578125 0.44069675156250004 0.2341164515625 0.44928068593750004 0.222530128125
2 0.444853790625 0.2454583609375 0.43382942187499995 0.2572891 0.5299693140625 0.3062092078125 0.54026985625 0.28432362968749997 0.5265361015625001 0.2650128640625 0.444853790625 0.2454583609375
2 0.782490975 0.38591739999999997 0.8610108296875 0.3906567359375 0.9061371843750001 0.288422478125 0.9395306859374999 0.22207176718750002 0.9503610109375 0.215978334375 0.9503610109375 0.20920785312499998 0.9422382671875 0.203114421875 0.9124548734375001 0.19498984375 0.846570396875 0.1888964109375 0.79061371875 0.19092755625 0.77436823125 0.19498984375 0.7680505421875 0.20176032500000002 0.7734657046875 0.215978334375 0.7734657046875 0.2329045359375 0.7617328515625 0.3601895734375 0.7635379062500001 0.3723764390625 0.77436823125 0.382532159375 0.782490975 0.38591739999999997
2 0.9666064984375 0.42721733281249996 0.9494584843749999 0.44685172656249994 0.9503610109375 0.45836154375 0.957581228125 0.4664861203125 0.9801444046875 0.4820582265625 0.9990974734375 0.488151659375 0.9990974734375 0.371699390625 0.9666064984375 0.42721733281249996
0 0.6281588453125 0.400135409375 0.6272563171875001 0.40825998593749996 0.6416967515625001 0.4427894375 0.6462093859375 0.44482058281250003 0.6498194953125 0.44346648593750004 0.6489169671874999 0.429925525 0.6552346578125 0.4129993234375 0.6669675093749999 0.394719025 0.677797834375 0.3865944484375 0.688628159375 0.38388625625 0.7644404328125 0.3845633046875 0.7635379062500001 0.37508463124999997 0.6904332125 0.3175355453125 0.5703971125 0.33310765 0.596570396875 0.3568043328125 0.6083032484374999 0.3601895734375 0.6218411546875 0.3730534875 0.6335740078125001 0.37914691875 0.6362815890625 0.38591739999999997 0.6281588453125 0.400135409375
4 0.8862815890625001 0.4807041296875 0.9070397109374999 0.465809071875 0.9133574 0.447528775 0.911552346875 0.4224779953125 0.900722021875 0.40555179375000006 0.884476534375 0.396073121875 0.8619133578125 0.39268788125 0.7707581234374999 0.3865944484375 0.68772563125 0.38524035156249997 0.6732851984375 0.38997968906249997 0.6651624546875 0.398104265625 0.6570397109375 0.4116452265625 0.6525270765625 0.429925525 0.6498194953125 0.44820582187499997 0.6543321296875 0.4664861203125 0.6814079421875 0.5003385234375 0.696750903125 0.51117129375 0.8176895312499999 0.49424509062500005 0.8862815890625001 0.4807041296875
1 0.5794223828125 0.44482058281250003 0.57851985625 0.4346648609375 0.5649819500000001 0.42721733281249996 0.5306859203125 0.42721733281249996 0.5198555953125 0.4326337171875 0.5171480140625 0.43872714999999995 0.5099277984375 0.6201760328125 0.5090252703125 0.689911984375 0.5198555953125 0.6973595125000001 0.5361010828125 0.6993906562500001 0.5523465703125 0.6973595125000001 0.5604693140625 0.6844955984375 0.5794223828125 0.44482058281250003
1 0.9945848375 0.60731211875 0.9990974734375 0.60324983125 0.9963898921875 0.58564658125 0.9864620937499999 0.5748138125 0.653429603125 0.58564658125 0.648014440625 0.593094109375 0.648014440625 0.61205145625 0.6570397109375 0.6269465125 0.7102888093749999 0.62491536875 0.7527075812499999 0.6194989843750001 0.9530685921875 0.6113744078125001 0.9945848375 0.60731211875
0 0.9990974734375 0.608666215625 0.9160649812500001 0.6147596484375 0.7427797828125 0.62085308125 0.7310469312500001 0.6242383203124999 0.7274368234375 0.630331753125 0.7283393499999999 0.654705484375 0.7725631765625 0.7420446859375 0.8907942234374999 0.9993229515625 0.9602888093749999 0.9993229515625 0.9990974734375 0.994583615625 0.9990974734375 0.608666215625
0 0 0.9993229515625 0.7861010828125 0.9993229515625 0.792418771875 0.961408259375 0.803249096875 0.9255247125 0.8023465703125 0.91469194375 0.7861010828125 0.9079214625 0.7761732859375 0.9072444140625 0.7671480140625 0.9018280296875 0.4720216609375 0.8111035890625 0.43772563125 0.8029790109375 0.4079422375 0.79146919375 0.3691335734375 0.78266756875 0.34747292343749997 0.77386594375 0.1471119140625 0.7176709546875 0.129061371875 0.7156398109375 0.0947653421875 0.7197020984375 0.0712996390625 0.731211915625 0 0.781990521875 0 0.9993229515625
0 0.5128709390624999 0.523907921875 0.5225216609375 0.4426946515625 0.5225216609375 0.43224170624999997 0.5450397109375 0.4274170609375 0.5632689531249999 0.4274170609375 0.5793528875 0.4418909953125 0.577208484375 0.523907921875 0.5814981953125 0.5303405546875 0.6115225625 0.5544631015625 0.66406498125 0.5721530125000001 0.6930171484375001 0.5665240359375 0.6565586640625 0.5383811781250001 0.6340406140625 0.524711578125 0.6147391703125 0.5142586328125 0.6104494578125 0.49656872031250004 0.60616065 0.4684258625 0.74663176875 0.5600914015625 0.7198240078125 0.5415978328125 0.68122111875 0.5038056875 0.6511967515625 0.470033853125 0.6372572203125 0.43465402812500004 0.6297509031249999 0.403294515625 0.63618501875 0.38102505 0.40564079375000006 0.2274448203125 0.3799061375 0.2169911984375 0.27956949531249997 0.41643331093749997 0.310206678125 0.43384969531250006 0.34344765312500003 0.55928706875 0.3981344765625 0.630046715625 0.4303041515625 0.6324590390625 0.5128709390624999 0.523907921875
0 0.1557951265625 0.69844414375 0.216916065625 0.6743209203125 0.36811010781250003 0.64135341875 0.3144954875 0.44194042031249997 0.2812545125 0.41540555156250003 0.271603790625 0.4178178734375 0.2705315890625 0.3904786734375 0.249085740625 0.3953033171875 0.24157942187499998 0.3727887609375 0.19439801406249999 0.39771563906249996 0.153650721875 0.41218889687500004 0.10754241875 0.43229113124999996 0.07751805 0.448373053125 0.0249747296875 0.4789282328125 0.0206859203125 0.46043466562499996 0.018541515624999998 0.4467650640625 0 0.42908124531249997 0.0013844765625 0.782069059375 0.00889079375 0.76277048125 0.067867328125 0.7298029796875001 0.10754241875 0.710505078125 0.1557951265625 0.69844414375