2 0.529187334375 0.6787979984375 0.5238684859375 0.685041875 0.5293851953125001 0.7336991625 0.5408979015625001 0.7478658031250001 0.689870584375 0.739878075 0.7509435984375 0.73468826875 0.75772069375 0.7316715734375 0.737374340625 0.643911253125 0.7341167640624999 0.635445209375 0.728209653125 0.6328461640625 0.5437449953125 0.6733095390625 0.529187334375 0.6787979984375
2 1 0.5920564984375 0.9473358718749999 0.576503115625 0.9314336593749999 0.57943495625 0.903929853125 0.605289846875 0.8959812578124999 0.6228908359374999 0.8985962390625 0.6383137421875 0.9793086265625 0.6791006390625001 1 0.688136590625 1 0.5920564984375
2 0.2675005765625 0.8441422125000001 0.2813364953125 0.8236501546874999 0.28032800468749997 0.7908350828125 0.2974510328125 0.725249025 0.2996803359375 0.69540988125 0.28873610312500003 0.6845960453125 0.273135403125 0.6785593359375001 0.25287823593750003 0.6772997546874999 0.23786579687499998 0.68010596875 0.22310053281250003 0.689743421875 0.18132581406249998 0.7388982421875 0.12366866875 0.7964750203125 0.12016893437500001 0.8134478749999999 0.122877825 0.824051228125 0.1292594984375 0.8348226343749999 0.1422106671875 0.846726340625 0.16305609375000002 0.8568288453124999 0.20680822031249999 0.8623239328125001 0.23972980625 0.8576757484374999 0.2675005765625 0.8441422125000001
4 0.38310603906249996 0.5318894046875 0.372349625 0.5114364578124999 0.3610643046875 0.4986109390625 0.34110865156250003 0.4883828078125 0.3168771875 0.49592372031250004 0.23598702187499998 0.5293162078125 0.20321870468749997 0.5456151874999999 0.195116840625 0.5515653828125 0.1901588625 0.5653110578125 0.19815205 0.5909604390625 0.2112169125 0.6035347062499999 0.2267039171875 0.608900853125 0.3743666 0.5770666 0.3836993203125 0.5730024625000001 0.3886573 0.5592567875000001 0.38310603906249996 0.5318894046875
3 0.058902484374999994 0.548825790625 0.0625950578125 0.5544839625 0.077305984375 0.560646296875 0.0875482625 0.5619466484375 0.10890280625 0.558931609375 0.12811693125 0.548666025 0.1349879375 0.540829771875 0.13581835312499999 0.524233796875 0.139906346875 0.516103865625 0.2021112859375 0.48534953593749997 0.26495195625 0.4653408984375 0.2832419078125 0.45359019375000004 0.25808141562500003 0.460708178125 0.28106364375 0.4447300765625 0.156678415625 0.4847023609375 0.114673415625 0.49216074374999996 0.0806819796875 0.47846260625000003 0.059642996875 0.48261338125000003 0.0362329203125 0.49572417187499995 0.031709934375 0.506661975 0.0322413484375 0.5151696171875 0.031787925 0.5216946703125 0.0419594078125 0.525860646875 0.1450900734375 0.50009481875 0.057105276562499994 0.5354372093750001 0.0548017640625 0.537799625 0.055069303125 0.5433646203125 0.058902484374999994 0.548825790625
0 0.5418015453125 0.3501888640625 0.53123796875 0.3523669453125 0.41284889375 0.417145209375 0.41152412656250004 0.42007870937499997 0.34865680625 0.4522997859375 0.337791715625 0.463446415625 0.33726281406249997 0.47107384375 0.3406143015625 0.47472033125 0.5429293453125 0.6631254953125 0.6016691015625 0.62805411875 0.72694896875 0.5609297171875001 0.7290498125 0.5572000296875 0.7148480015625001 0.5379201515625 0.5418015453125 0.3501888640625
0 0.585212584375 0.35367226875 0.7186837953125 0.49068884218750003 0.730952796875 0.4985691796875 0.7356290484375 0.499282171875 0.9138441484375001 0.40979945312500005 0.939863378125 0.41954086874999996 0.9913841906249999 0.41716908750000004 0.9946021953124999 0.414654896875 0.9393465093750001 0.088762146875 0.882346725 0.11260203906249999 0.7367157843750001 0.18328641406249999 0.650887428125 0.23591469531249998 0.6463446562499999 0.2413623828125 0.6326767671875 0.246725215625 0.5427406328125 0.3019933125 0.5428741140625 0.3081539890625 0.585212584375 0.35367226875
1 0.9324318078125 0.42411932343750003 0.93387026875 0.4218563859375 0.9259562234375001 0.4181674703125 0.917018925 0.4084435046875 0.9044681984375 0.41502183125 0.904715375 0.4218530703125 0.9133115890625 0.429565353125 0.9223230109375 0.42897964843749997 0.9324318078125 0.42411932343750003
1 0.4328934359375 0.39028365 0.3865210078125 0.21350508437500001 0.3829421328125 0.208517475 0.3615875890625 0.2115325125 0.35704481875 0.21698020156250003 0.36056935625 0.2377675984375 0.40284876875000003 0.390405959375 0.4092106578125 0.3956872515625 0.4328934359375 0.39028365
1 0.2518340015625 0.1714128640625 0.250202703125 0.151044771875 0.2334600328125 0.1060323140625 0.2276666171875 0.10410382968750001 0.21076093906249999 0.1064907359375 0.20231799218750002 0.110429246875 0.2041371109375 0.12115822812499999 0.2724523390625 0.3037646765625 0.2763525140625 0.30527385156250003 0.29481035 0.30129457187500003 0.3048054515625 0.295763684375 0.3025315546875 0.28235245937500003 0.2637817046875 0.182771634375 0.2518340015625 0.1714128640625
0 0.509731053125 0.7145024828125 0.504313271875 0.6932957765625 0.49245948281249996 0.6771174531249999 0.48211827500000004 0.64836651875 0.44424343125 0.5754400859375 0.42513797656249996 0.5541060953125 0.41298267343750006 0.54689631875 0.393748759375 0.5516717875 0.386917325 0.5704882734375001 0.3760324515625 0.5761447875 0.257410965625 0.6073117921875 0.34370444375 0.7454964609375 0.3574316890625 0.7566039796874999 0.3777086421875 0.763353678125 0.38827221875 0.7611755953125 0.491653875 0.73147368125 0.509731053125 0.7145024828125
2 0.12734587656250002 0.58173235 0.0998172625 0.5698269875 0.08934759375 0.5671855125 0.058867935937500004 0.5701156953125001 0.0397477171875 0.5755617265625 0.0258722265625 0.585073553125 0.016786681249999998 0.595968928125 0.03850239375 0.7240461203125 0.11505236875 0.659682190625 0.1439205140625 0.6418740328125 0.1533075703125 0.622010109375 0.15080628437500002 0.6072577625 0.139955959375 0.5916243703124999 0.12734587656250002 0.58173235
0 0.25493329375 0.135957975 0.252723775 0.1712872359375 0.262096065625 0.17820333125 0.63265698125 0.24123509843750002 0.6401903703125 0.2319320984375 0.7086039671875 0.056088254687500005 0.743074675 0.060399315625000005 0.7510183968749999 0.040921125 0.7173462749999999 0.0357907875 0.720636371875 0.027559971875 0.650772790625 0.01135928125 0.4649771453125 0.00811620625 0.27960447187500004 0.0342888984375 0.2773158109375 0.0476576921875 0.2730943375 0.0496269484375 0.2740236828125 0.06048155468750001 0.26817593125 0.07435285781249999 0.25493329375 0.135957975
0 0.270331709375 0.3020042453125 0.21908044843750002 0.1609318203125 0.21000966875 0.145047178125 0.008753025000000001 0.188568021875 0.00221865625 0.1906708828125 0.0026466 0.22744827656250002 0.094947871875 0.4228925390625 0.11219463593750001 0.4225173171875 0.28221532968749996 0.3882129609375 0.299214915625 0.3810064984375 0.294573215625 0.35900360625 0.270331709375 0.3020042453125
1 0.033094059375 0.5201988265625 0.005963189062500001 0.5124751843750001 0.0062087828125 0.533581496875 0.007236315625000001 0.5396417859375 0.0334203796875 0.5489905312500001 0.0427530984375 0.5449263921874999 0.050494089062500004 0.5314743984375 0.0491495390625 0.5289177796875 0.033094059375 0.5201988265625