1 0.2421170421875 0.0381687734375 0.231647134375 0.042177275 0.2210270125 0.053016821874999995 0.21990468281250003 0.0592857703125 0.2249894234375 0.06411256562499999 0.3959302609375 0.1862231328125 0.4012422625 0.16036522656250002 0.3977281625 0.15330210625000001 0.2421170421875 0.0381687734375
1 0.3010901359375 0.3559021109375 0.3052043140625 0.343816303125 0.1142918921875 0.2711610984375 0.0985878078125 0.26899859843749996 0.0863223265625 0.281402365625 0.0861721125 0.28823340937499997 0.101501828125 0.29521064531249996 0.280674125 0.3604485859375 0.29368601562499996 0.3629411109375 0.3010901359375 0.3559021109375
1 0.37161102968750004 0.343851028125 0.345212878125 0.343680715625 0.34177194375000003 0.3536402046875 0.3271762125 0.4923633109375 0.328296990625 0.502444865625 0.3466932734375 0.504277346875 0.35290034375 0.5028351921875001 0.3553691625 0.4923136078125 0.37161102968750004 0.343851028125
1 0.5777652468750001 0.561790665625 0.581879425 0.5497048578125 0.5806084328125001 0.5464543453124999 0.5731303703124999 0.5446459875 0.48219424375 0.5530682921875 0.3851257625 0.5636048578125 0.37301049375 0.5691775781249999 0.3739810578125 0.5860901828125 0.40120188749999997 0.5854783828125 0.56550054375 0.5660191796875 0.5777652468750001 0.561790665625
3 0 0.560429121875 0.001566096875 0.5745163718749999 0.0112864890625 0.5883125921875 0.0239240125 0.5956198484375 0.0489009578125 0.5993706953125 0.055929931249999995 0.60532168125 0.057723953125000005 0.613276921875 0.065351453125 0.6164294875 0.09869687187500001 0.6954559609375 0.1065485265625 0.7006248390625001 0.1111857328125 0.6932437593749999 0.0890566296875 0.6251050734375 0.0915262234375 0.606408234375 0.088012125 0.599345115625 0.089134453125 0.5930761671875 0.1054378421875 0.58426499375 0.11456281875 0.568158621875 0.1088071625 0.5409323875000001 0.0895142578125 0.5310346625 0.06767781875 0.5309864171875 0.058404184375 0.5375733281249999 0.0554123375 0.5433901859375 0.0339502671875 0.5385272062500001 0.018619771875 0.5397252265625 0.00515801875 0.5495505859375001 0 0.5595789953125 0 0.560429121875
2 0.22748171562500002 0.59382978125 0.1982419328125 0.5926452828125 0.182238196875 0.59596961875 0.1621210578125 0.603204509375 0.14626598125 0.61604830625 0.1362436078125 0.6322646828125 0.1301089265625 0.6589047 0.107146275 0.70600166875 0.104004215625 0.7186495734375 0.10445175 0.73085745 0.111479946875 0.744983690625 0.141241984375 0.7590481703124999 0.16315314218750002 0.7597685171874999 0.1800542796875 0.7563341734375 0.20159262031249997 0.7455187484375 0.20981942031249998 0.7376976390625 0.24714122500000002 0.680665303125 0.26426806875 0.662896765625 0.2742904421875 0.6466803890625 0.24819271875 0.6328479859375 0.2318924375 0.6089581484375 0.23039806718750003 0.5955160703125 0.22748171562500002 0.59382978125
2 0.3636504921875 0.697721178125 0.3456278046875 0.69924921875 0.3230426265625 0.7088304421875 0.307111278125 0.7373526406249999 0.287887659375 0.7853537890625 0.2718076515625 0.804356528125 0.26627226875 0.82002286875 0.2683643875 0.8388417765625 0.2772621015625 0.85342010625 0.297900715625 0.86724045 0.31487579375 0.8726534625 0.34142338125 0.8741679828125 0.367373221875 0.870305671875 0.388462475 0.863632878125 0.4155354203125 0.8453263640625 0.42802583437499997 0.8267636546875 0.4287014078125 0.8001115765625 0.4132985234375 0.77611173125 0.3956556375 0.715598265625 0.37950401718750004 0.7012278890625 0.3636504921875 0.697721178125
4 0.2859667171875 0.5389720062500001 0.24588032656249997 0.5711365015625 0.236381759375 0.583882353125 0.23226758281249998 0.595968159375 0.23413554531249997 0.61277075625 0.2470711640625 0.6309416796875 0.269280421875 0.6425256953125 0.29687484375 0.6452744171875 0.318337690625 0.64196214375 0.336734746875 0.6356193703125 0.3510191828125 0.625011896875 0.36545383125 0.60757338125 0.369568784375 0.5873123203125 0.3493815859375 0.544823590625 0.3392868234375 0.5358421046874999 0.3177500359375 0.530307021875 0.2971845875 0.5335092921875 0.2859667171875 0.5389720062500001
4 0.72039553125 0.3474213546875 0.706484690625 0.3613893453125 0.6978827437499999 0.382200440625 0.6996012703125001 0.3976588296875 0.7103685 0.41268925 0.7332509984375 0.422146946875 0.76540713125 0.4250177359375 0.8109495265625 0.4255663125 0.8287480593750001 0.42202196406250003 0.849314284375 0.41064444218749996 0.8633006218749999 0.389173303125 0.862105903125 0.3702443875 0.8485717578124999 0.354871884375 0.7866535890625 0.3379366203125 0.76354615625 0.33463786406249996 0.7393911156249999 0.3382801609375 0.72039553125 0.3474213546875
2 0.8221650671875 0.44462935625 0.807881409375 0.44706157500000004 0.7879884265625 0.45631277812500004 0.77647013125 0.475437584375 0.7760202671875 0.4877554671875 0.7909748390625 0.5077226890625 0.82327885625 0.528288190625 0.8588720437499999 0.5620757546874999 0.8808571421875 0.5716434593749999 0.9020950578125 0.574490125 0.9377668437500001 0.568073528125 0.967905578125 0.552797515625 0.9849261140625 0.5355109437500001 0.9862801250000001 0.48897658125000004 0.9839170796875001 0.46772064843749994 0.9747197156249999 0.45862915624999995 0.960436834375 0.45288612031250003 0.9337398078125 0.45002739375 0.9059204546874999 0.45343761406249994 0.8221650671875 0.44462935625
2 0.7157358109375 0.591884771875 0.6121575015625 0.642051340625 0.6096894625 0.644397671875 0.6129786296875 0.657619734375 0.6340640015625 0.6918232046874999 0.6462524359375 0.7032730921875 0.765383840625 0.6702753265625 0.806366075 0.6543513296875 0.8293248468750001 0.6481306250000001 0.8527319265625 0.64594254375 0.85430256875 0.643706215625 0.850116003125 0.6305941625 0.832320575 0.6014375000000001 0.7917928609375 0.5559920968750001 0.7368250656249999 0.585211978125 0.7157358109375 0.591884771875
0 0.40954455625 0.14504096718749998 0.4046831953125 0.1504057375 0.3995214078125 0.1694325984375 0.3724368140625 0.31036790625 0.37295906875 0.323247884375 0.37781965156249997 0.32605836875 0.5639516390625 0.3393484234375 0.6019412515625 0.3374165390625 0.6290865875 0.34430788749999997 0.6814338015625 0.34879114218749996 0.71321634375 0.3483014109375 0.728099303125 0.33489551875 0.7362537140625001 0.30187654531249997 0.7557816421875 0.19933704218749998 0.7563077765624999 0.17134075625 0.7423237703125001 0.16828613750000002 0.4469356453125 0.14590750624999999 0.40954455625 0.14504096718749998
0 0.4158832078125 0.33297384218750004 0.395085065625 0.42408758124999996 0.3920908890625 0.4544301984375 0.38476071093750003 0.4703165546875 0.3831145734375 0.4800560296875 0.387750228125 0.4890254546875 0.39590153125 0.48870749375000005 0.40547326562499997 0.49298425312500005 0.5257223421874999 0.50276905625 0.5464372281250001 0.5009109953124999 0.5894368625 0.503133803125 0.59908486875 0.491732159375 0.6346935828125 0.3620146640625 0.635143446875 0.3496967796875 0.6217579625 0.3438437390625 0.46606203281249997 0.33431659062499997 0.430092146875 0.3298695203125 0.4158832078125 0.33297384218750004
0 0.748130803125 0.5104669734375 0.6268642421874999 0.4006332828125 0.5982456765624999 0.5065210203125 0.41595897812500005 0.496148784375 0.4884623140625 0.5518802671875 0.5787366546875 0.5438381609375 0.5819118328124999 0.5620242546875 0.5815323671875 0.5637984546875 0.5121783343749999 0.573164025 0.5774834265625 0.6259899828125 0.748130803125 0.5104669734375
2 0.8717577890625 0.31796648125 0.8851424953125001 0.3319947765625 0.914680378125 0.3440429421875 0.9555855640625 0.3519726015625 0.9642599000000001 0.35635936875 0.9665777265625 0.3608440796875 0.97181268125 0.3588398296875 0.9596335640625 0.24928690625 0.926130165625 0.2588440078125 0.9010769484375001 0.270771565625 0.8971877046875001 0.27669843125 0.88335235625 0.283163271875 0.8713102546875 0.3057586046875 0.8717577890625 0.31796648125
0 0.507006225 0.5748662640625 0.374849309375 0.587378975 0.374418921875 0.5740323578125001 0.3737697390625 0.5875113140625 0.368054609375 0.5902611390625 0.3680985078125 0.6004992296875 0.364901971875 0.6111352296875 0.358421765625 0.6168462796874999 0.3464511828125 0.62732884375 0.335291334375 0.6352526609375 0.33824112031250003 0.6384506640625001 0.4806019015625 0.7656792968749999 0.6124080546874999 0.6810924296875001 0.507006225 0.5748662640625