0 0.7532240875 0.761222109375 0.5234985296875 0.84053619375 0.5225299875 0.8558648874999999 0.6029992453124999 0.984817421875 0.60456136875 0.9871760140625 0.8489852609374999 0.9076438046874999 0.7532240875 0.761222109375
0 0.40305105 0.7201900328125 0.5332589359375 0.824337153125 0.7200481796875 0.6779447578125 0.5894460078125 0.576234246875 0.40305105 0.7201900328125
4 0.6489532171875 0.5943918046875 0.66571519375 0.5925451859375 0.6984540890625001 0.5941868625 0.71352808125 0.5913598906249999 0.7299759296875 0.5791968234375 0.733224165625 0.5633488390625 0.7239695875 0.5453064109375 0.709072128125 0.534482615625 0.6853520828125 0.52758301875 0.6517201312500001 0.5257845953125 0.6267243640625 0.527554225 0.614633809375 0.5350093671875 0.606517884375 0.54658255625 0.605350159375 0.560743440625 0.6079410703125 0.5680390609375 0.623044659375 0.58368765 0.6489532171875 0.5943918046875
4 0.8433612937499999 0.8109973203124999 0.868072528125 0.8173868015625001 0.8844419765625 0.8182076390624999 0.9065524375 0.8111429781249999 0.9191336546875 0.8003535203125001 0.9253455984375 0.7768166640625 0.9241384109374999 0.7663434687499999 0.9185640640624999 0.7544196796875 0.8921352468749999 0.7285742828124999 0.8015142265625 0.6969348281250001 0.776606728125 0.691879075 0.76450630625 0.6931756953125 0.7565767796875 0.6972566375 0.7485589874999999 0.7081629609375 0.7478819265625 0.718989528125 0.7550461234375 0.732560534375 0.8182377953125 0.7949582562499999 0.8433612937499999 0.8109973203124999
1 0.3913609453125 0.6764205203125 0.39343159375000003 0.6685749015625 0.3866796578125 0.664653478125 0.37606109062500004 0.6621056609375 0.37071260625 0.6673237046875 0.2986703359375 0.7771308078125 0.297689009375 0.78379944375 0.31228220625 0.7904653109375 0.32100665781250004 0.787207978125 0.3913609453125 0.6764205203125
1 0.2939205109375 0.7845061890625 0.3687302234375 0.6683439390625 0.3488768109375 0.660070734375 0.341045415625 0.6634848109375 0.341457678125 0.673134396875 0.3364035921875 0.67635185 0.2677274234375 0.78196114375 0.2830174125 0.7901174828124999 0.2895632171875 0.7892141140625 0.2939205109375 0.7845061890625
1 0.3472968234375 0.664582034375 0.34678643125 0.6555993124999999 0.3309076453125 0.65144415625 0.3248623671875 0.6551717265625 0.255087009375 0.755799484375 0.2476678765625 0.768863146875 0.24876706718750002 0.773844684375 0.2644495875 0.77933356875 0.26841434999999997 0.777293096875 0.3472968234375 0.664582034375
1 0.2919760109375 0.623404315625 0.2805625171875 0.6200328890625 0.2714356703125 0.61979915625 0.2692570234375 0.6221531203125 0.2306800375 0.75356793125 0.248443071875 0.7573697171875 0.2565688625 0.751955046875 0.2919760109375 0.623404315625
0 0.23374135 0.68296013125 0.2422498046875 0.6687194890625 0.301955925 0.536908653125 0.2936141375 0.531340009375 0.1550623671875 0.4892356765625 0.0771222828125 0.632896084375 0.07614095625 0.639564721875 0.21598818125000002 0.685316865625 0.227696071875 0.6866877015624999 0.23374135 0.68296013125
0 0.6103445234375 0.45832280625 0.5909817703125 0.44671528125000004 0.5727182078124999 0.440089296875 0.45735635625000004 0.3835848 0.45189987499999995 0.38331118750000004 0.445756465625 0.3877056203125 0.33837505156250003 0.54466896875 0.3336252296875 0.55204435 0.333242565625 0.560870325 0.500411665625 0.6326246125 0.5208045453125 0.6061040359375001 0.6103445234375 0.45832280625
0 0.388336459375 0.4604020859375 0.40132007343750004 0.45310369375 0.43427443749999994 0.4034766171875 0.44612926249999996 0.37272112812499997 0.4569144953125 0.35545965625 0.4585728828125 0.337964453125 0.4428804984375 0.3263170484375 0.359502078125 0.295264696875 0.34064972031249996 0.29263989375 0.3306396796875 0.2984079328125 0.3213362984375 0.31182496875 0.278499625 0.3850287796875 0.2569488890625 0.4318687609375 0.38310584062499997 0.47727030625 0.3906231046875 0.4635397796875 0.388336459375 0.4604020859375
3 0.0794473359375 0.53616373125 0.087671259375 0.5300822000000001 0.106729746875 0.5375317953125001 0.12160747499999999 0.53603855 0.133295634375 0.52509234375 0.1369462671875 0.5127354265624999 0.12402132187499999 0.4947328765625 0.10545349687500001 0.48394896249999997 0.09529599375 0.45959126718750004 0.093774678125 0.438801625 0.0812718609375 0.43660717968749996 0.079338809375 0.4684200140625 0.0644906796875 0.48838881875 0.0498190828125 0.49470685625 0.044186065625 0.5080840125 0.0444020625 0.5190673234375 0.0509676 0.5304809953125 0.0682399734375 0.537617096875 0.0794473359375 0.53616373125
2 0.15406959375 0.3029896078125 0.24155037343750002 0.355968703125 0.26735093125 0.361181203125 0.2875771453125 0.3544699140625 0.2937106859375 0.343916959375 0.292101103125 0.3299527 0.24029332656250002 0.2524508484375 0.2268579875 0.2254655765625 0.20043903593749998 0.20577869999999998 0.18823061875 0.201583665625 0.153205078125 0.19680429531250002 0.1279149125 0.20057451875 0.1171099484375 0.20551894843750002 0.0976885265625 0.2192123671875 0.092840571875 0.22725461249999998 0.08939606875 0.244436321875 0.0921931078125 0.2565567359375 0.0975711890625 0.26981425468750003 0.11197798750000001 0.283972365625 0.15406959375 0.3029896078125
2 0.5526976015625 0.389373315625 0.5628156390625 0.38909693125 0.6324939203125 0.4136401625 0.6381368015625 0.406421528125 0.6519542765625 0.3623287625 0.6578520906249999 0.3284754578125 0.4774740421875 0.3091297921875 0.46896558749999995 0.3233704375 0.4653445515625 0.354202915625 0.46694426875 0.3620086546875 0.4751879265625 0.3682441625 0.5526976015625 0.389373315625
2 0.724283190625 0.493370796875 0.759799390625 0.494815846875 0.787964996875 0.4901821359375 0.8090744015625001 0.47746907343749995 0.8196633703125 0.46154132968750006 0.820713228125 0.4357302703125 0.8106637250000001 0.41686422968750003 0.7889063296875001 0.39662735625 0.7604167312500001 0.3847860984375 0.7363041546875 0.3805539546875 0.7216226921875 0.380713471875 0.6968330546875 0.387307896875 0.686823015625 0.3930759375 0.6747423265625 0.406689596875 0.6658512078125 0.429756215625 0.6454583281249999 0.45627679218750006 0.6423180890625 0.47761643125 0.6532507859375001 0.4904806984375 0.665164809375 0.496676325 0.724283190625 0.493370796875
2 0.8306760515624999 0.648177878125 0.8493518734375 0.6644534484375 0.860470971875 0.6698254671874999 0.8821105015624999 0.6784121640625 0.904436959375 0.6823308156250001 0.9386577062500001 0.6801280546874999 0.963044946875 0.670042565625 0.9782954734375 0.6535648265625 0.984105021875 0.6265369046875 0.9783146765625 0.603629803125 0.957440475 0.57739115625 0.9262618328125001 0.558921140625 0.8936112046875 0.5504540828125 0.8690079671875001 0.54955625625 0.837279996875 0.5597215046875 0.79096869375 0.5693794046875 0.764500940625 0.581151990625 0.76054604375 0.58935098125 0.760860171875 0.5996674296875 0.7826274343749999 0.6260628234375 0.7909692234375 0.631631465625 0.8306760515624999 0.648177878125
2 0.22168101562500003 0.45242445625 0.2233299640625 0.4051978328125 0.02474148125 0.3290419515625 0.0137542140625 0.403606815625 0.144150384375 0.4610651671875 0.173186175 0.47079473906249997 0.2018296578125 0.4621540609375 0.22168101562500003 0.45242445625