2 0.12142283125 0.29661648125 0.09887012187500001 0.3188420765625 0.1007485484375 0.33917752968750003 0.1378796390625 0.3576858765625 0.20973179531250002 0.409593171875 0.224077803125 0.41170918749999996 0.23960125781250002 0.40705722343749995 0.2674269046875 0.3882497640625 0.2697266671875 0.3760684515625 0.26639514062499997 0.369274209375 0.198756596875 0.3024868140625 0.1863520015625 0.29699468906250004 0.188293415625 0.2936185796875 0.17960625624999998 0.2854381734375 0.16526024687500002 0.2833221578125 0.12142283125 0.29661648125
2 0.40348354999999997 0.3253588125 0.3998212421875 0.326692446875 0.3948987953125 0.33682603125 0.3860856625 0.37606875 0.383971 0.4058657171875 0.387357653125 0.41130531406250004 0.40725225312499996 0.4100662296875 0.48999678125 0.41596808125000007 0.5206853453125 0.41546935625000003 0.531369046875 0.41891900781249997 0.5539690296875001 0.41769568125 0.5603367171875 0.41637780625 0.5669249265625 0.40964134531249996 0.5752970171875 0.38123579531249996 0.5769982015624999 0.3615986765625 0.5610139953125 0.35540821718750004 0.4866336984375 0.343457734375 0.40348354999999997 0.3253588125
2 0.793767409375 0.3323745734375 0.788900090625 0.341153509375 0.7886992765625 0.3682516890625 0.7685330203125 0.44265743124999996 0.767328009375 0.45010273281249996 0.7722977296875 0.46097142187499995 0.787242315625 0.47054324375 0.81590676875 0.47545259843750004 0.8386997062500001 0.46948801093750003 0.9078936234375 0.38723804687499996 0.9292688859375 0.37178043125000004 0.9326909625 0.3541857890625 0.924251890625 0.339909471875 0.902285909375 0.325554365625 0.869277878125 0.3165548078125 0.829598940625 0.3163236796875 0.8049197203125 0.3243097296875 0.793767409375 0.3323745734375
2 0.8702862 0.557744884375 0.8768665531250001 0.5733653390625 0.89339420625 0.5883662546874999 0.9057436687499999 0.595213025 0.923503896875 0.6020913140624999 0.9459109218749999 0.605609253125 0.973019875 0.6044121921875 0.9868224375000001 0.59771775625 0.9915243640625 0.59300275625 0.9971907625 0.4537697625 0.99727474375 0.4393347171875 0.98597564375 0.44121408281249996 0.975807821875 0.4472522109375 0.9026011078125 0.5172840937500001 0.8794222578124999 0.5327312046875 0.8726686578124999 0.543531603125 0.8702862 0.557744884375
2 0 0.4998534046875 0.0154563015625 0.506696671875 0.037174196874999996 0.5271476875000001 0.089056915625 0.5599691203125 0.12064727187499999 0.559475646875 0.1325359859375 0.5554799953125 0.140163815625 0.545362171875 0.14931958125 0.5420280843749999 0.1543877125 0.50615096875 0.15138697031249998 0.4912288484375 0.13453639374999998 0.46199889531249994 0.13910835 0.43831359531249997 0.1307244109375 0.4226826359375 0.1149331625 0.4117509109375 0.08542204375 0.405481659375 0.05292989375 0.40596987812499996 0.021036321875 0.4139139046875 0.0054026046875 0.4212751609375 0 0.42389550312499996 0 0.4998534046875
1 0.5451324546875 0.6791529234375 0.542490059375 0.6554256046875 0.53899314375 0.6526952984375 0.5206816109375 0.6593634734375 0.4743594640625 0.8223672265624999 0.47498560625 0.8291457109374999 0.48566930781249995 0.8325953609375001 0.49919621875000003 0.8326741546875001 0.504799940625 0.827964409375 0.5451324546875 0.6791529234375
1 0.515577928125 0.5631310578125001 0.5631879125 0.5457938046875 0.5751868859375 0.539088859375 0.5738243421875 0.528241184375 0.567787434375 0.52143118125 0.5587694953125 0.521378653125 0.389291340625 0.58542989375 0.394012975 0.6023944890624999 0.406693221875 0.6011133828124999 0.4790926890625 0.5730807875 0.515577928125 0.5631310578125001
1 0.4865672390625 0.9213509578125001 0.5025868671875 0.904507178125 0.6243762046875 0.7710748171875 0.6227931390625 0.7656457249999999 0.6060449640625001 0.7560633953125 0.6006342 0.7560318796875001 0.5847799625000001 0.76881171875 0.45459882656249995 0.9089700390625 0.45702855781249996 0.915759028125 0.47639941874999997 0.9273890859374999 0.4865672390625 0.9213509578125001
1 0.5932307546875 0.671980771875 0.616271778125 0.659920278125 0.694530909375 0.598725115625 0.6931683640624999 0.5878774375 0.6817206953125 0.5810359187499999 0.66996980625 0.581644953125 0.585122465625 0.6495765812500001 0.5785618203125 0.6556357187499999 0.5816728234374999 0.667848546875 0.584240378125 0.671250921875 0.5932307546875 0.671980771875
3 0.9199204234374999 0.6901433234375001 0.915163365625 0.69621296875 0.8924806890625 0.6994682625 0.879008909375 0.6980348234375 0.87441724375 0.700040528125 0.8796626171874999 0.7041359843749999 0.9093942546875 0.7049866515625001 0.9278987437499999 0.6935772171875 0.9241615984375 0.6745859046875 0.9400158359375 0.6618060625 0.94040175 0.6523235406250001 0.93269908125 0.642116415625 0.911552196875 0.6297985296874999 0.878351209375 0.6255402359375 0.8646589078125 0.6295253796875 0.85443595625 0.636918153125 0.84353173125 0.6388870875 0.788908209375 0.6290841375 0.6951019203125 0.6068582453125 0.6867376875 0.612906878125 0.6973386953125 0.618388496875 0.7775905062499999 0.6412129203125 0.8202701859375001 0.6563661671875 0.829232996875 0.6577733421875 0.8320762046875 0.6544024875 0.84828093125 0.6551743609375 0.8552747625 0.6606349671875 0.8670256484375001 0.6600259328125 0.8809306156250001 0.67297911875 0.8944575265625 0.6730579109375 0.89880110625 0.677148115625 0.917518259375 0.6826770109375 0.9199204234374999 0.6901433234375001
4 0.745688946875 0.516370090625 0.6412737953125001 0.5110194953125 0.63285443125 0.5184227734375 0.62779415625 0.5319429734375001 0.6294166406249999 0.5807312515625 0.635453546875 0.5875412515625 0.650563521875 0.5930491359375 0.673659678125 0.5796339953125 0.68710389375 0.581744759375 0.6992879671875001 0.5926554703125 0.78528918125 0.585026615625 0.7972330249999999 0.5796763171875 0.8020727781250001 0.571574703125 0.8054397234374999 0.5553347078125 0.8033683406250001 0.5397405156249999 0.7958034984375 0.526146778125 0.786076721875 0.5213477328125 0.745688946875 0.516370090625
4 0.571484215625 0.6619635171875 0.651547115625 0.5955215859375 0.64187408125 0.5898895484375 0.6221886234375 0.5869870390624999 0.614296746875 0.5832243921875 0.586397153125 0.5844554625 0.5726666921875 0.590885425 0.560443625 0.5987082671875 0.5462459109375 0.6130288703125 0.541196190625 0.6306560359375 0.5443175874999999 0.6604110125 0.5479252734375 0.6934214171875 0.5718044828125 0.71493376875 0.6088710078124999 0.716543940625 0.6347489265624999 0.7041490328125 0.642103009375 0.690717396875 0.6726388515624999 0.655118028125 0.683819053125 0.6389208328125 0.677282215625 0.617044746875 0.5939234625 0.673244928125 0.571484215625 0.6619635171875
0 0.151217715625 0.5840431328125 0.25775152343749996 0.6259901906249999 0.286691628125 0.6241263125 0.3022150828125 0.6194743500000001 0.31806932187500003 0.606694509375 0.440705321875 0.47462204375 0.44838828125 0.463149575 0.44631689999999996 0.44755538437500003 0.3249684734375 0.4150068046875 0.3060859296875 0.413541846875 0.1348554546875 0.564978278125 0.1344419765625 0.5751381265625 0.151217715625 0.5840431328125
0 0.5443136421875 0.614872565625 0.5579128953125 0.600074915625 0.571997209375 0.5885408187500001 0.5956600328125 0.5849613 0.6178956234374999 0.5860203296875001 0.542954825 0.4201727671875 0.44013496406249997 0.44215912343749997 0.44842611562499995 0.44670523281249996 0.45333211718750005 0.4629961296875 0.37510700468749997 0.54512031875 0.385218059375 0.5856026375 0.564894903125 0.5197416265625 0.5750731640625 0.5281637734375 0.57960718125 0.538412734375 0.3882123421875 0.603276659375 0.4070177234375 0.6582129234375 0.4103522984375 0.667525390625 0.5418286703125 0.6455237125 0.53922703125 0.6334283468749999 0.5443136421875 0.614872565625
0 0.4122774953125 0.885011590625 0.4320893984375 0.8858044765624999 0.436625934375 0.8851534171875001 0.43949670625000004 0.8811052359374999 0.451137334375 0.8832054921875001 0.4576704140625 0.877823678125 0.45652839062500006 0.8615574171875 0.4355704703125 0.778104840625 0.42522540781249996 0.744170396875 0.42079913125 0.7421121609375 0.4204486421875 0.728560446875 0.4075635875 0.690546303125 0.389854496875 0.615919940625 0.3882162984375 0.6118454953125 0.38193130625 0.611131403125 0.3691683625 0.614444478125 0.3538378640625 0.6143551796875 0.1758458 0.64380515625 0.175046409375 0.6634475265625001 0.196500634375 0.889852059375 0.20785775312500002 0.9210824640625 0.30517666875 0.901324828125 0.3104496078125 0.9047429625 0.325807671875 0.9041549359375001 0.3332149796875 0.8994556984375001 0.345784965625 0.900883884375 0.380383921875 0.8929556171874999 0.3965335171875 0.8950821375 0.4074377421875 0.8931132015625 0.40402352343750003 0.8883509296875 0.4122774953125 0.885011590625
0 0.8484031734374999 0.8516453515625001 0.8474106953125 0.7208852125 0.652741303125 0.6946843796875 0.6436682328125001 0.6959864984374999 0.6012880359375 0.9172768124999999 0.5998073734375 0.931495346875 0.6122395359375 0.9363101484374999 0.8020967406249999 0.9699352703124999 0.8443983640624999 0.972214125 0.8484031734374999 0.8516453515625001
0 0.5919624953125 0.39285009375 0.590245596875 0.45720104531250005 0.594482909375 0.53039396875 0.6058203171875001 0.53994478125 0.619402359375 0.5386689265625 0.6376666203125 0.5109984828125 0.6431325140624999 0.5096753546875 0.709672315625 0.5148053296875 0.7619488046875 0.5157873203125 0.740675815625 0.3957487875 0.7364424984375 0.3889492921875 0.722317009375 0.3814146921875 0.627601071875 0.3815404625 0.6048632640625 0.3861504015625 0.5919624953125 0.39285009375