1 0.6372561921875 0.164737571875 0.5680671640625 0.0016125609374999998 0.5345692296875 0.00180226875 0.61721960625 0.184838375 0.6372561921875 0.164737571875
1 0.407050815625 0.30656274843750003 0.4300481984375 0.29659806718750004 0.287111634375 0.127161725 0.258344859375 0.1404088765625 0.407050815625 0.30656274843750003
1 0.37619339375 0.4706506828125 0.49488473906249997 0.3265144109375 0.4734505875 0.3147038671875 0.35228165312500004 0.45440056406249996 0.37619339375 0.4706506828125
1 0.5576560875000001 0.6424926125 0.567469553125 0.622590153125 0.360039146875 0.5465820875 0.34271390468749996 0.560919621875 0.5576560875000001 0.6424926125
0 0.613702003125 0.5897937375 0.7609243515624999 0.44780162968750004 0.5527760046875 0.3295540421875 0.40924530625 0.471153528125 0.613702003125 0.5897937375
0 0.510225725 0.3030316984375 0.8364778984375001 0.494493840625 0.8403828624999999 0.48043405000000006 0.9743851749999999 0.3348668859375 0.6555408828125 0.1513003046875 0.5147103656249999 0.29219560312500004 0.510225725 0.3030316984375
0 0.704330659375 0.4998601046875 0.6110362390625 0.5888849921875 0.44930118593749996 0.4947589703125 0.447488228125 0.49370464218750004 0.4759722703125 0.5868621875 0.5712415890625 0.6220689796875 0.5571228578125 0.6402959859374999 0.48938637656250006 0.61523311875 0.5166094546875 0.701202978125 0.7555775984374999 0.6623393265625 0.704330659375 0.4998601046875
0 0.4052829171875 0.5561921625 0.355793978125 0.544181103125 0.3499344609375 0.5633717828125 0.3395539734375 0.55401535625 0.32061052968750003 0.581684621875 0.26827724062499997 0.5955550781250001 0.3272015625 0.7940246765625 0.5134983125 0.775126184375 0.4874359015625 0.613238546875 0.559870446875 0.6401056796875 0.573463796875 0.6239615749999999 0.470514171875 0.5774318578125001 0.45927345468749997 0.5518426640625 0.4052829171875 0.5561921625
4 0.22856694375000003 0.485582925 0.19960663750000002 0.5029534875 0.1950859109375 0.522150453125 0.193010434375 0.556266175 0.22277845 0.5781284328125 0.26525435625 0.5959137671875 0.3100516875 0.594192915625 0.33441660156249997 0.5541332515625 0.3469822890625 0.5270104640625 0.3514033484375 0.5012381953125 0.324555325 0.47974166093750004 0.295840546875 0.47265423906250004 0.27608938906249997 0.4847001515625 0.22856694375000003 0.485582925
4 0.7732298890625 0.5533664171875 0.8650686984375 0.6031826265625 0.866391403125 0.5888261828125 0.8677864796874999 0.5668266078124999 0.872320975 0.5447301312499999 0.9066857859375 0.5412751578125 0.9438262875 0.5476406109374999 0.948149653125 0.5514015984375 0.9477322812500001 0.548991303125 0.8465978484375001 0.485823703125 0.7899842593749999 0.509141978125 0.7732298890625 0.5533664171875
3 0.1077676484375 0.42903157187499996 0.1224633203125 0.3885632015625 0.10228530625000001 0.3617863375 0.07675713906250001 0.362302825 0.0545880265625 0.4048164265625 0.04725539375 0.44054815625000004 0.0430827578125 0.4444621875 0.05262708125 0.3531739234375 0.0301436625 0.34952296562499996 0.00622970625 0.3612064078125 0.0003925015625 0.38965096093749996 0.00808629375 0.4112253234375 0.0252575484375 0.42172488125 0.024808660937499998 0.4432530484375 0.0074272578125 0.5460306046875 0.029101074999999997 0.5389026218749999 0.059313831250000004 0.452790028125 0.0671057359375 0.43821563125 0.1077676484375 0.42903157187499996
0 0.3629251046875 0.437817903125 0.31230260468750004 0.20425526718749998 0.1022798046875 0.21654341718749998 0.1466252140625 0.45608108124999996 0.3629251046875 0.437817903125
2 0.2865051421875 0.6938224171875 0.26928749375 0.6727009765624999 0.22210750468749998 0.658542365625 0.11970933749999998 0.7229021671875 0.227738775 0.7482342046875 0.24879696718750002 0.7805663078125 0.2865051421875 0.6938224171875
2 0.2538792453125 0.8051069249999999 0.24309614218750003 0.778246790625 0.22019439531249999 0.7484929921875 0.11964594531249999 0.7229420109375 0.1160629578125 0.72519400625 0.08195282968749999 0.7491038203125 0.06876600468750001 0.7963282109375001 0.100442925 0.8244823562500001 0.1520354921875 0.8510696515625 0.2303178125 0.8442174781249999 0.2538792453125 0.8051069249999999
2 0.53411978125 0.7327453078125 0.53784094375 0.8150181609375 0.7786022890625001 0.8518358015624999 0.7918141375000001 0.839856825 0.7847000468750001 0.793025703125 0.7734261703125 0.7290860875 0.668343325 0.731115575 0.53411978125 0.7327453078125
2 0.9465319109375001 0.6917395921875 0.8526632624999999 0.6301554421875 0.8005825953124999 0.6455871453124999 0.787185396875 0.6674394046875001 0.8401494109375 0.7477210796875 0.841261953125 0.7507341203125 0.8723143203125 0.70689300625 0.9217159640625001 0.6876152531249999 0.9465319109375001 0.6917395921875
2 0.9510856875 0.6947271749999999 0.9228102281250001 0.69182395625 0.872504671875 0.7121075390625 0.8412902859375 0.7508108578125 0.8582191859374999 0.796658571875 0.9240584234375 0.8264303234374999 0.9510856875 0.6947271749999999
2 0 0.612360721875 0.0262935625 0.63482635625 0.0736408671875 0.6321385875 0.11387581718749999 0.6096568453125 0.112906453125 0.6077818703125 0.0819436046875 0.5671958453125 0.026609184375 0.5513087078125001 0 0.549932090625 0 0.612360721875
2 0 0.5498592640625 0.06969901875 0.5517707796875 0.0945315859375 0.572240640625 0.112906453125 0.6077818703125 0.11419906718749999 0.6094762265625 0.11387581718749999 0.6096568453125 0.1153034046875 0.6124181265625 0.2093903734375 0.5776827765625 0.1881028171875 0.5375785734375 0.202912325 0.5054898609375 0.163524671875 0.47997523593749997 0.11285334218750001 0.480608515625 0.080785165625 0.4895989421875 0.07286779843749999 0.5051370890625 0 0.5495920562500001 0 0.5498592640625