0 0.30363603906250003 0.8665073078125 0.318595253125 0.8706540125 0.33063409843749997 0.8621044140624999 0.41720854375 0.777324646875 0.42144981562500006 0.76563320625 0.4170292625 0.7575045125 0.40186624687499994 0.7478685265625 0.3800910921875 0.7400351265625 0.37873280781249996 0.736431615625 0.3683360453125 0.7322424890625 0.364551421875 0.7262507796875 0.320939209375 0.69692358125 0.22092263124999997 0.63852205625 0.2014628671875 0.6480781703125 0.1771568546875 0.6740189375 0.12395142343750001 0.7191126984375 0.1055351921875 0.7417843562499999 0.127977228125 0.758584940625 0.284601975 0.851550071875 0.30363603906250003 0.8665073078125
0 0.5515990953125 0.682189384375 0.53909074375 0.6661000234375 0.5379917359374999 0.6604851359375 0.511734125 0.63086264375 0.47311006093749997 0.5769796734375 0.41267989062500005 0.5084331046874999 0.4046230421875 0.5073026375 0.33460608281250004 0.5343380796874999 0.311133371875 0.546744059375 0.26126757968750003 0.5588597171874999 0.269213478125 0.5749914984375 0.3927349140625 0.726792315625 0.4089105125 0.742713646875 0.4919789 0.713413953125 0.5502717625 0.685416071875 0.5515990953125 0.682189384375
0 0.583668146875 0.3556350453125 0.5699807890625 0.35576230937500003 0.4125548890625 0.3821372390625 0.4118634859375 0.3875009125 0.4800124265625 0.5799959109375 0.6540151015625 0.55935981875 0.6536939234375 0.5477108 0.583668146875 0.3556350453125
0 0.7649522296875 0.540113696875 0.68695841875 0.5441871609375 0.68803290625 0.564132903125 0.701825975 0.6268183421875 0.7002393640625 0.63205640625 0.706857934375 0.651414878125 0.7072964875000001 0.6692236359375 0.712414871875 0.6931497125 0.716372346875 0.69780050625 0.7406293171875 0.7005214484375 0.86164845625 0.6949764875 0.861296325 0.67649726875 0.833302584375 0.54014783125 0.7649522296875 0.540113696875
0 0.7503375218749999 0.434310084375 0.7410514312500001 0.37908288125 0.7249494015625 0.3201689828125 0.7109963406250001 0.301146571875 0.6990684421875 0.29469485156249997 0.6651680171875001 0.29608150625 0.6127585078125 0.29964922656250004 0.5878410890625 0.309122153125 0.5845814453125 0.3202687421875 0.5888974796875 0.36455980625 0.6266701484375 0.46746947656250004 0.728544275 0.46196859375 0.753665496875 0.4579849453125 0.7563201609375 0.45153156875 0.7503375218749999 0.434310084375
3 0.8957824421874999 0.6069342390625 0.9085745921875 0.606681365625 0.9162547875 0.603663471875 0.9239040296875001 0.593815378125 0.9251694609375001 0.57692829375 0.9217305375 0.5682547484375 0.9081541296875001 0.5533806984375 0.912703721875 0.5110161671875 0.9038380953124999 0.509089634375 0.8991027921875 0.5104729734375 0.8931020609375 0.5287433984375001 0.8757538874999999 0.550199746875 0.8588623640625 0.5539729437500001 0.8437057765624999 0.5654980125 0.8434219765625001 0.5818402468749999 0.8463113953124999 0.5877063484375 0.85546725 0.5944517031250001 0.8705128906249999 0.5979279484375 0.8762298234375001 0.5959997578125 0.8957824421874999 0.6069342390625
2 0.7633760921875 0.3897237265625 0.7775265265625 0.39307436406249996 0.78584265 0.3921934546875 0.882598390625 0.362766496875 0.9271239031249999 0.3567273921875 0.9478245734374999 0.34461505 0.9634687625 0.322237028125 0.9660060500000001 0.3096239125 0.9603691124999999 0.289720590625 0.9453479953124999 0.2719134890625 0.9311666078125 0.261732653125 0.9068786875000001 0.25218151093749996 0.8934506078125001 0.2502973984375 0.8621493750000001 0.25273133593749997 0.8367998249999999 0.2655565578125 0.8140249484375 0.29375991875 0.7810571078125 0.323263434375 0.7723088578125 0.3274966390625 0.77187673125 0.33084893593750003 0.7479718921875 0.346607209375 0.74373061875 0.35829865 0.7435332453125 0.3739704234375 0.7633760921875 0.3897237265625
2 0.39691593593749996 0.32670124375 0.40006463124999997 0.33055596875000004 0.5628991453125 0.3329259375 0.5704064890625 0.3312489609375 0.577592653125 0.317922965625 0.5809632437500001 0.2917750609375 0.5783021500000001 0.2770673828125 0.5735358953125 0.2716205234375 0.3922103921875 0.23593970937500003 0.394859821875 0.30730035 0.39691593593749996 0.32670124375
2 0.2845160078125 0.37850622343749996 0.31186619531250004 0.39258254843749996 0.3468101546875 0.404311440625 0.3578983203125 0.40313689375 0.3737772625 0.39307835 0.3767466765625 0.377112940625 0.36784366875 0.34719515156249997 0.3636450109375 0.309063828125 0.35705739531249997 0.29653555625 0.34258578125 0.2815358984375 0.3291267515625 0.2728215875 0.31084599062499996 0.2661610765625 0.28407625625 0.2617223921875 0.25652869375 0.26331784062499997 0.2286663828125 0.2744253234375 0.210595853125 0.2944151453125 0.2064164828125 0.3197669828125 0.21294862499999997 0.3397959109375 0.2306553578125 0.3579798359375 0.24313275937499998 0.367239 0.2845160078125 0.37850622343749996
4 0.3971337921875 0.473487703125 0.3886383875 0.45454847656249997 0.3762474125 0.44461885624999997 0.35617624062500003 0.43770712968750003 0.32544903281250004 0.428617653125 0.30916248749999997 0.4276976375 0.2844179171875 0.435829646875 0.2745461359375 0.44877882031249994 0.27489826562499997 0.4672580375 0.2850667046875 0.480288740625 0.3021065578125 0.48950547968749997 0.3356058078125 0.4983013203125 0.34842890937500004 0.5048786453125 0.3714140203125 0.50332561875 0.394423653125 0.4874417359375 0.3971337921875 0.473487703125
4 0.1467134421875 0.648587228125 0.21952696718750003 0.60692729375 0.22584887656250002 0.6003058875 0.2292813703125 0.5878183796875 0.22746000781250003 0.580736965625 0.2189091296875 0.5692983984375 0.20779001406250003 0.5636427453125 0.17709375624999998 0.5613834671875 0.0975688125 0.5631943390624999 0.0805044359375 0.5683084546875 0.06381671562499999 0.57757093125 0.052876878125000006 0.591735415625 0.049357959374999996 0.6048933812499999 0.0506607671875 0.6159975515625 0.057161959375 0.6291962812499999 0.0718064234375 0.6428550203125 0.0996751671875 0.6529085921875 0.125086615625 0.653743765625 0.1467134421875 0.648587228125
2 0.0800839734375 0.5150077859375 0.10792176406250001 0.518231159375 0.130906875 0.5166781328125001 0.161541228125 0.5052770140625 0.20598031562500002 0.49990836875 0.23551566249999997 0.4828923609375 0.23755891875000001 0.4599711453125 0.22730405625 0.447610903125 0.193656478125 0.4258251265625 0.1795060453125 0.4224744875 0.16234881406249999 0.40709800781250005 0.1427097703125 0.396833984375 0.1242561609375 0.3915143921875 0.0946279609375 0.38803980312499997 0.057436940625 0.39374284843749996 0.035841065625 0.40572958437500006 0.0212339828125 0.4200620984375 0.014220668750000002 0.432047175 0.0122947859375 0.46112813125 0.027982785937499997 0.487902415625 0.050338396875000004 0.505373459375 0.0800839734375 0.5150077859375
2 1 0.4359678359375 0.9789786749999999 0.42816624843750006 0.8138970999999999 0.44322821562500003 0.79120221875 0.44960006406249997 0.7827441937499999 0.45865209062499995 0.77968835625 0.475287959375 0.7848622125 0.49171337812499993 0.8000561812500001 0.5081795625 0.8324873765625 0.5181907109375 0.89539671875 0.5085877984375 0.9055420812499999 0.5100113078125 0.9908394328125001 0.4987715875 1 0.495553728125 1 0.4359678359375
1 0.694318628125 0.62849531875 0.6835761640625 0.626988028125 0.6750007640625 0.629880315625 0.67731735 0.746244903125 0.6817379031249999 0.754373596875 0.7007100671875001 0.7556704375 0.69665854375 0.6315539765625 0.694318628125 0.62849531875
1 0.6166459984375 0.6442178015625 0.616936225 0.6490366234375 0.6552583984375 0.754753734375 0.6625683671875 0.7687485328125 0.6780461343749999 0.7688724828125 0.680614375 0.763089565625 0.6774347281249999 0.7524046421875 0.63902613125 0.6473579890625001 0.6359638624999999 0.6428328046875 0.6232581374999999 0.6424152171874999 0.6166459984375 0.6442178015625
1 0.5977912109375 0.6490807015625 0.5976493125 0.65725181875 0.6350762796875 0.7628433234374999 0.6428183765625 0.7734858250000001 0.6574873640625001 0.772813709375 0.6598827515625 0.7683717109375 0.6554312484375 0.7534128171875001 0.6204615718750001 0.657039709375 0.615491515625 0.646103571875 0.610120284375 0.6453499265625 0.5977912109375 0.6490807015625
1 0.633748946875 0.7660700109375 0.6332549171874999 0.7557619109375 0.5929385328125 0.6443043015625001 0.5897898390625 0.6404495765625 0.5752072781249999 0.640451234375 0.5717438328125 0.6461085421874999 0.61289995 0.765192415625 0.6234695625 0.7680406234375 0.633748946875 0.7660700109375