2 0.2770758125 0.224779959375 0.319494584375 0.20379146874999998 0.3267148015625 0.194312796875 0.32310469375 0.1794177390625 0.30685920625 0.15639810468749998 0.25541516249999996 0.0649966140625 0.2400722015625 0.047393365625 0.2319494578125 0.0453622203125 0.20667870000000002 0.047393365625 0.1895306859375 0.051455653125 0.18501805 0.05687203749999999 0.1732851984375 0.061611375 0.142599278125 0.06296547031250001 0.129061371875 0.07312119218749999 0.1281588453125 0.0914014890625 0.1552346578125 0.11103588281250001 0.161552346875 0.1232227484375 0.25361010781250004 0.22410291093749998 0.2599277984375 0.22613405625 0.2770758125 0.224779959375
2 0.5902527078124999 0.288422478125 0.6055956671875 0.2938388625 0.610108303125 0.2924847671875 0.6326714796874999 0.29790115156249997 0.6462093859375 0.29790115156249997 0.6516245484375001 0.2945159109375 0.6687725625 0.2701421796875 0.680505415625 0.23696682500000002 0.6768953062499999 0.2308733921875 0.6525270765625 0.2207176703125 0.48736462031250005 0.1624915375 0.48104693125000003 0.16519972968750002 0.47111913281250006 0.180771834375 0.445848375 0.24306025781249999 0.444043321875 0.2593094109375 0.44855595625 0.2647257953125 0.47563176875 0.26540284375 0.5315884468750001 0.2755585640625 0.56768953125 0.28639133437500003 0.5902527078124999 0.288422478125
2 0.143655234375 0.33184698749999997 0.1355063171875 0.3190148953125 0.0923194953125 0.2866296546875 0.08091155312500001 0.273186865625 0.0735776171875 0.26035545 0.0401678703125 0.245781990625 0.012462996875 0.24089370312499997 0.0035000000000000005 0.24455991875 0.003909746875 0.372186865625 0.032834837500000005 0.364232228125 0.0963935015625 0.3807298578125 0.11513537968750001 0.37889708906249997 0.13387725625 0.361788084375 0.1420252703125 0.3452897765625 0.143655234375 0.33184698749999997
1 0.3082563171875 0.48826675625 0.39544675156250003 0.3568930265625 0.371461190625 0.3526316859375 0.286255415625 0.48032295156249993 0.3082563171875 0.48826675625
1 0.5135379062500001 0.6005416390625 0.5270758125 0.5842924843749999 0.5189530687499999 0.5795531484375 0.5135379062500001 0.5775220046875 0.5072202171875 0.5788761 0.42960288750000003 0.7075152328125001 0.42870036093749997 0.713608665625 0.43321299687500003 0.7176709546875 0.44133574062500003 0.7197020984375 0.45126353750000003 0.7176709546875 0.5072202171875 0.628300609375 0.5135379062500001 0.6005416390625
1 0.5364169671875 0.7125457 0.5631768953125 0.6966824640625 0.5631768953125 0.6926201765625 0.54602888125 0.6804333109375 0.54061371875 0.6811103593750001 0.446750903125 0.7440758296875 0.43185920624999996 0.7613405546875 0.414259928125 0.7670954640625001 0.3998194953125 0.7765741375 0.3998194953125 0.781990521875 0.4070397109375 0.790792146875 0.4151624546875 0.792823290625 0.419675090625 0.790792146875 0.5237662453125 0.720153690625 0.5364169671875 0.7125457
0 0.341155234375 0.7779282328125 0.3420577625 0.7758970890625 0.392599278125 0.7657413671875 0.41696750937499993 0.7650643203125 0.42689530624999994 0.759647934375 0.4314079421875 0.7562626953125 0.427797834375 0.7298578203125 0.42148014375000004 0.71902505 0.3636669671875 0.522512525 0.358777978125 0.522512525 0.3530740078125 0.5041814484375 0.33433212968750003 0.5078476640625 0.3375920578125 0.52495666875 0.169731046875 0.5585633046875 0.188628159375 0.6289776578125 0.2355595671875 0.7867298578125 0.2400722015625 0.78943805 0.25541516249999996 0.78943805 0.341155234375 0.7779282328125
0 0.6110108296875 0.3141503046875 0.4097472921875 0.3249830734375 0.40342960312500004 0.3263371703125 0.4016245484375 0.33310765 0.4025270765625 0.5619498984375 0.6146209390624999 0.5633039953125001 0.6173285203125001 0.5605958015625 0.6164259921874999 0.43331076562500004 0.6146209390624999 0.3195666890625 0.6110108296875 0.3141503046875
0 0.7653429609375 0.4820582265625 0.797833934375 0.48679756249999995 0.849277978125 0.3371699390625 0.8574007218749999 0.310088015625 0.8564981953125 0.3033175359375 0.8619133578125 0.29316181406249997 0.8601083031250001 0.2877454296875 0.8429602890625001 0.28300609374999997 0.72563176875 0.26540284375 0.69314079375 0.26743398749999997 0.685920578125 0.2755585640625 0.6254512640625001 0.4522681109375 0.6245487359374999 0.4590385921875 0.629061371875 0.4610697359375 0.6525270765625 0.46513202500000006 0.6669675093749999 0.4610697359375 0.674187725 0.461746784375 0.7653429609375 0.4820582265625
0 0.6579422375 0.8733920109375 0.6678700359375 0.8727149624999999 0.7635379062500001 0.7149627625 0.7734657046875 0.6932972234375 0.6353790609375001 0.6411645234375001 0.6308664265624999 0.6418415703125 0.607400721875 0.6607989171875001 0.57851985625 0.6702775890625 0.49729241875 0.805687203125 0.49638989218749996 0.8097494921875 0.5 0.8124576843750001 0.5252707578125 0.821259309375 0.5315884468750001 0.8259986453125 0.6146209390624999 0.8551117125 0.6579422375 0.8733920109375
4 0.615523465625 0.6553825328125 0.6308664265624999 0.6411645234375001 0.6380866421875 0.6276235609375 0.6362815890625 0.6046039265625 0.6245487359374999 0.587677725 0.607400721875 0.575490859375 0.585740071875 0.5693974265625 0.558664259375 0.5693974265625 0.5388086640624999 0.575490859375 0.5225631765625 0.587677725 0.5099277984375 0.6093432640625001 0.5099277984375 0.628300609375 0.5207581234374999 0.645903859375 0.5370036093749999 0.658090725 0.56227436875 0.6662153015625 0.588447653125 0.665538253125 0.615523465625 0.6553825328125
4 0.81227436875 0.5436696000000001 0.819494584375 0.5267433984375 0.8212996390624999 0.507786053125 0.814079421875 0.49424509062500005 0.7969314078124999 0.48882870624999997 0.6669675093749999 0.461746784375 0.6570397109375 0.465809071875 0.6489169671874999 0.4807041296875 0.6380866421875 0.520649965625 0.6380866421875 0.5409614078125 0.6435018046875001 0.547054840625 0.7472924187500001 0.5551794171875 0.795126353125 0.555856465625 0.803249096875 0.552471225 0.81227436875 0.5436696000000001
3 0.8089025265625001 0.6251611375 0.8227554156249999 0.6276059578125001 0.8251994578125 0.6343270140625 0.8284593859375 0.6434928906249999 0.84638628125 0.6569356796875 0.8675722015625 0.662434665625 0.8879440437499999 0.659990521875 0.8993519859375001 0.655713609375 0.9099449453125 0.6434928906249999 0.90505595625 0.6306607984375 0.8056435015625001 0.609885578125 0.8569792421875 0.616606634375 0.8732761734375 0.619050778125 0.89120306875 0.619050778125 0.9058709390624999 0.619050778125 0.910759928125 0.61782870625 0.914018953125 0.6141624921875 0.9132048734374999 0.6043859171875 0.910759928125 0.593387271875 0.89120306875 0.584222071875 0.865128159375 0.581777928125 0.8553492781250001 0.58483276875 0.8439413359374999 0.5872769124999999 0.8374223828125 0.5994976296875001 0.8219404328125 0.6025531484375 0.809717509375 0.5994976296875001 0.809717509375 0.6031638453125 0.738009928125 0.5939986453125 0.66081046875 0.5872918078125 0.6744512640625 0.59460934375 0.6589684109375 0.595831415625 0.7722337546875 0.619050778125 0.800753609375 0.623939065625 0.8089025265625001 0.6251611375
1 0.919675090625 0.622884225 0.9187725625000001 0.626269465625 0.9061371843750001 0.630331753125 0.91064981875 0.6445497625 0.9954873640624999 0.7711577515625 0.9990974734375 0.7725118484375 0.9990974734375 0.7230873390625 0.9314079421875 0.6235612734375 0.919675090625 0.622884225
0 0 0.5362220718749999 0.08754512656249999 0.6005416390625 0.101985559375 0.601895734375 0.11371841093749999 0.5897088687500001 0.1633574 0.5545023703124999 0.18501805 0.5314827359375001 0.2788808671875 0.45429925468750004 0.2942238265625 0.4400812453125 0.2942238265625 0.43601895781250005 0.289711190625 0.4292484765625 0.2626353796875 0.41096817812499997 0.153429603125 0.3439404203125 0.1308664265625 0.359512525 0.0090252703125 0.46513202500000006 0 0.47393365000000004 0 0.5362220718749999
2 0.95397111875 0.412322275 0.9990974734375 0.41096817812499997 0.9990974734375 0.28571428593750003 0.9693140796874999 0.28639133437500003 0.9341155234375 0.29790115156249997 0.911552346875 0.31550440156250004 0.8989169671875 0.336492890625 0.8781588453125 0.3601895734375 0.8727436828125 0.3615436703125 0.8664259921875 0.36831415 0.8574007218749999 0.3811780640625 0.8564981953125 0.38930264062500003 0.8610108296875 0.402166553125 0.8727436828125 0.412322275 0.8880866421875 0.41909275625 0.919675090625 0.4184157078125 0.95397111875 0.412322275