2 0.3139458484375 0.152699390625 0.361830325 0.164494921875 0.419490071875 0.13834529375 0.39184115468749997 0 0.2572202171875 0.0016926203125 0.3139458484375 0.152699390625
2 0.1568836640625 0.18964408125 0.15610920625 0.18668381875 0.1721759921875 0.1581015578125 0.16218140781249998 0.1216242390625 0.11005685937500001 0.0859993234375 0.057659746874999994 0.07684224843750001 0.0022563171874999998 0.08124576875 0.0071922374999999995 0.207220040625 0.014366784375 0.20953709531250003 0.062612815625 0.2207149625 0.1568836640625 0.18964408125
2 0.15697272812500002 0.1899845203125 0.070598375 0.22769735937500002 0.014366784375 0.20953709531250003 0 0.20620853125 0.0195045125 0.24369126562500001 0.047435920312500005 0.2863304 0.0844359203125 0.301616790625 0.14818501875 0.28834055468750003 0.173612815625 0.25358903125 0.15697272812500002 0.1899845203125
2 0.6069494578125 0.1472579546875 0.546972021875 0.1949553140625 0.51104693125 0.2400148953125 0.5233420578125 0.25375423124999996 0.7100965703125001 0.3478930265625 0.7787906140625 0.28834732500000004 0.6069494578125 0.1472579546875
2 0.9982707578125 0.4279553140625 0.8951588453125 0.4805781984375 0.8822996390625001 0.5021990515625 0.9053213 0.5374996609375 0.9318330328125001 0.548230196875 0.9990974734375 0.5260744749999999 0.9982707578125 0.4279553140625
4 0.797749096875 0.6641150984374999 0.8375694953125 0.61951861875 0.836009928125 0.5890182796875 0.683664259375 0.51117129375 0.6511064984375 0.525009478125 0.63205144375 0.544005415625 0.6141859203125 0.572429925 0.61110920625 0.5989559921875001 0.619905234375 0.615168584375 0.797749096875 0.6641150984374999
4 0.4608971125 0.7125666890625 0.509443140625 0.7284482062500001 0.594918771875 0.703786053125 0.6134449453124999 0.6775044015625 0.6417987359375 0.67215504375 0.641411553125 0.6500453625 0.6226904328125 0.6473547734375 0.59295306875 0.6248083953125 0.5345622750000001 0.5977725125 0.5006913359375 0.5952599859375 0.45936371875 0.6183155046875 0.44175360937499997 0.64251455625 0.4315740078125 0.6586872031250001 0.43393592031250006 0.6855375765625 0.4608971125 0.7125666890625
1 0.45568772500000004 0.6436648609375 0.453 0.6693053484375 0.6249034296875 0.6773188890624999 0.651740975 0.6668727156250001 0.6305 0.6507928234375 0.45568772500000004 0.6436648609375
1 0.5921155234375 0.5060866625 0.5921155234375 0.47889235 0.3517563171875 0.47538185468750005 0.34649458437499997 0.4975707515625 0.5921155234375 0.5060866625
1 0.269047834375 0.7855213265625001 0.4543745484375 0.63107650625 0.430956678125 0.6144211234375 0.2473222015625 0.770102234375 0.269047834375 0.7855213265625001
1 0.1692942234375 0.8703899796875 0.43793682343749996 0.7802647265625 0.42345577656250005 0.7510013546875001 0.15451353750000002 0.84504739375 0.1692942234375 0.8703899796875
0 0.0004936828125 0.5604421125 0.0037102890625000003 0.7911679078125 0.182929603125 0.8204312796875 0.3308330328125 0.5002092078125 0.069981046875 0.43988964062499997 0.0004936828125 0.5604421125
0 0.4175505421875 0.21179553125 0.0936191328125 0.317775896875 0.1944043328125 0.4523595125 0.21001353749999999 0.47652538906249997 0.5367924187499999 0.3486005421875 0.5362283390625 0.32784630937500003 0.4175505421875 0.21179553125
0 0.4707770765625 0.6045829390625 0.4980640796875 0.5921990515625 0.5396651625 0.5935145562499999 0.578621840625 0.6121137437499999 0.674074909375 0.3484089375 0.5415162453125 0.3249830734375 0.5445920578125001 0.3507887609375 0.37774819531250003 0.40792146249999994 0.338579421875 0.487302640625 0.304329421875 0.56803926875 0.4707770765625 0.6045829390625
0 0.49864620937500004 0.727826675 0.28605866406249997 0.925691265625 0.38643862812499996 0.9993229515625 0.5539873640625 0.9993229515625 0.7056101078125 0.8358300609375 0.5525776171875 0.72504333125 0.49864620937500004 0.727826675
0 0.7694305046875 0.327925525 0.6230785203125 0.5088442796875 0.656253609375 0.5190392687500001 0.6883971125 0.5118916718750001 0.82120306875 0.580211915625 0.9325640796875 0.3935274203125 0.7694305046875 0.327925525
0 0.8311001812500001 0.823552471875 0.75189981875 0.7410236968749999 0.8375342953124999 0.8098788078125001 0.8689557765625 0.7991611375 0.8437662453125 0.7501015578125 0.8230713 0.739371021875 0.786009025 0.7431130671874999 0.670514440625 0.6434996609375 0.6364314078125 0.632153690625 0.73823014375 0.74150643125 0.7507545125 0.7655274203125 0.724418771875 0.7929065671875 0.755919675 0.8308584968750001 0.81743953125 0.8413310765625001 0.8311001812500001 0.823552471875