2 1 0.415239015625 0.9754051078125 0.4178015609375 0.9555464890625001 0.4272816796875 0.9438118484375 0.444210459375 0.9429091828124999 0.46384784375 0.9501305015625 0.476036565625 0.9591571468750001 0.483485228125 0.9871397468750001 0.49025674218750004 1 0.4910956421875 1 0.415239015625
2 0.685649784375 0.90061036875 0.67301248125 0.8897759515624999 0.6459325453125 0.8450839718750001 0.6351005703125 0.8335724015625001 0.6233659312500001 0.8085178046875001 0.6080206328125 0.7956519328125 0.5881620125 0.7895575734375 0.567400728125 0.7895575734375 0.5502501015625 0.7902347234375 0.52407283125 0.7970062359375001 0.51955950625 0.802423446875 0.52948881875 0.8044549 0.534002140625 0.8112264109374999 0.5403207921875001 0.8139350171874999 0.5430287859375 0.8268008890624999 0.5349048062499999 0.8301866453125 0.512338190625 0.8315409468749999 0.48706358281249995 0.8369581578125 0.48345292500000003 0.8457611234375 0.48345292500000003 0.8633670531250001 0.49428489999999997 0.8850358937499999 0.5195595078124999 0.9026418250000001 0.52497549375 0.9121219406250001 0.5710113875 0.9622311296875001 0.5891035796875 0.9900218375 0.700026946875 0.9880856640625 0.7127297203125 0.9642625828125 0.7136323875 0.9527510124999999 0.7091190640625 0.9351450796874999 0.7018977468750001 0.9229563609375001 0.692871103125 0.915507696875 0.685649784375 0.90061036875
2 1 0.7779709484375 0.9997770515625 0.7773688515625 0.9889450765625 0.7604400703125 0.9754051078125 0.7482513484375 0.96367046875 0.7428341390625001 0.9383958609375 0.736739778125 0.913121253125 0.7367397796875 0.879722665625 0.7319997218750001 0.8670853609375 0.7557000125 0.85986404375 0.761117221875 0.7641816015625 0.7597629203125 0.758765615625 0.7631486749999999 0.762376271875 0.7726287921874999 0.7759162421875 0.79429763125 0.7984828546875 0.8071635046875001 0.8048015078124999 0.817320771875 0.8183414750000001 0.8254465874999999 0.828270784375 0.8511783328125 0.8382000953125001 0.8660756578125 0.869793353125 0.8863901953125 0.8896519749999999 0.890453103125 0.9113159265625 0.8904531015625 0.9474225078125 0.8830044406249999 0.9826264234375 0.85727269375 0.9988743859375001 0.8349267015624999 1 0.8299809249999999 1 0.7779709484375
2 1 0.699176078125 0.97450244375 0.6981421609375 0.9708917843749999 0.7001736140625 0.9627678046874999 0.7286139640625 0.9627678046874999 0.7408026859375 0.9699891203125001 0.7421569875 0.9907504046875 0.7590857703125 1 0.7770449171875 1 0.699176078125
2 1 0.83182785 0.9889450765625 0.8511783328125 0.9772104374999999 0.8640442046875 0.9483251703125 0.8850358921874999 0.9763077718750001 0.8958703124999999 1 0.90145616875 1 0.83182785
4 0.7524469640625 0.5024454625 0.7804295640625 0.5031226140625 0.8255627921875 0.4604620875 0.8779173359374999 0.4008727828125 0.882430659375 0.3920698171875 0.8788200015625 0.37988109375 0.8679880265625 0.367692371875 0.8490320703125 0.35550365156249997 0.8327841078124999 0.350086440625 0.8111201593749999 0.34940929062500004 0.77681890625 0.3663380703125 0.687455115625 0.42389592187499997 0.673915146875 0.43743894687499996 0.6766231390625 0.4503048203125 0.6991897546875 0.4740051109375 0.7253670265625 0.490256740625 0.7524469640625 0.5024454625
4 0.567401215625 0 0.575524709375 0.0121879921875 0.5926753375 0.025053862500000003 0.6206579375 0.03453398125 0.6360032343750001 0.03588828125 0.6576671843749999 0.032502528125 0.6739151453125001 0.0243767109375 0.6847471203125 0.01421944375 0.6933630203125001 0 0.567401215625 0
0 0.5096301953125 0.381235396875 0.525878159375 0.3852983046875 0.6314899125 0.2627339359375 0.641419221875 0.24377370312500002 0.412142425 0.11037491562499999 0.37603584375 0.092768984375 0.3543718921875 0.11376067031249999 0.26139744375 0.22210486562499998 0.247857475 0.23903364374999997 0.24876014062500001 0.24648230624999998 0.46359430625 0.3561808015625 0.479842265625 0.367692371875 0.5096301953125 0.381235396875
0 0.2424414875 0.5085398234375 0.269521425 0.30945736875 0.26861876093750003 0.29794580000000004 0.265008103125 0.2945600421875 0.2036269125 0.2830484734375 0.0312179828125 0.2600253328125 0.008651368750000001 0.26070248125 0.008651368750000001 0.49563655625 0.0104390234375 0.5980512578125 0.013164690625 0.5992780843750001 0.1819629640625 0.6046952937500001 0.193697603125 0.6013095374999999 0.2252908625 0.5796407 0.232512178125 0.5647433734375 0.2424414875 0.5085398234375
1 0.66218050625 0.29388289218749997 0.6666938296875 0.28507992656250003 0.66127784375 0.2783084140625 0.6432245515624999 0.274922659375 0.63419790625 0.2810170171875 0.517754178125 0.4103529 0.5132408546875 0.4218644703125 0.5358074703125 0.43337604062499996 0.542126121875 0.429990284375 0.66218050625 0.29388289218749997
1 0.47532894375 0.46317069218749995 0.4771342734375 0.45301342499999997 0.47262095156250006 0.4448876109375 0.45998364687500004 0.4394704 0.4103370953125 0.440824703125 0.40401844374999996 0.441501853125 0.3967971265625 0.4489505171875 0.396797128125 0.46113923906250004 0.4184610765625 0.46791075156249995 0.4608863125 0.47129650625 0.47532894375 0.46317069218749995
1 0.794872196875 0.23226213125 0.800288184375 0.2336164359375 0.82646545625 0.2295535265625 0.82646545625 0.2146562 0.7885535453125 0.06297433125 0.7813322281249999 0.046045550000000005 0.7641816015625 0.0473998546875 0.754252290625 0.0534942140625 0.7569602843750001 0.075163053125 0.78855354375 0.216010503125 0.7939695312499999 0.222782015625 0.794872196875 0.23226213125
1 1 0.21085547500000001 0.9284665515625001 0.2254906203125 0.8923599687499999 0.226844921875 0.8679880265625 0.2356478890625 0.8553507218749999 0.24445085312499998 0.844518746875 0.2600253328125 0.840005425 0.27356835625000003 0.8409080890625 0.29659149687499997 0.8454214125 0.30810306718749997 0.8598640453125 0.3257089984375 0.8697933546875 0.3331576609375 0.9004839515624999 0.34263777812499996 0.923953228125 0.3412834765625 0.9708917843749999 0.3223232421875 1 0.314867015625 1 0.21085547500000001
0 1 0.5238645421875 0.8677343765625001 0.408978959375 0.7769913125000001 0.505975453125 0.750405134375 0.5054858703125 0.721166025 0.5235983109375 0.9361392000000001 0.6697018109374999 1 0.61106075 1 0.5238645421875
0 0.6527431499999999 0.75466329375 0.8620927234375 0.7598672 0.8888549234375 0.7353407843750001 0.8855057578125001 0.732191621875 0.86928605625 0.745663278125 0.8557460906250001 0.745663278125 0.5850694843750001 0.47923949062500004 0.596784965625 0.46812235625 0.5903058406249999 0.4740159453125 0.4169482125 0.531739021875 0.6527431499999999 0.75466329375
0 0.40665241874999997 0.8703078546875 0.4185964765625 0.8447623249999999 0.5269259234375 0.8213598 0.5421867359375 0.8175487875 0.5204620296875 0.8012949562499999 0.5030100546875 0.79125180625 0.5048955578125 0.78964854375 0.238821803125 0.5905794 0.216334625 0.606034021875 0.1155873296875 0.6579776125000001 0.1205077671875 0.6611938953125 0.0130691609375 0.7487317640625 0.014970973437499998 0.8576864546875 0.0992707640625 0.8892335515625 0.043144889062500004 0.8980222984375 0.18823196874999998 0.9913486328125 0.2991874953125 0.99134863125 0.356397471875 0.9508651468749999 0.40665241874999997 0.8703078546875
0 0.576642209375 0.70888245625 0.3055964140625 0.5248151515624999 0.29850056875000003 0.5415590703125 0.2983878765625 0.5416308062499999 0.5756529968749999 0.7294828625 0.5766422078125 0.728641728125 0.576642209375 0.70888245625
3 0.8016123921875 0.300032778125 0.833743640625 0.2727679625 0.8156722953125 0.23848108906249998 0.7260584671875 0.297678325 0.7938810703125 0.2299902890625 0.7607722375 0.2116063125 0.7222591515625 0.2387783578125 0.729786471875 0.26688284218749997 0.7175337046875 0.287395784375 0.7020809890625 0.30406656875000004 0.6176322046875 0.3909586109375 0.7464559765625001 0.298108315625 0.7735097375 0.29721583125 0.8016123921875 0.300032778125