0 0.5547317640625 0.8699487906250001 0.5899421390625 0.8712402328125 0.675525490625 0.7603783578125001 0.6868683515625 0.7382405703125 0.697485953125 0.7262427484375 0.7044107234375 0.7094425765625 0.7186147968750001 0.6961536734375 0.7537940828125 0.6439740703125 0.7962290390625 0.5939516421875 0.7996382421875 0.5825048390625 0.8121199890625 0.573923765625 0.8208143578125 0.55512395625 0.8376314703125001 0.5364659296875 0.8375132921875 0.5296954484375 0.8453996765625 0.516296271875 0.8581414171875 0.5226102546875 0.8605771859375 0.507085409375 0.873212565625 0.5073059609375 0.874793078125 0.49447355625 0.8792466250000001 0.49116708437499995 0.8891744234375001 0.49134037499999994 0.8899233171875001 0.482554503125 0.8779895609375 0.47083988750000005 0.880626234375 0.46682485937499996 0.8787384546875 0.46205401718749994 0.8650705500000001 0.454370184375 0.81694116875 0.4366090359375 0.5973950953125 0.367800034375 0.5902103328125 0.3697051484375 0.57779949375 0.3823485109375 0.5329405859375 0.448572834375 0.43382678124999996 0.6113153484375 0.40334921875 0.6744064890625 0.40283668125 0.6967333234375 0.4056269890625 0.7015199203125 0.476669721875 0.79142625 0.5392588078125 0.86223345 0.5547317640625 0.8699487906250001
0 1 0.6867486015625001 0.8651594515625 0.6662232140625 0.8470025484375 0.6598147078125 0.8387734421875 0.6535794921875 0.823052309375 0.6316461421875 0.7976751890625 0.6251116062500001 0.7778077765625 0.624087978125 0.761975915625 0.6475010953125 0.745596065625 0.6912099 0.7168644671875 0.75094730625 0.703976546875 0.7879486453125 0.705044525 0.797443071875 0.6952467234374999 0.8047173109375001 0.671800290625 0.8571017109374999 0.6685565375 0.8780271859375001 0.6732109875 0.8862305312500001 0.6804784765624999 0.889064753125 0.689491928125 0.8885452421875 0.6995260890624999 0.894811965625 0.7276698781250001 0.9047790015625001 0.7737933031249999 0.910998821875 0.8679988390625001 0.9322715984375 0.877024109375 0.9324291359375 0.8877835265625 0.928555890625 0.8961308109375 0.9415615875000001 0.903244665625 0.935594184375 0.9057572515625001 0.9244701515625 0.9597344281250001 0.8120413281250001 1 0.73933805625 1 0.6867486015625001
2 0.59518330625 1 0.6011419078125 0.9959746140625001 0.61077425625 0.9792217031250001 0.6185660984375 0.9604061390625 0.618187925 0.9387406015625 0.6050798296875 0.9114381265624999 0.58489333125 0.8921342015624999 0.576475140625 0.875066215625 0.5538646921875 0.8719641828125001 0.5310769750000001 0.8587064265625 0.531017884375 0.8553211859375001 0.44815957500000003 0.7604707234375 0.43107065 0.76355664375 0.4206184984375 0.7850331374999999 0.41349282656249997 0.7903234921875 0.399950553125 0.8415270874999999 0.3938455875 0.8536036765624999 0.39064910625000004 0.8772373453125001 0.3639632859375 0.8991073203125 0.3472407171875 0.9231817328125 0.3430117109375 0.9393521171874999 0.344304228125 0.96171045625 0.3546102 0.9835492859375 0.3705757828125 1 0.59518330625 1
2 0.14647044375 0.8445478359375 0.1759583890625 0.8281415046875 0.281160978125 0.70408525 0.290982415625 0.6981651078125 0.2989160703125 0.687474121875 0.30579356875 0.66796575625 0.30179346875 0.64556015625 0.2943487109375 0.6325702125 0.26951958125000003 0.6057399890624999 0.22409777968750003 0.588026103125 0.188922859375 0.5887658078125 0.1646255359375 0.592402746875 0.14398559375 0.59881089375 0.121694228125 0.6139891578125 0.1111357140625 0.62937221875 0.1007781078125 0.656265096875 0.069910553125 0.6970136499999999 0.05217909375 0.714978875 0.046062309375 0.7263784171875 0.013259704687500002 0.759647934375 0.0140396859375 0.8043331078125 0.019584846875 0.8118751578125 0.047964993750000004 0.83538315625 0.0670480609375 0.8431615125 0.0951209421875 0.8490662609375 0.1221849375 0.848861821875 0.14647044375 0.8445478359375
1 0.8447820578125 0.3775329234375 0.8672506906249999 0.37251038125 0.8779273828124999 0.3638978 0.7692397859375 0.1332281265625 0.7637773515624999 0.1304254125 0.7359526453125 0.1387386734375 0.72702191875 0.1439975203125 0.7280071703125001 0.1487526125 0.8329546625 0.3719117421875 0.836635678125 0.37603704531250004 0.8447820578125 0.3775329234375
1 0.9332248140624999 0.0169663421875 0.8871959328125 0.0161629046875 0.8830023812500001 0.0343644328125 0.8833332828125 0.0533217796875 0.889946421875 0.0703582578125 0.8911207609374999 0.0859461171875 0.8876051953124999 0.0912994875 0.8741500156249999 0.0958025171875 0.8724158671875 0.0998333 0.8417995765624999 0.258356709375 0.8428321000000001 0.2658199921875 0.8808209640625 0.2712209828125 0.8897989624999999 0.2686703265625 0.9332248140624999 0.0169663421875
0 1 0.06914500625 0.9997238234375001 0.053322859375 0.9383047093749999 0.0495434171875 0.9302765093750001 0.054818018749999996 0.9297285203125 0.0751137078125 0.9236471890625 0.08854439374999999 0.8924474546875001 0.265332346875 0.8872095609375 0.275393546875 0.8834414546874999 0.3179688078125 0.8882140828124999 0.3329426328125 0.8832480015625 0.3585759375 0.8735801984375 0.3732977046875 0.8754797953125 0.378745596875 0.8962970078125 0.382493171875 1 0.388157228125 1 0.06914500625
4 1 0.5682072703125 0.9107243453124999 0.5370649296875001 0.8926383515625 0.5347187124999999 0.881855296875 0.537237859375 0.8666423343749999 0.5444175765625 0.85240280625 0.5556753343749999 0.8356802359375 0.5797497453125 0.827174953125 0.6093823234375 0.8304379765625001 0.64125084375 0.84333335 0.656366453125 0.862416415625 0.664144809375 1 0.6841230625 1 0.5682072703125
1 0.027922868750000003 0.5142103125 0.0089698 0.5138794859375 0.0094779703125 0.542992553125 0.0330500359375 0.5494955796875 0.062025445312500004 0.5554160828125 0.0753033578125 0.5407573296875 0.077810034375 0.5292947734375 0.07233578125 0.5258150109375 0.027922868750000003 0.5142103125
3 1 0.468010859375 0.9490882953125 0.46057461093749996 0.9211099546874999 0.460086246875 0.9157420640625 0.46269991718750003 0.9114185156250001 0.4734539171875 1 0.49684040312500005 1 0.468010859375
2 1 0.7450231734375 0.9589618984375001 0.8194731015625001 0.957298659375 0.8275661734374999 0.96471978125 0.83920201875 1 0.8887628921875 1 0.7450231734375
0 0.3936852484375 0.224138015625 0.4135999328125 0.2278698359375 0.41893237031249997 0.22322502187499998 0.43159138593749996 0.2247996703125 0.4584899296875 0.2151165578125 0.4737974359375 0.2133532265625 0.5374750484375 0.191452103125 0.5554665 0.1883819359375 0.728732428125 0.13861264375 0.7412614468750001 0.1327397625 0.86335514375 0.0976446171875 0.8812875046875 0.0911892109375 0.88838954375 0.084544759375 0.882478028125 0.05601421875 0.8730509484375 0.032837046875 0.8727555 0.015910845312499998 0.27438004843749997 0.0054661640625 0.2753653015625 0.010221253125 0.3082655390625 0.0859249671875 0.38001734531250003 0.21645418125 0.3936852484375 0.224138015625
0 0.522223884375 0.2896239046875 0.520365353125 0.2873204875 0.2398616921875 0.17304529062500001 0.004092153124999999 0.052697232812499994 0.0097302484375 0.5099941515624999 0.040505065624999996 0.511384146875 0.303336803125 0.6167448359375001 0.3070541515625 0.6111896484375 0.304356284375 0.6120890375 0.522223884375 0.2896239046875
2 0.6825054140625 1 0.6479770328125001 0.9249595828125001 0.6231316078125 0.9366352812500001 0.57979595625 1 0.6825054140625 1