2 0.1619123578125 0.082406334375 0.145350775 0.088045321875 0.14149719375 0.0938581 0.13039312812499998 0.0996678796875 0.10006984375000001 0.10386865 0.0878016515625 0.115239521875 0.089027525 0.13352580625 0.1182016484375 0.150559659375 0.1258919484375 0.16210731875 0.229045703125 0.2540002140625 0.2355569171875 0.2554354359375 0.2524329234375 0.2524930953125 0.292130946875 0.22765096875 0.2982023484375 0.217541528125 0.2928870796875 0.20304553281249998 0.27407775 0.18163412031249998 0.21236630937499998 0.0954042078125 0.19508230937499998 0.0793022015625 0.186778125 0.07803477187499999 0.1619123578125 0.082406334375
2 0.6502833171875 0.2213948765625 0.6248991312500001 0.21354761406249997 0.4540822390625 0.170922496875 0.4481212671875 0.17420641406249998 0.4400678625 0.19063500312499998 0.4221980109375 0.2550070390625 0.42229158125 0.27135473125 0.427402853125 0.2763285546875 0.45437601406250006 0.27448585468750003 0.511137184375 0.2793967765625 0.5482542859375 0.2868275609375 0.5709022328125 0.2867526625 0.5867713265625001 0.290719740625 0.5910965421875 0.28895194062499996 0.6141375171875 0.2922478546875 0.6275847953125 0.290989421875 0.6325706765625 0.2871152359375 0.6467740859375 0.26125136718749997 0.6545767109375 0.22712675937500001 0.6502833171875 0.2213948765625
2 0.13233608125000001 0.3715060890625 0.1227519 0.35948617656250004 0.0760942375 0.3312534359375 0.0632019453125 0.3189283765625 0.05442736875 0.3068333796875 0.019549290625 0.2954276703125 0.0034222984375 0.29411158125000003 0.0049116624999999995 0.422107221875 0.0260175125 0.41405474687500005 0.0910660765625 0.42457389687499997 0.10946970468749999 0.42100676718749996 0.126099746875 0.40222850625 0.1322777484375 0.3850431015625 0.13233608125000001 0.3715060890625
1 0.313995715625 0.5119585421874999 0.3853498703125 0.373039815625 0.36103013281249996 0.371026240625 0.2912198140625 0.5060937125 0.313995715625 0.5119585421874999
1 0.47305407343750006 0.7300370015625 0.4826795921875 0.7270916640625 0.527885709375 0.6329006796875001 0.5309382671875 0.6046727453125 0.5424990046875 0.5872344093749999 0.5338803984375 0.5832703296874999 0.52826566875 0.581751215625 0.522147484375 0.583686809375 0.459984859375 0.718992715625 0.45979582656250007 0.7251440734375 0.46474988906250003 0.7287695734375 0.47305407343750006 0.7300370015625
1 0.43841864218750004 0.790525853125 0.43904748906249996 0.7959191546875 0.4472412453125 0.8040121046875001 0.45554542812500004 0.8052795328125001 0.45979203750000003 0.80283756875 0.554985184375 0.722824246875 0.566667925 0.7140727171875 0.5914069765625001 0.6957895875 0.5909353421875 0.6917446125 0.57248721875 0.6812036984375001 0.5671869140625 0.682381234375 0.4812627921875 0.753803484375 0.46847523593749996 0.7723789046875 0.4516619234375 0.7797452500000001 0.43841864218750004 0.790525853125
0 0.373011384375 0.5409076015625 0.3681551234375 0.5413620640625 0.3603610859375 0.5236393296874999 0.3421703234375 0.5290320937499999 0.3473947984375 0.545765153125 0.184559271875 0.594832278125 0.211505040625 0.6631899359375 0.2764374234375 0.8159072625 0.281234271875 0.8181844359375001 0.2964745203125 0.8167582124999999 0.380304315625 0.7973273828125 0.380964984375 0.7952209984375 0.42998906718749996 0.7804104140625 0.4541155609375 0.777471075 0.46334805156250003 0.771154921875 0.4674374484375 0.767364634375 0.4607858828125 0.7414078734375 0.45325279218750003 0.7312085374999999 0.373011384375 0.5409076015625
0 0.5987232 0.315498965625 0.5945084109375001 0.310441246875 0.3958499078125 0.3399365328125 0.389731721875 0.3418721265625 0.38872480781249996 0.34878154375000003 0.41619005781249996 0.5765646140625 0.627021290625 0.5581975109374999 0.629396321875 0.555249171875 0.61372194375 0.4285904953125 0.5987232 0.315498965625
0 0.7027024140625 0.2512468171875 0.6706647640625001 0.256289540625 0.664436153125 0.2650506546875 0.624887759375 0.4466280953125 0.6247773328124999 0.4534536171875 0.629495575 0.4550566265625 0.6532758265624999 0.45692032187500004 0.6671479546875 0.4515330171875 0.674398440625 0.45153601718749997 0.7673016203125 0.46328745781249997 0.8001253281249999 0.464986359375 0.8338531 0.31121437812499997 0.8387772359375001 0.28349281406250004 0.8370946937499999 0.276835084375 0.8412945171875 0.266219271875 0.8388726999999999 0.2609937625 0.8212892406250001 0.2578686375 0.7027024140625 0.2512468171875
0 0.538619090625 0.8104541359375 0.5381942421875 0.8145830078125 0.5420946062499999 0.8169440765625 0.568218065625 0.82335911875 0.5750437015625 0.8274909875 0.6609003921875 0.8487616015624999 0.7060540359374999 0.862937009375 0.71583676875 0.8613399968750001 0.7925490468749999 0.6953671890625001 0.7998949984375 0.6728711359374999 0.6566801171875001 0.6337966171875 0.652276296875 0.6348902562500001 0.6311686437499999 0.6559480921875 0.6035815984374999 0.668071021875 0.538619090625 0.8104541359375
4 0.5531314375 0.5773796546875001 0.5384096078125 0.5910247 0.528374203125 0.613772440625 0.5305751640625 0.6326489937499999 0.5433767375 0.6491704781250001 0.5609283734375 0.6597952874999999 0.58697323125 0.6655361656250001 0.6128926953125 0.662429034375 0.6386081640625 0.6497997328125 0.652197690625 0.63421609375 0.65779745625 0.6200616765625 0.6533318890625 0.5973079390625 0.639712434375 0.581544515625 0.6212643109375 0.5710036 0.5990412140625 0.5669496281249999 0.572146659375 0.569466490625 0.5531314375 0.5773796546875001
4 0.6453777390625001 0.5135439828125 0.6477359125000001 0.5337688625 0.653822275 0.539332953125 0.7578613437499999 0.5377749281249999 0.8054536640625001 0.53400263125 0.8131290015625 0.5298767609375 0.8210719781250001 0.5202736921875 0.8262787156250001 0.5027484624999999 0.8258707234375 0.48370411874999997 0.8171267234374999 0.47089202812500003 0.7994646609375 0.46709274218749997 0.667226559375 0.45220718125000003 0.6578368578125 0.45717500624999996 0.65149781875 0.47276164375 0.6453777390625001 0.5135439828125
3 0.9296782703125 0.6105924734375 0.92333219375 0.5982695312499999 0.822173228125 0.5868238484375 0.8739456265625 0.5887442890625 0.890417225 0.589663115625 0.9082241124999999 0.5879967015625 0.922793790625 0.5866332328125 0.927508165625 0.58496190625 0.9303197234375 0.5810083703125 0.9283760265625001 0.5713491359375 0.924670496875 0.5606246374999999 0.9041804734375001 0.553316428125 0.8779963515625001 0.5533065234375 0.8686376031249999 0.5572573515625 0.8575897984375 0.5607515171874999 0.8525333187499999 0.5735261296874999 0.8375097609375001 0.57800776875 0.8250139125 0.57610146875 0.8254395640625001 0.579752059375 0.7531479359375 0.5772915796875 0.6756866125000001 0.5777894921875 0.6900856625 0.5838078453125 0.674848340625 0.5864639359375 0.7900512265625 0.5990556312499999 0.8189476906250001 0.6012719890625 0.8271839406250001 0.6017313625 0.8412279375 0.6028780515625 0.8444359390624999 0.609343275 0.8487382078125 0.6181670578125 0.8681058125 0.629886140625 0.8897883421874999 0.633392328125 0.9097400406249999 0.6290649140625 0.9205750593750001 0.623745790625 0.9296782703125 0.6105924734375
1 1 0.6491972265625 0.9486835093750001 0.5887506828125 0.9369505968749999 0.5891671609375 0.9364471390625001 0.59262186875 0.92436798125 0.5978413796875001 0.930501128125 0.6115793187499999 1 0.6945703671875 1 0.6491972265625
0 0.293991153125 0.461237821875 0.28872266875 0.4549156703125 0.2597057578125 0.43923014374999997 0.14344907499999998 0.38263939375 0.122844878125 0.40024251875 0.01408188125 0.5167377734375 0.0061389046875 0.52634084375 0.0133706375 0.588363803125 0.10779725468750001 0.6442713953125 0.12229822812499999 0.6442773921875 0.1325376328125 0.6310518234375 0.177756815625 0.5913811203125 0.1965998625 0.5664461000000001 0.2808732625 0.4808664328125 0.2944627890625 0.46528279531249994 0.293991153125 0.461237821875
2 0.8599915265625 0.3333029515625 0.8545021875 0.340631846875 0.8470308453125 0.354279890625 0.8470776296875 0.3624537375 0.853053565625 0.3748433484375 0.8658869609375 0.3838651484375 0.8819132671875 0.389180553125 0.9132116437500001 0.3855700484375 0.946570628125 0.376314559375 0.991237678125 0.3707714609375 0.976695603125 0.24605137500000002 0.9471901968750001 0.24949408750000002 0.9135635734375 0.26422677499999997 0.8931951937499999 0.2838523890625 0.88308118125 0.305925965625 0.8652132265624999 0.331451253125 0.8599915265625 0.3333029515625