2 0.12415918125 0.8954381218749999 0.1471489625 0.897659571875 0.1873549390625 0.8925063640625 0.20555296875 0.8857050750000001 0.22386840000000002 0.872747878125 0.236928909375 0.85423214375 0.2842746515625 0.7349835062500001 0.30256555625 0.7076957125 0.3008986109375 0.6805794921875 0.26711513125 0.6508915875 0.228934728125 0.6435338546875 0.19699107656249998 0.642308025 0.1619535765625 0.6523468390625 0.1384387109375 0.6672472625 0.12257463906249999 0.692217590625 0.1216418640625 0.7203054234375 0.1060061640625 0.7541233703125 0.10351741562500001 0.7700985078125 0.079612959375 0.8314549250000001 0.07521603593750001 0.8537850953125 0.0784763390625 0.8650257375000001 0.09048667187500001 0.88075374375 0.1042322921875 0.8887808625 0.12415918125 0.8954381218749999
2 0.49793568749999995 0.9630826812500001 0.541636771875 0.9568583 0.57991005 0.943729528125 0.61457725 0.9166684015625 0.6287369890625001 0.892570125 0.6304167921875 0.877367475 0.6275332171875 0.8619897062499999 0.61953665 0.849228090625 0.5953676265625 0.8307568218749999 0.5855802828125001 0.81819433125 0.5554828921875 0.8242711390625 0.5363649484375 0.8168413921875001 0.471539634375 0.7646686609375 0.4608259453125 0.759034565625 0.452217846875 0.7627218921875001 0.44846341093750003 0.761774284375 0.4313581828125 0.7841524671875 0.4305363765625 0.8272438234375 0.42649165624999996 0.8311062703125 0.4224405046875 0.85612815 0.40232786875000004 0.8904439046875 0.4028091390625 0.922469740625 0.4181107328125 0.9426095515625 0.4493564109375 0.9596113984375 0.49793568749999995 0.9630826812500001
2 0.661162328125 0.841948578125 0.6563425921875 0.8417644265625001 0.652070384375 0.8458425953125 0.6475243265625 0.8477889296875001 0.6410864015625 0.8499463125 0.6272658296875 0.8543654437500001 0.621932525 0.853739459375 0.6303922656250001 0.8630368765625 0.633566128125 0.8736045906250001 0.6313367078125001 0.8915985125000001 0.6173498546875 0.91704264375 0.6059381921875 0.927184565625 0.5836644828125 0.9446771359374999 0.5260384625000001 0.9626879765625 0.47358735 0.96442499375 0.442829371875 0.9582895484374999 0.444934959375 0.9676109703125 0.45995268281249996 0.997459484375 0.5494791484375 0.9969386359374999 0.615768159375 0.9895676890624999 0.7205477484375 0.9144406609375 0.7207515921875001 0.9089576812500001 0.6717284328125 0.845472290625 0.6625461921875 0.8376202906250001 0.661162328125 0.841948578125
2 1 0.64556189375 0.9750877515624999 0.6335977625 0.947793921875 0.633219978125 0.9226056828125 0.642163615625 0.910039303125 0.6503863140624999 0.9008751578125 0.6780243484375 0.9039625765625001 0.6879191375 0.9999652203125 0.79191081875 1 0.7919544578125 1 0.64556189375
4 0.8872171734375 0.57170181875 0.957866315625 0.5631635140625 0.9726556828125 0.5581063265624999 0.987216678125 0.544201521875 0.9933734187500001 0.5285010640625 0.992657346875 0.5087870453125001 0.9820920187500001 0.4901682078125 0.966555621875 0.4823402109375 0.9302524359375001 0.47545628281249996 0.8657600343749999 0.468294128125 0.778710065625 0.46227516562500004 0.7675022484375 0.4669341046875 0.757708475 0.47553104843750005 0.746438740625 0.49384765937499997 0.7406523 0.5265704265625 0.74483251875 0.5520421046874999 0.75842978125 0.57305396875 0.7766523390625 0.5805832796875 0.8872171734375 0.57170181875
3 1 0.389201184375 0.9982720984375 0.3757500875 0.9067142359375 0.37705776874999997 0.8130753140625 0.38337462499999997 0.78673235625 0.3903990421875 0.7845338953125001 0.401564128125 0.8402762703125 0.40423891875000006 0.9218984296875 0.4033534875 0.985236115625 0.4085964203125 0.9931772000000001 0.41385627343750003 0.9952827875000001 0.42317769531250005 1 0.4289315828125 1 0.389201184375
1 0.7226914609375 0.3231232234375 0.7241674203125 0.3134035546875 0.70326513125 0.28501349375 0.5725900515625 0.1302740328125 0.5678537875 0.1287530609375 0.545870365625 0.14143557812500002 0.5411031421875 0.1467434390625 0.542776515625 0.152700225 0.6931991703125 0.33391052499999996 0.7040302578125 0.3333887109375 0.7226914609375 0.3231232234375
1 0.6508827140625 0 0.65421340625 0.0304202671875 0.668211925 0.061625603125 0.6656676921875 0.0700989796875 0.65838719375 0.07705138125 0.6581523921875 0.089363196875 0.67263741875 0.2304032703125 0.6794237859375001 0.2337439046875 0.714171 0.22851514062499997 0.6937761765625 0 0.6508827140625 0
0 0.4551447046875 0 0.116592715625 0.037644978125 0.10688538750000001 0.046914848437500004 0.0483020609375 0.078682921875 0.043060225 0.087274015625 0.057741965625 0.0981203609375 0.006442148437500001 0.11255973593749999 0.0336374953125 0.143228646875 0.076432878125 0.12723886874999998 0.10676679062500001 0.15203909375 0.1178817359375 0.1678666609375 0.22523412656250003 0.2753740953125 0.2476988171875 0.2947174125 0.2513977671875 0.28816325625 0.2694474390625 0.2943467140625 0.3815875359375 0.23409964374999997 0.501298421875 0.16209011874999998 0.534662546875 0.146094515625 0.651310540625 0.07852080156249999 0.654027659375 0.0713932828125 0.6601224828125 0.06935049531250001 0.6656122078125 0.06259721562500001 0.664747778125 0.05586794375 0.6563744781249999 0.047243453125 0.6511505140625 0.0348560796875 0.6274393828125 0 0.4551447046875 0
0 0.12169854531249999 0.6288388484375 0.22321663281249998 0.6414395140625 0.2737595703125 0.6460575296875 0.28450421718749996 0.6448627874999999 0.3011153171875 0.6327776421875 0.30885898749999996 0.622361040625 0.39338640156250004 0.37543840156249997 0.4049528515625 0.331152303125 0.09734212187499999 0.2766266796875 0.0061296812499999995 0.26335606875 0.01224753125 0.5262038875 0.0201539609375 0.5877526171875 0.0218924140625 0.6012858609375 0.040601471875 0.61260240625 0.052587278125000005 0.613999815625 0.056601040625 0.6169662046875 0.12169854531249999 0.6288388484375
0 0.706940796875 0.406779325 0.6595048890624999 0.4034068265625 0.6466298484374999 0.40772081718750003 0.4769364171875 0.3711013234375 0.41939991406250005 0.550449734375 0.39004301875 0.665411609375 0.3932455078125 0.691260925 0.5478050578125 0.8257125375 0.586123465625 0.8178486312500001 0.76767440625 0.41660089375 0.706940796875 0.406779325
0 0.699875025 0.79592988125 0.7164242093750001 0.79750240625 0.8446929437499999 0.7921126953125001 0.852664984375 0.790543709375 0.865058478125 0.78097515625 0.8815276484375 0.7607153203125 0.8983618812499999 0.6796688890625 0.92756508125 0.5747233046875 0.9267870953124999 0.5686669578125 0.7831793765625 0.5819051281250001 0.7596709390624999 0.575646115625 0.74231924375 0.55368664375 0.7017674921875 0.5561481421875001 0.6953204656249999 0.576658653125 0.6673017453125001 0.7756629609375 0.6718032093749999 0.7894957515625001 0.6731308125 0.7927608265625 0.685406903125 0.789348178125 0.699875025 0.79592988125
0 0.8266402984375001 0 0.7433508640625 0.010270620312500001 0.7069857625 0.0170443609375 0.7001684359375 0.0205325640625 0.71599273125 0.22148718281250002 0.72195729375 0.267919171875 0.72795924375 0.2863628921875 0.7302003296875 0.3250184375 0.738777471875 0.3281599484375 0.7522082796875 0.326666521875 0.9869480718749999 0.287596596875 0.9500039765625001 0 0.8266402984375001 0