2 0.391005734375 0.17499850156250002 0.3647501171875 0.171691578125 0.3255619875 0.17904241406250002 0.3061753828125 0.18953884062499998 0.292010640625 0.2038577015625 0.28608126875 0.2180037703125 0.2895951796875 0.239296384375 0.3034430078125 0.2675684765625 0.3166809796875 0.3199646875 0.3316755515625 0.33292985 0.347023878125 0.3369107609375 0.3660567328125 0.33539858749999996 0.379086890625 0.3308964390625 0.3893474875 0.3207398703125 0.4169812765625 0.25450308125 0.43293945625 0.23435987187500001 0.43508665156250004 0.21955127343749997 0.4314507703125 0.20308348281250002 0.4240205515625 0.19144338125 0.4055732296875 0.1798118703125 0.391005734375 0.17499850156250002
2 0.1707742390625 0.27599043125 0.1492036 0.26768875625 0.13073195625 0.26703768125 0.1017800984375 0.2752123859375 0.08617566875 0.2863713421875 0.0780136203125 0.3036801796875 0.0798682234375 0.3204821 0.09724212343750001 0.3645565859375 0.1020615859375 0.399324146875 0.11871546562499999 0.4167800046875 0.1505223765625 0.42590554843749995 0.1811335421875 0.4222215375 0.197726259375 0.4170511296875 0.2095363515625 0.41071986093749996 0.22927671093750002 0.3912391859375 0.23264397187500002 0.378259703125 0.22889828125 0.36112651875 0.2114757328125 0.339012903125 0.18165720624999998 0.2862968828125 0.1707742390625 0.27599043125
2 0.7307670859375001 0.21965343437499998 0.640385440625 0.228375153125 0.6344803953125 0.2315407875 0.625403384375 0.25999712656249996 0.6221094468749999 0.2901126546875 0.6311134875 0.29459762343749996 0.67407163125 0.293399534375 0.68552796875 0.29605251875 0.713479378125 0.287379484375 0.7416382453125 0.28552745625 0.7633308546875 0.289004309375 0.7937957265625 0.30112555625000004 0.8062646734375001 0.2987866546875 0.8165252687500001 0.28863008749999997 0.8277129875 0.2618358015625 0.832336803125 0.23421478437499998 0.8284934640625 0.21092598749999997 0.822161340625 0.2059398265625 0.8148166078125 0.20594555625000002 0.7307670859375001 0.21965343437499998
2 0.7493124078125 0.2875179109375 0.7075743328125 0.29054511875 0.6818434421874999 0.30154559999999997 0.6661170390625 0.3175293796875 0.6599558890624999 0.335834878125 0.6584432296875 0.3656162796875 0.6503055046874999 0.37194468281250004 0.6517451921874999 0.3751045890625 0.6616520343750001 0.373932275 0.6814413953125 0.382568078125 0.6909701593750001 0.401360453125 0.70544000625 0.4000182078125 0.7134436 0.4040048453125 0.7295849171875 0.4016630796875 0.7733482140625 0.388652096875 0.7911731609375 0.3798205890625 0.8016533750000001 0.370994809375 0.811267271875 0.3513556578125 0.8097664234374999 0.3255694859375 0.7941251546875 0.303121740625 0.7693335484375 0.2919942875 0.7493124078125 0.2875179109375
2 0.9142162234375 0.44660535625 0.8957445796875 0.44595427968749995 0.8771509640625 0.45012802812499997 0.8271410296875 0.46979868125 0.7736905109375 0.4853127703125 0.7575370312499999 0.49314475468749996 0.7443727375 0.5079619453124999 0.7401148375 0.521108490625 0.7429577265625 0.54389895625 0.7502781374999999 0.554873665625 0.76161250625 0.5623514734375 0.7871849390625 0.57264646875 0.8099999703125 0.571796828125 0.8275931375000001 0.5671247484374999 0.934554984375 0.5086454859375 0.9471702296875 0.490501325 0.9435465093750001 0.46854331718750003 0.9352256499999999 0.45707027812499995 0.9240010921874999 0.4502578640625 0.9142162234375 0.44660535625
2 0.9913357421875 0.73296840625 0.991688796875 0.70262703125 0.8917563578125 0.638780159375 0.8857536640625 0.6357901828125 0.8760664406249999 0.6382932859375 0.8724795609375 0.6499419796875 0.8761397656250001 0.6554293343750001 0.9913357421875 0.73296840625
2 0.1725086375 0.5480039453125001 0.170153984375 0.5559915375 0.17370438125 0.5608134984375 0.33782666093749997 0.6205786921875001 0.3459643859375 0.6142502890625 0.3522231859375 0.602100403125 0.343109334375 0.596950040625 0.19388398125 0.543994396875 0.1806463625 0.541675540625 0.1725086375 0.5480039453125001
0 0.723107559375 0.562714240625 0.66577756875 0.621487540625 0.66143418125 0.62298825625 0.657969271875 0.6298121265625001 0.5518984171875 0.738201678125 0.5452003796875 0.7476899875 0.5446148453124999 0.7608336718750001 0.5492755 0.7668193546875 0.5537286953125 0.7659840328125 0.5565225859375 0.7606580140625 0.562086040625 0.7609864171875 0.6453186015625 0.814659003125 0.677442778125 0.831270946875 0.6799927234375 0.835594578125 0.701124125 0.8412346765625 0.8712594921875001 0.6481128625 0.872723503125 0.64029233125 0.7567200703125 0.5605252203125 0.746825390625 0.556207315625 0.723107559375 0.562714240625
0 0.32152511875 0.3938291671875 0.3202928890625 0.39749026718749997 0.41456687499999995 0.440173825 0.42279008593749995 0.44549125156249997 0.42186296093750003 0.46212896875 0.438980403125 0.47126596875000004 0.4554754734375 0.45993994843749997 0.4874894875 0.42580914375 0.5368892109375001 0.38018525625 0.551505353125 0.3630377515625 0.5531889828125001 0.3565480109375 0.5653285046875001 0.352212928125 0.568012584375 0.34622151562500003 0.583177775 0.33240098281249997 0.583311909375 0.32208594218750003 0.5791026546875 0.313271615625 0.47706902187500005 0.25695177187499996 0.45343667656250003 0.2751045265625 0.32152511875 0.3938291671875
0 0.199193096875 0.8098494328125 0.194239853125 0.83547426875 0.17957576718749999 0.9747373500000001 0.18154018125 0.9922046625000001 0.5306221359375 0.9486762546874999 0.5375276312499999 0.9460089500000001 0.543322865625 0.942177921875 0.5452382765625 0.93152875 0.542297740625 0.9025826734375 0.5457136484375 0.8676423203124999 0.5418824734375 0.83886330625 0.545347028125 0.781962084375 0.5420405765625 0.7674904765624999 0.5352570531249999 0.7653329578125 0.20556170625 0.798364940625 0.199193096875 0.8098494328125
0 0.021588903125 0.7073376765625 0.0343268265625 0.7845233984375 0.137202096875 0.8125596937499999 0.15900451875 0.8167019421875 0.167020271875 0.8151983609375 0.2928554578125 0.626270340625 0.297552596875 0.6157853703125 0.2927821328125 0.60913429375 0.143752075 0.568489875 0.128062159375 0.568003 0.021588903125 0.7073376765625
1 0.3794626296875 0.6575660328125 0.3665179578125 0.6737140125 0.366713253125 0.6860252359375 0.3773887625 0.6895106796875 0.3898577109375 0.687171778125 0.4056939234375 0.67185339375 0.40538881875 0.658876775 0.3990566953125 0.6538906140625 0.39249279062500003 0.6530638843750001 0.3794626296875 0.6575660328125
1 0 0.4924898546875 0.09612040937500001 0.46903778906250004 0.1140551671875 0.46087167500000004 0.11107814375 0.44839625156249996 0.10741793749999999 0.442908896875 0.10207410312500001 0.44391128437500005 0 0.47071993437500004 0 0.4924898546875
3 0.14290841875 0.4768644453125 0.12099219531250001 0.46461591249999995 0.10725758125 0.46445991875 0.09171276874999999 0.47502871406249997 0.0926341734375 0.49498357187500003 0.13223908906249998 0.51238609375 0.1699889875 0.4990577078125 0.1889885609375 0.5065410203125 0.18899166875 0.502578178125 0.14290841875 0.4768644453125
3 0.122069121875 0.456814484375 0.19880081875 0.496071359375 0.1897333 0.5025991859375 0.19189108906250002 0.5122054828125 0.1946778125 0.5011219046875001 0.2020534765625 0.4928297671875 0.19742799375 0.5089957140625 0.3013525 0.5575055124999999 0.287407865625 0.545505475 0.31045093125 0.5508782234375 0.2023155921875 0.489193546875 0.1910593078125 0.47660828750000006 0.1933196328125 0.4577002421875 0.18722462499999998 0.44363508906250004 0.1581327953125 0.43371351249999995 0.1333704734375 0.43820334843750003 0.122069121875 0.456814484375
0 0.40601508593749996 0.585070596875 0.4061438046875 0.585161821875 0.40600414375 0.585078525 0.40578118124999996 0.5852401328125 0.46228165 0.6641713874999999 0.6872945968749999 0.48459121562499996 0.6805176515625 0.385672596875 0.6601872484375 0.37758074375 0.65874193125 0.378185725 0.6785259609375001 0.387552634375 0.40601508593749996 0.585070596875
0 0.38794578281250003 0.572264540625 0.6404443046875 0.386774771875 0.6524043046875 0.38083851874999997 0.6420159203125 0.385186875 0.55404269375 0.3912877203125 0.319379009375 0.544743190625 0.3878686890625 0.57426220625 0.40600414375 0.585078525 0.40601508593749996 0.585070596875 0.38794578281250003 0.572264540625