2 0.5781698609375 0 0.557554790625 0.118290196875 0.6158320546875 0.13967106093749998 0.663449240625 0.1240121921875 0.7059773500000001 0 0.5781698609375 0
2 0.8221010468750001 0.14505147812500002 0.8213953828125 0.1480662109375 0.9164038874999999 0.171374196875 0.9643970609375 0.1563017765625 0.9715187625 0.1534074671875 0.9735229046875 0.027395924999999998 0.918008525 0.027514603125 0.8658165953125 0.040909948437499996 0.8145134109375001 0.08067436875 0.805366453125 0.11785963906250001 0.8221010468750001 0.14505147812500002
2 0.8213142296875 0.14841291406249998 0.80615224375 0.21318778749999998 0.8323928890625 0.2457691171875 0.89646075625 0.2538182046875 0.93311054375 0.235564496875 0.96005361875 0.19077530468749998 0.9786885484375001 0.1518134859375 0.9643970609375 0.1563017765625 0.9085796531250001 0.1789863609375 0.8213142296875 0.14841291406249998
2 0.45637356406249996 0.24181805937499998 0.46835072968749997 0.2271177359375 0.4313712328125 0.1851125796875 0.37027432031249996 0.1424349734375 0.201691375 0.2971028171875 0.2717820375 0.3508850140625 0.45637356406249996 0.24181805937499998
2 0 0.5552883671875 0.054675403125 0.568690371875 0.08094137968750001 0.555833009375 0.10314479218749999 0.5187607296875 0.08978031875 0.498249084375 0 0.46032631874999996 0 0.5552883671875
4 0.191477428125 0.673326478125 0.3682089703125 0.6100463140625 0.3766289296875 0.59316469375 0.37293425 0.5669657984375001 0.3544043171875 0.540077659375 0.33490415625000003 0.52268763125 0.3020192984375 0.5115394625 0.1514626046875 0.601561103125 0.1506128109375 0.632100134375 0.191477428125 0.673326478125
4 0.3475112640625 0.64657265 0.3476387109375 0.6686498765625 0.376121346875 0.6716759531250001 0.39526214843749996 0.6963736609375 0.4813249078125 0.7140073328125001 0.5295086296875 0.694220453125 0.555844725 0.6650750875 0.55758195 0.63811015625 0.54702431875 0.6228128515625 0.5288482015625 0.60011715625 0.48697758437500005 0.5804921281250001 0.453159971875 0.5857542453125 0.3953896453125 0.6174645140624999 0.366172603125 0.642366075 0.3475112640625 0.64657265
1 0.5363998718749999 0.650441509375 0.5331148578125 0.6250939703125 0.35844188125 0.6464298234375 0.3375719890625 0.6641920609375 0.3646567984375 0.67242361875 0.5363998718749999 0.650441509375
1 0.6389237390625 0.47053498281249995 0.6331446734374999 0.44883855468749995 0.3928305671875 0.471902475 0.39346361875 0.49901810625 0.6389237390625 0.47053498281249995
1 0.7444554375 0.73420600625 0.5571689140625 0.5939219062500001 0.5341351921874999 0.6124351531250001 0.723085434375 0.751348803125 0.7444554375 0.73420600625
1 0.8390228750000001 0.801380340625 0.5678503828125 0.72949645 0.5540483453125 0.7598538125000001 0.8248298843749999 0.82785265 0.8390228750000001 0.801380340625
0 0.9141366578125 0.3905144640625 0.6546490953124999 0.47189106406250003 0.810029446875 0.7791483218749999 0.977678065625 0.738058075 0.9845449484375 0.502058653125 0.9141366578125 0.3905144640625
0 0.77493566875 0.43844189375 0.7899846984375001 0.4130754546875 0.8876523093750001 0.27067800625 0.56120445 0.1913700578125 0.4452100953125 0.31674462187499997 0.4451290640625 0.3374847203125 0.77493566875 0.43844189375
0 0.48953398437500006 0.577226209375 0.5171134265624999 0.5873532921875 0.6827357484375 0.5373676625 0.646601078125 0.4596523421875 0.6055784375 0.38368890312500004 0.43737917499999995 0.34030144375 0.43985473124999996 0.31432006874999996 0.307821196875 0.3484675171875 0.40942754062500003 0.603640128125 0.44795718593749995 0.5819239484375001 0.48953398437500006 0.577226209375
0 0.441614296875 0.9863037 0.4710593375 0.9854469359375001 0.6106538015625 0.9740866390624999 0.7093350015625 0.8924977546875 0.492109015625 0.7125088046875 0.43810459843749994 0.7141231578125 0.287627775 0.8370451390625 0.441614296875 0.9863037
0 0.29730249375 0.5126429781249999 0.32961728125 0.517153634375 0.36256009843750003 0.50428791875 0.21197424374999999 0.3358046578125 0.0503429484375 0.414494696875 0.16606671875 0.5915750421875 0.29730249375 0.5126429781249999
0 0.16790323437500002 0.7504257156249999 0.14745493125 0.76280963125 0.1234036109375 0.8137775218750001 0.1550793734375 0.8219066906249999 0.23912403124999998 0.7462807406249999 0.1618327734375 0.8350171 0.1759093703125 0.851632384375 0.2371948109375 0.8361828109375 0.2678170375 0.7957767328124999 0.24083992968749998 0.7706203484375 0.252807028125 0.7456494625000001 0.352075671875 0.62832739375 0.31825156718750003 0.6424146609375 0.2050582671875 0.751140321875 0.16790323437500002 0.7504257156249999