1 0.4772592015625 0.600935928125 0.47172460000000005 0.6138109171874999 0.47332423749999997 0.621572359375 0.48038007968749996 0.62944873125 0.49953572656249995 0.63567604375 0.5154038390625 0.6332103890624999 0.526306384375 0.6272802453125 0.526885284375 0.6171007765625001 0.51207684375 0.5998774015625 0.4936179515625 0.5951207203125 0.4772592015625 0.600935928125
1 0.136353565625 0.50583783125 0.12772768437499998 0.5086800328125001 0.12467586718749998 0.5232872656249999 0.13153545312499998 0.5325034609375 0.15098548437499998 0.5367210375 0.4019024015625 0.5611578359375 0.4076529890625 0.5592630359374999 0.40949768124999997 0.534214715625 0.40800603593749996 0.5319433703125 0.36048009375 0.526350415625 0.136353565625 0.50583783125
2 0.6668187875 0.0976975859375 0.714355125 0.17172050781249998 0.7218917375 0.170087321875 0.7452668671875 0.147508465625 0.7511939796875 0.131953834375 0.75570784375 0.10113793281250001 0.7639313515625 0.09481537031250001 0.77226285 0.09398290312499999 0.80754153125 0.071094803125 0.824174934375 0.050949853125 0.824959953125 0.045590565625 0.57134426875 0.0084413375 0.57455340625 0.030124226562500002 0.5961430375 0.069553715625 0.5972914984375 0.1053047328125 0.6015603078125 0.107298590625 0.60808605 0.093884496875 0.622560646875 0.088477584375 0.652324459375 0.0907844875 0.6668187875 0.0976975859375
2 0.8560311296875 0.3067484921875 0.8585237781249999 0.3146407390625 0.8701329484375 0.31634123125 0.8734988781249999 0.312044278125 0.8797499703125 0.312959928125 0.9760484437500001 0.359226946875 0.9979859796874999 0.351998596875 0.9992226578125001 0.139431478125 0.9679017515625 0.1657497015625 0.9473037874999999 0.1880510671875 0.8607017875 0.2499527484375 0.8450693890625001 0.27571860312499996 0.848082275 0.2987413109375 0.8560311296875 0.3067484921875
2 0.2024826875 0.1726978125 0.20900843125000002 0.15928371875 0.2084980609375 0.1503132640625 0.1362413515625 0.0021880390625 0.1359508953125 0.0007909390625 0.0662680265625 0.0003855359375 0.047853853125 0.126098065625 0.1130147328125 0.179436934375 0.1335638953125 0.18860550468749998 0.16243469375 0.1907816 0.18048134375 0.185897915625 0.2024826875 0.1726978125
0 0.4070501375 0.0589627953125 0.277651515625 0.0331658453125 0.259997378125 0.0353698859375 0.2381434875 0.07870010468750001 0.212894596875 0.1701172234375 0.20715387343749997 0.1781720296875 0.1828566625 0.2444100265625 0.17685115468749998 0.27295458125 0.3387808859375 0.2946209421875 0.35178357031249996 0.2992626921875 0.3581426546875 0.30566843593750004 0.36750475625 0.328936884375 0.404618790625 0.33711042812500003 0.40947636718749997 0.335084821875 0.4419477578125 0.23172423593749997 0.4577956109375 0.1546686078125 0.4733984109375 0.1104227390625 0.47732351250000005 0.083626303125 0.4719555671875 0.07668145625 0.423418753125 0.059307590624999997 0.4070501375 0.0589627953125
0 0.754266134375 1 0.8913940124999999 0.9558400593749999 0.937801090625 0.944162015625 0.9457494171875 0.8898992328125 0.9398612406250001 0.867823925 0.83971500625 0.7108234953125 0.8332577953125 0.7050876625 0.8310792593749999 0.7075056921875 0.8170854343749999 0.7034030453125 0.773838165625 0.70596395 0.7615421062500001 0.7089528328125 0.4048877984375 0.8147803781249999 0.3961637890625 0.818292490625 0.39131607968750004 0.8264781031249999 0.4126310609375 0.8802373375 0.4773448328125 1 0.754266134375 1
0 0.3490381125 0.567100046875 0.3356429171875 0.5651379390625 0.09446088124999999 0.5489699359375 0.08911266718750001 0.5543451 0.0869538640625 0.5690831390625 0.0581246375 0.8406269125 0.0801555796875 0.8459068249999999 0.3327505296875 0.865115140625 0.3403754046875 0.8566520375 0.3440845203125 0.8188754140625001 0.35673204687500004 0.6017569796875 0.354896690625 0.570695340625 0.3490381125 0.567100046875
2 0.0332732234375 0.2589866953125 0.028013273437500003 0.25753194218750003 0.0122147453125 0.3653875953125 0.036600748437500004 0.35458964375 0.053930909375 0.33591532343749997 0.06223281093750001 0.31660283906250003 0.063096228125 0.2982536296875 0.06010307499999999 0.28755093125000003 0.0510550875 0.27459276093749996 0.0332732234375 0.2589866953125
4 0.3125891265625 0.2928372671875 0.14589994687500002 0.272526603125 0.12983557968749998 0.27633208125 0.11636198906249999 0.28735989375000004 0.10904136093750001 0.2999732703125 0.10510639375 0.3206097 0.11228996093750002 0.346296178125 0.118452790625 0.3540417453125 0.1294731921875 0.3597617015625 0.1848597296875 0.3801917546875 0.3193417765625 0.4211032921875 0.335504271875 0.4166279046875 0.3520395453125 0.3971528625 0.3622157359375 0.37127207812499996 0.3667296 0.340456178125 0.361528315625 0.3136914921875 0.3498994171875 0.2996709890625 0.3125891265625 0.2928372671875
3 0 0.48057571875000005 0.025315709375000002 0.485467475 0.04941719375 0.4828392609375 0.0837047359375 0.4604902671875 0.1508769640625 0.4689609828125 0.24127739531249998 0.4869926859375 0.2735239890625 0.4910318328125 0.3011975265625 0.4889268484375 0.304259209375 0.4804796234375 0.27805758593749996 0.4725359421875 0.1647331984375 0.4490935203125 0.11262433281249999 0.431196428125 0.0965501 0.4288419 0.087610103125 0.42137382343749996 0.076756359375 0.3958340265625 0.06841499375 0.390506490625 0.040819853125 0.379621553125 0.011056040625000001 0.37731465000000003 0.0018320562499999997 0.44028627499999995 0.017611909375000002 0.444650534375 0.0463845796875 0.4474965421875 0.053136171875000006 0.45122264218749997 0.0565218359375 0.45924569843749996 0.0517722546875 0.4667614015625 0.0324400828125 0.47419392031249996 0.0205365296875 0.4745031609375 0 0.4702741890625 0 0.48057571875000005
0 0.9300052750000001 0.721992328125 0.9907291984375 0.582824809375 0.9968876734375 0.5407812390625 0.9978821890624999 0.3698387140625 0.8757069187500001 0.3137403828125 0.8488095984375 0.326419721875 0.8239455671875 0.31864802187499996 0.660108378125 0.6277234953125 0.709366896875 0.6413167 0.9300052750000001 0.721992328125
0 0.6568356484375 0.1009130390625 0.4407561109375 0.49754131562500004 0.6210068859375 0.5749048812499999 0.7637561453124999 0.26415010781250003 0.6504942953125 0.089472875 0.6174689109375 0.0839066046875 0.5920678406250001 0.12966992500000002 0.5777025328125001 0.1451538796875 0.49080579843749994 0.1874151671875 0.3112893859375 0.4670032453125 0.41245002656249996 0.487848275 0.4119980265625 0.48594940624999994 0.4331747484375 0.49347059531250004 0.6568356484375 0.1009130390625