2 0.0359002390625 0.584232221875 0.015248768749999999 0.5863830078125 0.0295360046875 0.662471871875 0.0608410859375 0.6536787984375 0.07860033749999999 0.6410004234375 0.08699806875 0.6223441046875 0.0842505875 0.6028366140625 0.074898771875 0.5920349921875 0.0646502578125 0.5862085968749999 0.0359002390625 0.584232221875
2 0.305512065625 0.17720406875 0.31828652343749997 0.1867320390625 0.33445450625 0.2094573828125 0.35191457656249997 0.2195624890625 0.372556340625 0.222235378125 0.3929571578125 0.2187497 0.4096846796875 0.21520278125 0.4341541828125 0.2041333359375 0.4375865296875 0.1980360078125 0.42745363750000004 0.197700734375 0.42176541093750003 0.1917840296875 0.41505515937500004 0.1901751015625 0.410012978125 0.177948278125 0.417369271875 0.1732470859375 0.43929342031249996 0.1681234140625 0.46312658281249997 0.158540409375 0.46504530468749994 0.14925740468749998 0.46178681250000003 0.13190380468750001 0.44713245468749996 0.11236414218749999 0.4190381859375 0.09925397500000001 0.4119616609375 0.0908190359375 0.3574508953125 0.0491571296875 0.3334350171875 0.023639518749999998 0.226995971875 0.0418256625 0.2178171671875 0.07094833125 0.21906072656250003 0.08244646718750001 0.22675417968749997 0.0990423125 0.23610599531249998 0.1098439328125 0.246354509375 0.115670328125 0.2562076328125 0.129141734375 0.2706307453125 0.13769915625 0.305512065625 0.17720406875
2 0.1108354578125 0.29588503125 0.2051072671875 0.2811554953125 0.20980258593749998 0.2769089578125 0.20450004531250002 0.268170915625 0.1871847109375 0.24908590625000002 0.1626287046875 0.24019320781250003 0.1545398609375 0.23124237499999997 0.13973105937500002 0.22550628593750002 0.125211734375 0.20181039531249997 0.1126976359375 0.18879364375000002 0.0778931171875 0.17407455 0.057627331250000004 0.1734039984375 0.036339521875 0.177041228125 0.0022384328125 0.1904451828125 0.0022163 0.1904683875 0.00382919375 0.32908004375 0.0122151921875 0.331334465625 0.0381789109375 0.3330980484375 0.0630146875 0.3288546140625 0.0967106796875 0.32791934375 0.1047421359375 0.3024370078125 0.1108354578125 0.29588503125
4 0.26426228749999997 0.5328148781250001 0.2366402078125 0.5368455203125 0.20018618593749998 0.5864721890625 0.1597693921875 0.6539974234375 0.156963678125 0.663431978125 0.162767525 0.6748398046874999 0.175667309375 0.685035221875 0.19655002187499998 0.693866678125 0.213518490625 0.6964783265625 0.234931628125 0.6935085421875 0.26550415781250003 0.67106344375 0.3426636046875 0.5993269484375 0.353461953125 0.58370475625 0.3484197703125 0.57147793125 0.3218585375 0.551906096875 0.293127928125 0.5402823734375 0.26426228749999997 0.5328148781250001
4 0.5415969171875 1 0.5413633140624999 0.9993586296875 0.5288492171875 0.9863418749999999 0.5096151609375 0.9765398734374999 0.48036383593750004 0.9718937125 0.46503431875 0.973135190625 0.4443731421875 0.9801096499999999 0.42991120625 0.9908469265625 0.42313052031250004 1 0.5415969171875 1
0 0.5252966140625001 0.61152046875 0.5085787984375 0.610243715625 0.4274848515625 0.7487829640625 0.42123708750000005 0.7691385203125 0.6712224109375 0.8621314124999999 0.709960584375 0.8734229656249999 0.72736326875 0.8490949062500001 0.7986711843750001 0.7266937421875 0.8088428999999999 0.70773431875 0.806577315625 0.7005439640625 0.5751702937500001 0.62848686875 0.5570738859375 0.6198682046874999 0.5252966140625001 0.61152046875
0 1 0.43379952343749995 0.9775979937500001 0.31449422031249996 0.972787053125 0.31324963906250003 0.8059169296875 0.33625014375 0.79501266875 0.341557540625 0.7679783984374999 0.368220109375 0.7636396484375 0.3841163359375 0.764284846875 0.44118143125 0.77452111875 0.6419571453125 0.7775386640625 0.6531521796875001 0.7817132671875 0.6558832046874999 0.8441592765625 0.6569243078125 1 0.651313365625 1 0.43379952343749995
1 0.391562096875 0.72323318125 0.38875638437500004 0.7326677375 0.395331603125 0.7384328921875001 0.413698075 0.7387390984375 0.42144005625 0.731216571875 0.511924640625 0.5841842453125 0.5142290468749999 0.572079903125 0.48992369375000006 0.5645220984375 0.48434138281249994 0.5689201890625 0.391562096875 0.72323318125
1 0.5438377875 0.5250005375 0.543943703125 0.5353153328125 0.5498825828125 0.5425669296875 0.5633030859375 0.545784784375 0.61183699375 0.536114575 0.6179206109375001 0.53438626875 0.6236379546874999 0.5258319515625 0.621382075 0.5138179203125001 0.5988409984375 0.5107806874999999 0.5565257406249999 0.5145663640625 0.5438377875 0.5250005375
1 0.27257899375 0.8062488109375 0.26700638906249996 0.8058232265624999 0.242035578125 0.8142228890625001 0.2447927640625 0.8289067031249999 0.3101195984375 0.972049496875 0.3203487 0.9875232421875 0.3369508953125 0.9833088765625 0.34557986875 0.9756347984374999 0.338908440625 0.9547311734375 0.2817957765625 0.8212066609375 0.275220559375 0.81544150625 0.27257899375 0.8062488109375
1 0.180284984375 0.7193780796875 0.14837268125 0.7151865749999999 0.12556154218749999 0.720461796875 0.0829471046875 0.747030953125 0.048335003125 0.7625888 0.06750997812500001 0.8647080656250001 0.1425574390625 0.8353528499999999 0.177786465625 0.8279559109375001 0.2001060046875 0.8151872265625 0.210894646875 0.804388709375 0.2186560390625 0.7872188328124999 0.220584465625 0.773112153125 0.2154363671875 0.750570534375 0.2088708546875 0.73998170625 0.1914204890625 0.725052925 0.180284984375 0.7193780796875
0 0.052803728125000005 0.398796340625 0.0053691609375 0.46142461093750003 0.0062665609375 0.5385468859375 0.00800915 0.5478273125 0.16827526406249999 0.644297775 0.23949076093750002 0.533456309375 0.2657059484375 0.5294752359375 0.29108515625 0.5067133390625 0.052803728125000005 0.398796340625
0 0.315554703125 0.26747227812499996 0.1088768265625 0.2974913171875 0.08711861875 0.32615940625 0.090992478125 0.3287011328125 0.104437240625 0.3126993765625 0.11774211875 0.3104261109375 0.43302861718749996 0.527586725 0.4235740984375 0.540511475 0.42884994687500005 0.5336145546875 0.5885143078125 0.4476132125 0.315554703125 0.26747227812499996
0 0.4369085359375 0.199299853125 0.45591627968750004 0.2062689953125 0.45436024531249997 0.20816584218749998 0.752657859375 0.3597099375 0.7718942765625 0.34070136875 0.8612786625 0.272587459375 0.8558483906250001 0.27024338281250004 0.9467317828124999 0.16415741875 0.942591253125 0.128060484375 0.9240103312500001 0.0590055453125 0.8345112531250001 0.041906471875000004 0.8880360296875001 0.0238205375 0.8433329140625 0.0049063671875 0.591000865625 0.0034383421875 0.57044218125 0.024328004687499998 0.535969271875 0.1121682015625 0.528960540625 0.1393529359375 0.426843284375 0.18060782343749998 0.41255278124999994 0.1869264015625 0.4369085359375 0.199299853125
0 0.3988074234375 0.299820153125 0.6992142234375 0.43574264218750003 0.7030879156250001 0.4180473578125 0.703185375 0.4179577296875 0.3959667515625 0.2793489125 0.39515039218750003 0.2803440734375 0.3988074234375 0.299820153125
3 0.2534128828125 0.7405810953125 0.2268856671875 0.7728497640625 0.2509890359375 0.8036111796875 0.3280907625 0.7302168171875 0.27397338125 0.8083216890625 0.30990985625 0.8208834390625 0.3427252765625 0.7876347421875 0.3301270921875 0.761196840625 0.3383706015625 0.7389207390625 0.3504696 0.7198944765624999 0.4173702265625 0.6200694078125 0.3079678234375 0.7332175921874999 0.281548965625 0.7386394265625 0.2534128828125 0.7405810953125