0 0.80944948125 0.0452371140625 0.5118668468750001 0.1507827421875 0.5075110015625001 0.1571082828125 0.512649559375 0.1802300140625 0.53425091875 0.268390446875 0.5427359703125 0.2846883046875 0.562634196875 0.2830090703125 0.6088429734374999 0.26949689062500004 0.8582440312499999 0.186781825 0.862235534375 0.1784601 0.8497804953125 0.13537940937499998 0.8189816578125001 0.05720848125 0.8144962375 0.0477287625 0.80944948125 0.0452371140625
0 0.7625636609375 0.22612026406250002 0.7323830578125 0.246940321875 0.6955094671875 0.2814081203125 0.6827981453125 0.287241059375 0.6219215046875 0.3461842859375 0.620995828125 0.35117617343749996 0.6141354921875 0.353843478125 0.6088917421875 0.3603360828125 0.6183024703125 0.37164205625 0.651368165625 0.386756146875 0.6774520734375 0.4038721484375 0.710639215625 0.4196516328125 0.8203400500000001 0.482288425 0.878639521875 0.5098607578125 0.8899393796874999 0.5063581312500001 0.9274202062500001 0.4752173046875 0.930888146875 0.4690588296875 0.9494882265625 0.4552354328125 0.9965686500000001 0.4112764609375 0.9786403531250001 0.3231131671875 0.802854034375 0.240563234375 0.7788725000000001 0.2299341109375 0.7625636609375 0.22612026406250002
0 0.35636795781249997 0.3404019296875 0.3111929203125 0.3998320328125 0.2517736453125 0.46675998906249994 0.253633128125 0.471916078125 0.271922896875 0.4815514078125 0.30211975625 0.491011078125 0.3992144609375 0.5298664750000001 0.49812274375000004 0.5635629171875001 0.5047401875 0.559564825 0.5062272 0.5475848671875 0.5134437484375 0.5317738796875 0.5313151453125 0.51395811875 0.5573827984374999 0.5007943906250001 0.5880950921875 0.49295095 0.6349622640625 0.42769650156249994 0.6425431546875 0.41388169843749995 0.64092656875 0.41005639687500006 0.3920055609375 0.33438474687499997 0.3681077015625 0.3292458390625 0.35636795781249997 0.3404019296875
0 0.201908065625 0.510554759375 0.1836642 0.5112344734375001 0.168532059375 0.51889939375 0.1618768453125 0.527722309375 0.1243448578125 0.6139323796875 0.1232221859375 0.62790851875 0.12459587968750001 0.63040303125 0.130689759375 0.6285681875 0.13331569999999998 0.6328918171875 0.1734009484375 0.641179171875 0.3050780015625 0.6632040124999999 0.3205367109375 0.6623600984375 0.321910403125 0.6648546109375 0.3403971640625 0.665505684375 0.345549109375 0.6383829984375 0.3391286609375 0.6333968375000001 0.3504203890625 0.6147543468750001 0.3581145984375 0.586465071875 0.36436769999999996 0.580470796875 0.367387625 0.5668259203125 0.381874753125 0.560658853125 0.39099668906249996 0.5603189953125 0.3939410671875 0.5563237671875 0.4047173609375 0.5549843875 0.4080638546875 0.5481605187499999 0.40745661875000005 0.544833546875 0.40390500156250003 0.5455018046875 0.40357843437499996 0.5386808000000001 0.3861387984375 0.53370323125 0.3371745078125 0.5270865171875 0.201908065625 0.510554759375
0 0.6003832609375 0.7514837859375 0.6168135484375 0.7559630265624999 0.8952457640624999 0.766892878125 0.9161533421874999 0.765711971875 0.9252776671875 0.619463684375 0.92384994375 0.5915142640625 0.7236072984375 0.59133764375 0.61846216875 0.5939152062499999 0.6003832609375 0.7514837859375
4 0.383005553125 0.5618225765625 0.371705696875 0.5653252046875 0.3441079984375 0.6606779984375 0.33976028281250004 0.6821434046875 0.3431149046875 0.6904593984375 0.366974990625 0.700423128125 0.3913964109375 0.7033987859375 0.41928577499999997 0.7002159703124999 0.42336095 0.697384465625 0.44836522343749996 0.6582675015625 0.47909090625 0.6001796421875001 0.48695246562500005 0.582870803125 0.48408363125 0.577216384375 0.4550175703125 0.5689204359375 0.40036151562500005 0.561309928125 0.383005553125 0.5618225765625
4 0.6050111671875 0.500091765625 0.5734865140625 0.4984526234375 0.5482230921875 0.5059590703125 0.52594995 0.519785328125 0.5098165875 0.5420917859375 0.508094809375 0.5678808203125 0.5165798609375 0.5841786812499999 0.5328131546875 0.5976421734375 0.5467011765625001 0.6032879999999999 0.5665616296875 0.6064335890625 0.5935630875 0.6034178359375 0.62265879375 0.591749096875 0.6374643640625 0.5772631703125 0.6491582078125 0.5557920359375 0.6465619140625 0.5315037203124999 0.6374318515625 0.516703709375 0.614861784375 0.5037442750000001 0.6050111671875 0.500091765625
2 0.338632353125 0.7615038281250001 0.30804150625000004 0.7700126609375 0.28193608124999997 0.7880012140625 0.1887224296875 0.8358227156250001 0.1733932984375 0.8524718874999999 0.1673075453125 0.8694466000000001 0.17466992812499998 0.8997206015625 0.1838377625 0.9096957859374999 0.195062071875 0.9158428078125 0.21213736875000003 0.9188241937500001 0.22912898906249998 0.9163153625 0.312985940625 0.8826427953125 0.37343895 0.8616327609375001 0.3883281953125 0.852637053125 0.4011528359375 0.8323296453125 0.40485554218750003 0.81236209375 0.399436315625 0.792734396875 0.3828764546875 0.772449896875 0.35699766718750003 0.7614895109375001 0.338632353125 0.7615038281250001
2 0.18015609375 0.6681262046875001 0.10293810156250001 0.6626961265625 0.08105894531249999 0.6585538796875 0.0525245734375 0.66323455 0.0354951796875 0.6705682046875 0.028232726562499998 0.67606415 0.048392975 0.78651958125 0.0615523125 0.788173040625 0.076768128125 0.7859983390624999 0.1163135578125 0.7661692140625 0.225798275 0.7269863812499999 0.239192378125 0.7148307671875 0.24318388125 0.7065090453125 0.24475456874999998 0.7000193046875001 0.23945678906249998 0.6810570031250001 0.232550553125 0.6734092656249999 0.21967188124999998 0.6682617671875 0.18015609375 0.6681262046875001
2 0.168790734375 0.32407733125 0.1486118390625 0.3292506046875 0.1510948125 0.3680133921875 0.139814084375 0.4823198984375 0.14369226875000002 0.4884726453125 0.19471303125 0.49126119375000005 0.22587334218750002 0.4909041546875 0.2308364234375 0.487905584375 0.2752421375 0.34878379375 0.2814952375 0.34278951874999997 0.27850495625 0.33646970625 0.2467751828125 0.32867495 0.203745553125 0.3243828234375 0.168790734375 0.32407733125
2 0.428039646875 0 0.42209914218750005 0.0011177421875 0.4114146515625 0.023087203125 0.40839472656250003 0.0367320796875 0.41179525000000006 0.055363115625 0.417168575 0.064675771875 0.42936446406249995 0.07614594375 0.4474113375 0.084450484375 0.47996159531249993 0.11686768750000001 0.5020081015625 0.1319903703125 0.5088387937500001 0.1492877546875 0.577161490625 0.126108746875 0.5872846468749999 0.11112735468749999 0.5869499499999999 0.0891664828125 0.575458359375 0.0362690796875 0.5735907499999999 0.015973124999999998 0.577022790625 0 0.428039646875 0
2 0.215886934375 0.083965509375 0.21318544843749998 0.0892915265625 0.201764146875 0.09212875781249999 0.194820134375 0.08930584531249999 0.19022139531249999 0.094300596875 0.195230378125 0.10161706875000001 0.19305245625 0.10477983906249999 0.182967071875 0.1149364078125 0.1700884015625 0.10978890937500001 0.1610501421875 0.1156189859375 0.1542734796875 0.12377650625 0.154964390625 0.1325936953125 0.1615899625 0.14373546718750002 0.16942187656250002 0.1463913171875 0.18258934375 0.16318464375 0.26206367343750003 0.236326453125 0.2698955875 0.23898230312500002 0.2931025359375 0.23530401875 0.3106554921875 0.22580711718750002 0.326591859375 0.212484915625 0.330704809375 0.2048285859375 0.330658909375 0.1945135453125 0.273867965625 0.11985670156249999 0.255159825 0.082770284375 0.2346543625 0.08112255 0.2252517609375 0.08495644218750001 0.215886934375 0.083965509375
1 0.7250861796875 0.5642178203125 0.714515009375 0.5717128109375 0.7147201296875 0.5778684234375 0.7215885953125001 0.5903409859375001 0.73058908125 0.589335734375 0.94939929375 0.5151294984375 0.951577215625 0.5119667296875 0.9491104984375 0.5034836687500001 0.942204259375 0.4958359328125 0.9271098921875 0.49867602812499995 0.7250861796875 0.5642178203125
1 0.6415907015625 0.519362421875 0.8221321140625 0.5122340265624999 0.8263287406250001 0.510067915625 0.8285444359374999 0.5020803218750001 0.8271248390625001 0.48927076875 0.613647309375 0.4970903328125 0.6060205171875 0.500590096875 0.6415907015625 0.519362421875
1 0.40588545312499996 0.32489070937500003 0.41238957656249997 0.33536708593750003 0.5923992984375 0.315262071875 0.598614625 0.31409262187500003 0.603858375 0.307600015625 0.600541525 0.29445919531250003 0.41383068749999996 0.3130720859375 0.40785825625000005 0.3155723265625 0.40588545312499996 0.32489070937500003
1 0.4619324140625 0.81814061875 0.46435323124999994 0.8163086375 0.456604990625 0.8191430078125 0.43622910312499996 0.8333005296874999 0.4369577859375 0.8372928953125 0.559540159375 0.985601334375 0.5739058421875 0.9787688734375 0.5814489609375 0.9697788921875 0.56993585625 0.9519860421875 0.47574488906249995 0.8334360921874999 0.46391334375 0.8239620999999999 0.4619324140625 0.81814061875
3 0.4168301921875 0.7847258187499999 0.42070711562499996 0.8119095125 0.4458842953125 0.8158558640625 0.49182143125 0.735215871875 0.4932409421875 0.74937853125 0.46036928593750004 0.8233735796874999 0.4844008015625 0.8322940203125 0.52384544375 0.8114095078125001 0.5219942640624999 0.77728568125 0.4992881984375 0.7622678281249999 0.50316426875 0.7432098640625 0.5488607453125 0.61879320625 0.46523349375 0.7497356078124999 0.4381541484375 0.755711015625 0.4168301921875 0.7847258187499999