1 0.5515895671875 0.6842308703125 0.5353449046875001 0.68451439375 0.5264146265625 0.6927952453125 0.5265406703125 0.703626365625 0.5365624953125 0.711576440625 0.5474080265625 0.7127413140625001 0.5590772625 0.7071209890625 0.5625611421875 0.6962268640625 0.5515895671875 0.6842308703125
1 0.78134856875 0.5705334625 0.78392996875 0.559655090625 0.776607709375 0.550980815625 0.7684775015625 0.5504456328125 0.58599068125 0.61524513125 0.583306871875 0.61732321875 0.5861009703125 0.6247223609375 0.594349346875 0.63541171875 0.621352884375 0.628846675 0.78134856875 0.5705334625
1 0.8629903578125001 0.4499420359375 0.8559359421874999 0.46428388906249995 0.8586827734375 0.4676213609375 0.88316005625 0.4766733046875 0.996332590625 0.5058438640625 0.9960489921875 0.481473846875 0.871081178125 0.44709249531250006 0.8629903578125001 0.4499420359375
0 0 0.7565110374999999 0.00116958125 0.85701438125 0.006592346875 0.8575968187499999 0.0102968046875 0.865657153125 0.01483284375 0.86760923125 0.0305058921875 0.8957731484375 0.0316762171875 0.918773525 0.029055429687500002 0.9262671734374999 0.034848449999999996 0.9586660234375 0.039376609374999996 0.9599411578125 0.043081070312500004 0.9680014921875 0.052192537500000004 0.9752903734375 0.0621040765625 0.9737632203125001 0.0872396296875 0.9618141203125001 0.2953705921875 0.8512025234375 0.3348828234375 0.8335858437500001 0.4290367671875 0.7798071984375 0.4415533375 0.76943250625 0.292187975 0.5777167624999999 0.265740296875 0.554480475 0.25943868281250004 0.555944625 0.253976528125 0.5519774625 0.24585419687500001 0.5521192234375001 0.22431281250000001 0.562651428125 0.2152880015625 0.562808940625 0.2062001671875 0.55755089375 0.186471625 0.5687285421875 0.17559458125 0.5648558859375 0.1602996671875 0.569185328125 0.1441968046875 0.581653859375 0.091604265625 0.638769615625 0.0636509796875 0.6412887390625001 0.036639564062500005 0.6471768375 0.029459103125000004 0.650687571875 0.026806803125 0.655473440625 0.0187002265625 0.6569690921875 0.007807431250000001 0.6517425484375 0.009541493750000001 0.645618540625 0.003287146875 0.651144359375 0.004260528125 0.6572211125 0 0.6578289890625 0 0.7565110374999999
2 0 0.5510317859375 0.0666464375 0.588424028125 0.0829304890625 0.5915252296875 0.10548464375 0.5904545031249999 0.1387740375 0.5810714234375001 0.16115488125 0.56510790625 0.166475234375 0.5568900609375 0.168741525 0.5189338890624999 0.15955915625 0.505552503125 0.14681413125 0.49629579062499996 0.13144831562499998 0.494532728125 0.11963728124999999 0.48796804375 0.09068698281250001 0.4823795796875 0.0244986171875 0.4571285703125 0.0000686 0.45213829375000003 0 0.45213949062500003 0 0.5510317859375
2 0.28536392187500004 0.3015862265625 0.2680119546875 0.28428493125 0.23538082968750002 0.27266696874999996 0.1794112359375 0.27228965625 0.1416645796875 0.28649010937499997 0.119331003125 0.3065152953125 0.10876119375 0.3290434921875 0.109923640625 0.351366925 0.12369719374999999 0.3714390046875 0.138255059375 0.381341159375 0.1853652734375 0.3960918265625 0.200857134375 0.40868600937500005 0.22442405625 0.4170767609375 0.2433682859375 0.4160690390625 0.2547381625 0.3847248046875 0.25919542500000003 0.379907434375 0.28433885625 0.368635278125 0.288764609375 0.361110128125 0.287657303125 0.3435253109375 0.2919018671875 0.3204304265625 0.28536392187500004 0.3015862265625
2 0.335789121875 0.2133625046875 0.3276037671875 0.20808870625 0.23265416718749998 0.19349591093750002 0.1504023296875 0.18409815624999998 0.12503044375 0.17573890781249998 0.11693174531249999 0.1779115046875 0.11157987968750001 0.183421571875 0.10375690468750001 0.2092872421875 0.10412715937499999 0.2411036546875 0.11169363125000001 0.270763221875 0.11539021249999999 0.2781466125 0.1281037265625 0.28469554218750004 0.1371442953125 0.2858919203125 0.17669591406250001 0.271659965625 0.19291694375 0.2693456078125 0.2389828765625 0.2719270171875 0.265265121875 0.2809474609375 0.332048734375 0.2797818671875 0.33652963125 0.27699533125000003 0.3398638328125 0.2532392515625 0.33866199531249996 0.2275310953125 0.335789121875 0.2133625046875
2 0.7017396 0.1677046828125 0.681790478125 0.1599278703125 0.6411394328125 0.157251953125 0.6195113937500001 0.1603377640625 0.592563 0.17164142031250001 0.5755970453125 0.18751042812500002 0.5703239578125 0.1997899453125 0.57053665625 0.218067459375 0.578879565625 0.23688015624999997 0.5879472296875 0.3179717890625 0.596156215625 0.32527642343749996 0.6133742609375 0.3310696515625 0.642253659375 0.33056561093750003 0.6557278546875 0.3249137828125 0.665552740625 0.315940234375 0.7134674390625 0.2446873921875 0.722389840625 0.23572959531249998 0.732049290625 0.21254020312500002 0.72915278125 0.19634077656249999 0.719962534375 0.18228244531249999 0.7017396 0.1677046828125
2 0.8689778140625 0.266348190625 0.85458538125 0.27066188125 0.8357514421875001 0.28114683125 0.7938153671875 0.323180784375 0.7544843234374999 0.3563671984375 0.74651166875 0.3693709125 0.7476898734375 0.3930482359375 0.760497921875 0.40772050625 0.778705103125 0.4209443796875 0.8104101125 0.4305472609375 0.8284518593750001 0.42955529062500003 0.854552915625 0.4230059984375 0.8733317109375 0.4077824328125 0.8954368328125 0.36812584375 0.9372468640625 0.31526077343750003 0.9389257828125 0.3043981515625 0.93424794375 0.29026106406249996 0.9132860515625 0.273022775 0.8987833296875 0.2678592359375 0.8689778140625 0.266348190625
4 0.5621130640625001 0.5025891062500001 0.5921312765625 0.5223776625000001 0.6038871671875 0.5242037296875 0.6934971937500001 0.4677960625 0.7203037859375 0.4443073953125 0.7228851859375001 0.43342902343749995 0.7063411703125 0.40798863750000003 0.689060103125 0.396779846875 0.6709789671874999 0.39438709375 0.54517515625 0.4433014734375 0.53533451875 0.45092113125 0.5382546625 0.469151390625 0.5621130640625001 0.5025891062500001
0 0.5730496656249999 0.43401290000000003 0.652058371875 0.39742565 0.6419498875 0.38202918124999996 0.50764656875 0.24354006562500002 0.394493253125 0.29358781875 0.3828555296875 0.3019159234375 0.37401190624999997 0.317643171875 0.3731960796875 0.325105315625 0.3950840859375 0.3443586890625 0.3951471078125 0.3497742484375 0.40422706406250003 0.35435535156250003 0.408873390625 0.365784659375 0.45917159375 0.421781715625 0.46827518437500004 0.428393653125 0.49761149531250004 0.46715241875 0.5076096890625 0.47307165937500006 0.5175369828124999 0.4728983953125 0.53371074375 0.4665223671875 0.5361976109375 0.4475206546875 0.5523319843750001 0.437759903125 0.5730496656249999 0.43401290000000003
0 0.45975158125000004 1 0.714081553125 0.9955611046874999 0.7185545703125 0.9920976234375001 0.7208917593749999 0.9602339578124999 0.7172547390624999 0.88040170625 0.7117138062499999 0.8696650953124999 0.7057947421875 0.8264351265625001 0.6930891046875 0.8205631390624999 0.47545719999999997 0.8128511312500001 0.375273903125 0.8139225765625 0.33135167499999996 0.840418296875 0.3218812921875 0.87985436875 0.3161074890625 0.9266738296874999 0.3152155296875 1 0.45975158125000004 1
0 0.6394182640625 0.629885540625 0.637739346875 0.6407481625 0.6405176906250001 0.6467934125 0.7501108578125 0.833786653125 0.7601720703125 0.8451214531250001 0.78808596875 0.8392176046875001 0.8222227 0.8250801578125 0.8420378984375001 0.8213489046875001 0.93554145 0.7892482484375 0.95528575 0.77942449375 0.9552227296875 0.7740089328125 0.9451063671875 0.7579355171875 0.8193000484375 0.5739335796875 0.7841978140625 0.58267121875 0.6394182640625 0.629885540625
3 0.8704622984375 0.4714782640625 0.8532678875 0.46771586875000004 0.8459850140625 0.46242631718749994 0.8476796890625 0.4529175875 0.8412599078125 0.4442275609375 0.8340006703125 0.440968846875 0.8168298937499999 0.43923728593750005 0.7979014203125 0.441598896875 0.7755126999999999 0.45688546875 0.7719973062500001 0.4650718125 0.7758041765625 0.48193243125 0.7704601906249999 0.48811944374999994 0.7596855578125 0.4930470734375 0.7480714671875 0.5034060140625 0.6502682125 0.5538629390625001 0.646729184375 0.5600184484375 0.6548909046875 0.5632614125 0.6846018875000001 0.556649115625 0.7429638125 0.529901375 0.752875353125 0.5283742203124999 0.7627081125 0.5200776171875 0.7762217 0.5178105140625 0.7995838 0.508600696875 0.82497931875 0.5189907796875 0.8502251609375 0.5165189109375 0.873524240625 0.5018935328125 0.8769766109375 0.488291628125 0.8750456046874999 0.47749201093750004 0.8704622984375 0.4714782640625
0 0.31615415625 0.38771538906249997 0.3043825109375 0.3845354296875 0.2871093234375 0.374003584375 0.2664073984375 0.37910447812500003 0.2610319015625 0.3825837109375 0.253067125 0.39626437187499997 0.23129286875 0.4643526484375 0.232518340625 0.492091640625 0.243513546875 0.50611846875 0.24816775156249998 0.518224721875 0.4386927546875 0.6787533859375 0.4495304078125 0.679241315625 0.46117600937500003 0.671590153125 0.5390065125 0.6113255828125 0.6124585312499999 0.56264783125 0.6204784531249999 0.5537057859375001 0.612253709375 0.5450472625 0.47942794843750003 0.4559593796875 0.40197653125 0.3936654125 0.3910837328125 0.3884388671875 0.31615415625 0.38771538906249997