2 0.8740203109375001 0.23883654999999998 0.853831178125 0.24593641718749998 0.8361587593750001 0.2571452078125 0.8227754031250001 0.2731713671875 0.81580010625 0.287276953125 0.809064965625 0.3156141328125 0.781636475 0.3618823 0.783585953125 0.3781762328125 0.795614240625 0.3912587046875 0.819588228125 0.39980732812499997 0.8349210578124999 0.4000751 0.8550156531249999 0.39500606718750003 0.904047028125 0.36944003125 0.9590767890624999 0.3507537046875 0.9796125671875 0.33620744375 0.9905843671874999 0.3235943140625 0.99188111875 0.2790278578125 0.9863085859374999 0.2699298421875 0.9610664625 0.249841653125 0.9451783453125 0.24211173593750002 0.926395353125 0.238396234375 0.8903811265625 0.23641229375 0.8740203109375001 0.23883654999999998
2 0 0.2164429578125 0.1068071265625 0.29589750000000004 0.12089138125000001 0.3035959140625 0.1407653828125 0.3032654984375 0.1564448609375 0.29608687499999997 0.18071441562499999 0.2788958390625 0.1875951734375 0.26682109062500003 0.1871029140625 0.2580050546875 0.0709515390625 0.1353824296875 0.04803705 0.12346483281250001 0.0353469859375 0.12459820625 0.0304591703125 0.1326427890625 0.002089628125 0.140954784375 0 0.185842728125 0 0.2164429578125
2 0.3343622125 0.21653958593749997 0.3260948734375 0.2583999140625 0.32420408125 0.2990166109375 0.3256297875 0.307171453125 0.3308207828125 0.3120045765625 0.35539351875 0.3076912453125 0.4328020453125 0.31243057812499997 0.4524869671875 0.31616183124999997 0.5354016203125 0.3189648390625 0.5454489171875 0.3164303234375 0.5492772359375 0.31175471250000003 0.5621292078125 0.248972096875 0.5542324187500001 0.2440917203125 0.3477455671875 0.20051342499999997 0.342239440625 0.20244975312500002 0.3343622125 0.21653958593749997
0 0 0.719316421875 0.015417615625 0.727220975 0.0387732890625 0.7296613421875 0.067280834375 0.6989944125 0.07422461875 0.6855657734375 0.1008652765625 0.65622123125 0.104504515625 0.655607290625 0.10758846562499999 0.6475312046874999 0.1412044203125 0.6040810765625 0.20815270937500002 0.5232733281249999 0.20955885312500003 0.512457959375 0.1858054578125 0.49917072031250004 0.0422451578125 0.4417864734375 0.032197859375 0.4443209890625 0 0.48133550156249993 0 0.719316421875
2 0 0.47960404843750004 0.019937028125 0.45562428749999995 0.0187949421875 0.441376940625 0 0.4203614953125 0 0.47960404843750004
1 0.24333564062500002 0.562504990625 0.29551072500000003 0.4306270953125 0.2978187984375 0.41982747812500004 0.2918204109375 0.412947771875 0.2747782578125 0.41061766093749996 0.27007952031250004 0.41460057499999997 0.216655859375 0.5539091140625 0.21537577031250002 0.5620167015625 0.2179870234375 0.564094790625 0.2377034609375 0.5671490984374999 0.24333564062500002 0.562504990625
1 0.457233559375 0.795911396875 0.46218439843750003 0.7865129234375 0.4960883140625 0.678705771875 0.49190574218750005 0.6522104109375 0.49667945468749997 0.6272264515625 0.48041317812499995 0.6276198749999999 0.46804585468750004 0.6606011625 0.4313926828125 0.7886851593750001 0.43378334374999994 0.7955018640625 0.4499235671875 0.797816221875 0.457233559375 0.795911396875
1 0.42259723125 0.8806709171874999 0.43581106875 0.8876766359375001 0.44218761406249996 0.8864330046875001 0.56548921875 0.7585072390625001 0.5742053484375 0.7457870468750001 0.5699478 0.7402927312500001 0.5504834703125 0.7318228640625 0.5458162468750001 0.7351288312500001 0.455563359375 0.831789478125 0.45045495156250004 0.8445726765625 0.42319598125 0.8678089640625 0.420301109375 0.8718233796874999 0.42259723125 0.8806709171874999
0 0.3000757984375 0.390734596875 0.3037976234375 0.40773697656249996 0.3602987484375 0.62890968125 0.3765335125 0.629193203125 0.5084795390625 0.6064301750000001 0.5496336859375 0.594953971875 0.59134311875 0.5909399171875 0.5753332875 0.5276532578124999 0.5197101921875 0.345790615625 0.5138378578125 0.33620312812500003 0.304187734375 0.3799664828125 0.3005169828125 0.38125736875 0.3000757984375 0.390734596875
0 0.7506209 0.271911265625 0.74321636875 0.2758469265625 0.736158484375 0.27233619062500003 0.6151736359375 0.2729333015625 0.601550128125 0.27472786562499996 0.584035275 0.2825519328125 0.5788638421875001 0.2966890203125 0.5718407390625 0.3893832234375 0.5672202484375 0.469246978125 0.568362334375 0.483494325 0.5710051015625 0.4848954671875 0.6007058078124999 0.48676915000000004 0.6084254703124999 0.476064040625 0.6266531750000001 0.472317396875 0.6841561875 0.4780640921875 0.7544438015625 0.48064658125 0.759364203125 0.31677865 0.758474221875 0.29711574375 0.752601890625 0.2875282546875 0.7582025578125 0.2835610921875 0.755067528125 0.27334391406249997 0.7506209 0.271911265625
4 0.60126109375 0.4942312953125 0.6008275203125 0.542325890625 0.6070660593749999 0.56343719375 0.6131589875000001 0.5682860671875 0.7618005250000001 0.555299540625 0.7782243671875 0.5515213937500001 0.7887443625 0.5388327046875 0.79198588125 0.52737189375 0.7903515343749999 0.5043085125 0.7837663484374999 0.490643603125 0.7741287234375 0.48437783437500004 0.7544122890625 0.4813235265625 0.616637390625 0.47417496718749996 0.6064640421874999 0.4794172625 0.60126109375 0.4942312953125
4 0.5285426203125 0.6020380875 0.5080698671875 0.615230459375 0.4944974328125 0.635318290625 0.49326841874999994 0.6617191421874999 0.500629484375 0.6781075828125 0.5188452359375 0.69400809375 0.5391799859375 0.70317065625 0.5688176656249999 0.7063982281250001 0.5897196499999999 0.703375784375 0.61656895 0.68893978125 0.6329417187499999 0.6668683703125 0.6364668531250001 0.6493150546875001 0.62593925 0.6233863796875 0.6033398937500001 0.6046993328125 0.582910603125 0.597567603125 0.5676723124999999 0.5952689984374999 0.5285426203125 0.6020380875
2 0.8708440140624999 0.5009717593749999 0.8692487921875 0.5158487968750001 0.8722262531249999 0.5294507015625001 0.8805837890625 0.543824059375 0.8979606375 0.558354928125 0.9209696671875 0.5682416890625 0.939784171875 0.571280246875 0.9641993421875 0.570351640625 0.98158814375 0.56523535625 0.9866932828125 0.4555702734375 0.97406624375 0.45534975624999996 0.9557439984375 0.461127234375 0.9103007890624999 0.467786065625 0.882518046875 0.48288326093749995 0.8708440140624999 0.5009717593749999
1 0.9245415375 0.6272461593750001 0.97660905625 0.6721926578125 0.9783107703124999 0.6356376296875 0.9393310343750001 0.6004046296875 0.916215515625 0.6121958578125 0.9133836687500001 0.614856384375 0.9245415375 0.6272461593750001
0 0.33640735 0.637977378125 0.31375691875 0.6009970640625 0.30318584843749996 0.595392490625 0.29329611718750004 0.5945422828125 0.2954151109375 0.587804334375 0.2756041359375 0.5867808609375 0.277931771875 0.5949514546875 0.2711455546875 0.6049953703125001 0.24000719375 0.6146140015625 0.21689167031249998 0.626405228125 0.2040755546875 0.63024638125 0.1959896859375 0.629427675 0.18559574375000001 0.639408584375 0.11955372812500001 0.6619675671875 0.1102192828125 0.6685795046874999 0.1079427234375 0.678702175 0.11353143750000001 0.69438216875 0.2112932 0.8824006796875 0.2365233734375 0.9221360265625 0.24467226874999998 0.9216008421874999 0.323593428125 0.8938468187499999 0.40824130625 0.8594178515625 0.43661084843750003 0.85110585625 0.4405337046875 0.8443994125 0.44700479218750006 0.8411249468750001 0.444803209375 0.830246575 0.42373604687500005 0.7980363796875001 0.4231807609375 0.7905742328125 0.33640735 0.637977378125
0 0.536795859375 0.8901177234375 0.5420813953125 0.8929200109375 0.7325855890625 0.9307992234375 0.7461145578124999 0.9310354937499999 0.7520303578124999 0.9202988796874999 0.7999956984375001 0.7043380499999999 0.7911339515625 0.7007958125 0.6317246546875 0.6736220671875001 0.6201136484374999 0.6903566750000001 0.60427660625 0.7009200250000001 0.5942923343750001 0.70210065 0.5886601546875 0.70674475625 0.5393560390625 0.873902546875 0.536795859375 0.8901177234375
3 0.8573487015625 0.5688290984375 0.8467522687500001 0.5747792046875 0.8289050171874999 0.598046625 0.8267293812500001 0.5981980734375 0.8258286765625 0.5999747796875 0.81270186875 0.5991745500000001 0.8040227718749999 0.5997787140625 0.8050595640625 0.6090460281250001 0.9035859515625001 0.6068717234375 0.92052695625 0.59173220625 0.9086695984375 0.5795734359375 0.9014383562500001 0.57197234375 0.8776958484374999 0.56711875625 0.8573487015625 0.5688290984375
3 0.793802246875 0.615031534375 0.7989132437500001 0.6067882765625 0.8041428875 0.5986527828125 0.81270186875 0.5991745500000001 0.8267293812500001 0.5981980734375 0.8353581531250001 0.5811772265624999 0.8467522687500001 0.5747792046875 0.8493677343750001 0.5713694281249999 0.8341957484375 0.5806488046875 0.826019046875 0.5971385171875 0.8036522343750001 0.59854733125 0.7944145875 0.6026339015625 0.6461660390625 0.609602325 0.6711970468749999 0.6165027703125 0.6445785093749999 0.618787859375 0.783926390625 0.6226550625 0.7835535453125 0.6230753109375 0.801980215625 0.6229465796875 0.8022941484375 0.6162028546875 0.79610960625 0.6160948484375 0.79725678125 0.6149860921875 0.793802246875 0.615031534375
3 0.9196141421874999 0.6387974453124999 0.9221944499999999 0.62523298125 0.9075137375000001 0.6135357359375 0.8057116750000001 0.6148748734375 0.8067076203125 0.62377709375 0.8192552734375 0.6235118171875 0.8353274703125001 0.62798551875 0.840560921875 0.6399730546875 0.8462810562499999 0.649184584375 0.8672886328124999 0.65291048125 0.9040377484375 0.6506065171875 0.9196141421874999 0.6387974453124999