2 0.4381846453125 0.84054324375 0.4630504609375 0.8308185312499999 0.47622743125 0.8225199125 0.49176259218749996 0.8066153406250001 0.49657347500000004 0.7934305593750001 0.4966875296875 0.776480140625 0.49151819531249996 0.762578884375 0.47179782187499997 0.7468983515625001 0.4311285546875 0.6891846765625 0.419030203125 0.68182656875 0.40541222968749996 0.6806652765625001 0.386573865625 0.6839045625 0.372463828125 0.6915851953125001 0.360566428125 0.707934584375 0.3585786359375 0.762279828125 0.3509805046875 0.793263903125 0.3519885171875 0.81488655625 0.3607011109375 0.82720550625 0.3774647859375 0.8376535437499999 0.39851578593750003 0.843083015625 0.4381846453125 0.84054324375
2 0.22770615625 0.786924240625 0.2361547984375 0.7741842765625 0.254213259375 0.7154214999999999 0.26657121875 0.689554475 0.266653771875 0.6719283484374999 0.2606773765625 0.6601119390625 0.2374137421875 0.6460137109375 0.22460282812500001 0.642767571875 0.2073785921875 0.64183716875 0.176819884375 0.6458268421875 0.1477612484375 0.66259724375 0.135182784375 0.6837343125 0.1377223734375 0.7188134015625 0.129978684375 0.7660721875000001 0.131667759375 0.7829071640625 0.14321104843750002 0.7977557796875 0.160718790625 0.8047675546875 0.1905964359375 0.80556555625 0.2084387328125 0.80035686875 0.22770615625 0.786924240625
2 0.784439925 0.7031612921875 0.8690925343749999 0.6957082921875 0.8762420531249999 0.6938951 0.8813679375 0.687467396875 0.8802654249999999 0.6638176203125 0.8700212593750001 0.6380422328125 0.8535606390625 0.614698025 0.8414622890624999 0.6073399171875 0.82884038125 0.6081480265625 0.801710875 0.627505815625 0.781321384375 0.6362662109375 0.7535303734375 0.6414341343750001 0.7245227890625 0.639902703125 0.7139245125 0.6453253218749999 0.6718659640625 0.6547953390625 0.66403538125 0.6613962078125 0.673503984375 0.6899321484375001 0.688255975 0.715418925 0.6946614296875 0.71704199375 0.784439925 0.7031612921875
2 0.7197944625 0.6354613578125 0.7471249156249999 0.6398110640625 0.788376403125 0.6324258953124999 0.8069312625 0.6231052375 0.8287458781250001 0.606120903125 0.8393007078125001 0.580369325 0.8353989984375 0.554865590625 0.821958078125 0.5381052937499999 0.809922728125 0.532098603125 0.7907378609375 0.5279051015625 0.7454391078125 0.5260612515624999 0.7292424390625001 0.5277759578125 0.7222819203124999 0.5336433984375 0.7079198828125 0.535918365625 0.702553940625 0.55659365625 0.6850896468750001 0.569910840625 0.6752039328125 0.5712214906249999 0.6744598703125 0.574657753125 0.683696021875 0.5788104875 0.6913614953125 0.6074618734375 0.7011646546875 0.6237773484375 0.7197944625 0.6354613578125
2 0.9157871046875 0.436538775 0.9245507515625 0.430555890625 0.9340584609375 0.42113674687499997 0.9397709078125001 0.40789424218750003 0.9387313953125 0.38559588125 0.9226802812500001 0.37103587656250003 0.806417503125 0.3405269390625 0.788323203125 0.34032996249999997 0.76594158125 0.34515155468750003 0.7431938984375 0.361517903125 0.7337176890625 0.37161275625 0.72887530625 0.3841218296875 0.7308478843749999 0.407038178125 0.7377258484375 0.4187968640625 0.7536194593750001 0.42997833124999996 0.7709696984375001 0.433611565625 0.8262171671875 0.4354961828125 0.8789804437500001 0.4422839203125 0.8979448078125 0.4417474640625 0.9157871046875 0.436538775
2 0.8328811593750001 0.2486952390625 0.8387945562500001 0.25916023125 0.848743271875 0.259200996875 0.853963659375 0.25480041875000004 0.9669656078125 0.137774146875 0.9676151703125001 0.1323107625 0.9609577109374999 0.1252820296875 0.9526861234374999 0.1224229890625 0.9428949093749999 0.12576076249999998 0.8353023515625001 0.2424407015625 0.8328811593750001 0.2486952390625
2 0.1820630921875 0.52553388125 0.1944645015625 0.5199958171875 0.32868689687499997 0.43143080781250004 0.336485978125 0.4241542296875 0.3278678859375 0.413862403125 0.3186317328125 0.40970966875 0.1713268671875 0.5086004203125001 0.168874175 0.5141792484375001 0.17282694062499998 0.5213811453125 0.1820630921875 0.52553388125
0 0.7056431734374999 0.370699309375 0.7300799296875 0.3711679359375 0.738812075 0.36450934375 0.8351252953125 0.2580397046875 0.832074096875 0.2507800828125 0.626327203125 0.1046875875 0.6069337765625 0.1154173828125 0.60535115 0.1202627828125 0.5775405828125 0.14440825 0.5076953609375 0.21733023437500001 0.5023489703124999 0.2190279828125 0.49852220625 0.214528915625 0.4940143828125 0.214817525 0.49072312656249995 0.22180549218749998 0.494026328125 0.234470778125 0.50251841875 0.24205977500000003 0.628293246875 0.321433609375 0.6330845734375 0.3272263703125 0.6376239 0.32761346874999997 0.7056431734374999 0.370699309375
0 0.50299414375 0.7177920421875 0.5297695375 0.7296322578125001 0.61736255625 0.6494744609375 0.619626246875 0.6398413828125 0.6173506093750001 0.6298212109375 0.5997168687500001 0.620106603125 0.59585860625 0.614931828125 0.58314219375 0.6137128125 0.5801539953125 0.6078046078125 0.5623627515625 0.5947114625000001 0.5047962015625 0.5624777140624999 0.46654052031250004 0.53714029375 0.44813121562499997 0.5301862421875 0.43337161718750006 0.543330259375 0.43773388750000003 0.559316359375 0.430836371875 0.566535215625 0.34795973125 0.63148110625 0.3499203640625 0.634744203125 0.50299414375 0.7177920421875
0 0.48704191874999997 0.20103171562500002 0.4718369765625 0.146431778125 0.46958089375 0.1174340609375 0.45899022343749996 0.0842258859375 0.45583257499999996 0.05528589375 0.451753809375 0.0453811625 0.445316853125 0.043082384375 0.4380413328125 0.0421927453125 0.0892421265625 0.086211565625 0.0909627015625 0.1037222484375 0.1341954484375 0.2358215125 0.14434511249999998 0.2595697765625 0.15293170312499998 0.26918589531250003 0.48067991093750007 0.2197376046875 0.4868333625 0.2159550109375 0.48704191874999997 0.20103171562500002
0 0 0.40939649375 0.125410053125 0.5128956609374999 0.14057915625 0.50853584375 0.2771716890625 0.432018134375 0.28043144531249997 0.4243544609375 0.2736794859375 0.415298603125 0.111920271875 0.262323478125 0.10380618906250001 0.2628429765625 0.083448196875 0.27227908125 0 0.31900609375 0 0.40939649375
1 0.3650804984375 0.3645115375 0.371296953125 0.362080359375 0.3764228390625 0.35565265468749996 0.3740212015625 0.3429296484375 0.35542289375 0.33192135 0.342800984375 0.332729459375 0.333135771875 0.338770065625 0.335505909375 0.3508173625 0.3514625234375 0.36335024531250004 0.3650804984375 0.3645115375
1 0.114903009375 0.6172602421875 0.002825446875 0.618336409375 0.0038019593749999995 0.639283353125 0.125922740625 0.640275075 0.13133212968750002 0.6399287421875 0.1337533203125 0.6336742046875 0.134056378125 0.620778034375 0.114903009375 0.6172602421875
3 0.198315825 0.5615729515625 0.1974886984375 0.557711403125 0.1805534015625 0.5697097515625 0.1410412375 0.5660674515624999 0.10611438124999999 0.5928358984375001 0.109367378125 0.6125127453125 0.1266943640625 0.6189640953125 0.1400292625 0.615410959375 0.15881225000000002 0.5980460140625 0.198315825 0.5615729515625
3 0.2088536875 0.619458459375 0.21186075468749999 0.604240778125 0.20572880625 0.5863720812500001 0.21406688593749998 0.5713186671875 0.30648278906250004 0.4844211578125 0.285173221875 0.49536377187499997 0.296249465625 0.480215021875 0.2051919796875 0.5532291171875 0.21305560156249997 0.5678395921875 0.20415275781250003 0.5615842265625 0.199135640625 0.5514718703125 0.19903325624999998 0.5613688265625 0.209215809375 0.5654856796875001 0.1426997546875 0.62274781875 0.157569221875 0.6380883093749999 0.1826030703125 0.6363323703125 0.2088536875 0.619458459375
0 0.3924872109375 0.4273107953125 0.39238090312499996 0.4274315796875 0.698679890625 0.5524574890625 0.681372825 0.5664859109375 0.6829053046875 0.5667176421875 0.701009290625 0.553796634375 0.6870341515625 0.455709015625 0.43069324531250003 0.3364039875 0.39211799687500004 0.4273242671875 0.39236860625 0.4274265625 0.3924872109375 0.4273107953125
0 0.39238090312499996 0.4274315796875 0.39236860625 0.4274265625 0.376967446875 0.44245939375 0.3164479484375 0.4881897125 0.5767486953125001 0.5796429109375001 0.66363814375 0.5638042109375 0.67465300625 0.56546979375 0.661778340625 0.562645771875 0.37745790625 0.4443872953125 0.39238090312499996 0.4274315796875