2 0.7078594921875 0.8389585265624999 0.6590310968749999 0.83194689375 0.6042203171875 0.8636706937499999 0.6454056015625 0.9986463875 0.7792377765625 0.9836653999999999 0.7078594921875 0.8389585265624999
2 0.9173948671875 0.8852129984375001 0.9704544687500001 0.88915265625 0.9798860218750001 0.887453775 0.9830725953125 0.750545584375 0.951314309375 0.7464334499999999 0.860547534375 0.786671771875 0.8616107953125001 0.7895418734375 0.8484411937499999 0.8195790374999999 0.8619924062500001 0.8549007890625001 0.9173948671875 0.8852129984375001
2 0.9426759890625 0.7402720078125 0.9831077109375 0.7490368859375 0.9840283875000001 0.7094808203125 0.9599404515625001 0.67962199375 0.9216014921875001 0.668060584375 0.8594580046875 0.6875718656250001 0.8375799390625 0.7246743718750001 0.8604252578124999 0.7863417 0.9426759890625 0.7402720078125
2 0.29425911718750003 0.68379300625 0.23176344062499998 0.7498485109375 0.41674620781250005 0.8733140953125 0.47173575625 0.8199131421875 0.5030445453125 0.77151338125 0.4894491875 0.75905184375 0.29425911718750003 0.68379300625
2 0 0.632246725 0.096946340625 0.569998634375 0.10761073125000001 0.5472075390625 0.0812088125 0.51434371875 0.053759665624999994 0.506281228125 0 0.5301015812500001 0 0.632246725
4 0.1405469734375 0.4260117859375 0.145111784375 0.45621725937499996 0.304442784375 0.5186579906250001 0.3354834515625 0.5016680499999999 0.35257434062500004 0.48087780156250004 0.36754995468749996 0.45082000312500004 0.367992546875 0.424112534375 0.3576358546875 0.4088435640625 0.175778821875 0.3776882578125 0.1405469734375 0.4260117859375
4 0.5171252859375 0.3898548765625 0.5322640015625 0.3640282515625 0.5407992687500001 0.3469248640625 0.5357963156250001 0.320431746875 0.5062900124999999 0.296190328125 0.45639955624999995 0.2851769140625 0.3737544140625 0.318167415625 0.35790955625 0.34615750156249997 0.3302150265625 0.3542825953125 0.332784140625 0.3762519484375 0.35168456406250004 0.377081075 0.383511471875 0.3965862625 0.44430292656250003 0.41773019375000003 0.4782656296875 0.4168857703125 0.5171252859375 0.3898548765625
1 0.5182806125 0.36425949687500003 0.518423478125 0.3384719390625 0.34652230156249997 0.3474738859375 0.3208404171875 0.36052250468749997 0.3435714875 0.37443023124999997 0.5182806125 0.36425949687500003
1 0.638353040625 0.521500434375 0.6413989359375 0.498894303125 0.3960710078125 0.5146770984375 0.398756925 0.5417458453124999 0.638353040625 0.521500434375
1 0.5457858015625 0.3909255828125 0.713196134375 0.217826165625 0.6900479093749999 0.20462405625 0.5208310484374999 0.3766600296875 0.5457858015625 0.3909255828125
1 0.539762371875 0.2542351375 0.798174121875 0.1340605640625 0.7809586578125 0.1102948453125 0.522457915625 0.226537140625 0.539762371875 0.2542351375
0 0.97959259375 0.40213956875 0.9536026109375 0.1727968015625 0.7723205359375 0.1613696046875 0.6567275796875001 0.49472117656250003 0.9223327484375 0.5289985109375 0.97959259375 0.40213956875
0 0.46669319062500003 0.6659719265625 0.46930451250000005 0.6865746171875 0.598896390625 0.7903680359374999 0.910864684375 0.6528830937500001 0.7972523453125 0.5288752031249999 0.77932840625 0.506362590625 0.46669319062500003 0.6659719265625
0 0.507120959375 0.4046513046875 0.48118307656250003 0.41967308281250004 0.4396441484375 0.422472490625 0.3990303484375 0.4078068375 0.3300635 0.67972170625 0.46432381562499997 0.6899469078125 0.45871344062499997 0.6645641624999999 0.619144075 0.5912164984375 0.6502917078125 0.5083332421875 0.676409403125 0.42458660937500003 0.507120959375 0.4046513046875
0 0.568712671875 0.013236934375 0.4749742203125 0.011055148437499999 0.385307365625 0.0199524078125 0.25053250625 0.1976658109375 0.4138005359375 0.29282635625000003 0.467208021875 0.2847291890625 0.6592713796874999 0.06678144531249999 0.568712671875 0.013236934375
0 0.160720059375 0.463520525 0.0683116109375 0.6603418984375 0.2371712875 0.7095285812500001 0.3649786140625 0.514990353125 0.3309497703125 0.5081190609374999 0.299660634375 0.5184083921875 0.160720059375 0.463520525
0 0.2125401703125 0.2721026453125 0.2360501390625 0.2422488 0.2009462640625 0.20758337343750002 0.1386761125 0.20323531562500002 0.1268344890625 0.22228106093750002 0.213820325 0.2966063484375 0.12178059687500001 0.23652707031250003 0.09156275625 0.250298678125 0.12148147499999999 0.2966438265625 0.1431406953125 0.305280825 0.1796622484375 0.29789550781249996 0.30446213437499997 0.3856418484375 0.339508409375 0.39356913125 0.2273792046875 0.2947757203125 0.2125401703125 0.2721026453125