0 0.07569119375 0.27084980000000003 0.081194134375 0.278136803125 0.3415844765625 0.3057689484375 0.38948328593750003 0.3091151 0.409319275 0.3065072765625 0.4145306640625 0.28875367500000004 0.4188910375 0.197908578125 0.41951795625 0.17419527031249998 0.4140386546875 0.1689385859375 0.1020362234375 0.12926723906249998 0.0975620703125 0.1327823546875 0.09497213593750001 0.143012703125 0.07968467968750001 0.2260515234375 0.07569119375 0.27084980000000003
0 0 0.53428266875 0.042939559375000005 0.560205146875 0.06382009375 0.5697529890624999 0.068396684375 0.5750359234375 0.111099865625 0.597489221875 0.1228508609375 0.598501515625 0.17476679687500002 0.5590797109375 0.27040335781249997 0.47438139687499997 0.299940646875 0.4518584 0.32225625468749997 0.4295454078125 0.351801425 0.407699184375 0.3588733921875 0.39463049375 0.3524913828125 0.3894000609375 0.3452539390625 0.388256515625 0.343393359375 0.3835716046875 0.2724382453125 0.3389217765625 0.2588581890625 0.33593166406249997 0.21611561093749998 0.3100944984375 0.18254197187500001 0.296176746875 0.1672746921875 0.30339073125 0.14578299687500001 0.3189097453125 0 0.42899500625 0 0.53428266875
0 0.729433803125 0.4224439828125 0.6583841296874999 0.36967287656250003 0.6027356937499999 0.321192928125 0.5890926000000001 0.31278863125 0.5666351578125 0.322919709375 0.33694389375 0.45010536874999996 0.3360884625 0.45419225937499996 0.3461601125 0.4660854234375 0.40457971875 0.519900803125 0.43619822187499996 0.5210123671875 0.46427680000000005 0.5283198875 0.485204615625 0.5419283687500001 0.49529990625 0.5558518515624999 0.49904470468750006 0.56725199375 0.5062979046875 0.5697490843749999 0.5968727921875 0.515663059375 0.6846843921875 0.45691837343749997 0.712495059375 0.4412156109375 0.72859413125 0.4278844171875 0.729433803125 0.4224439828125
0 0.680445678125 0.635770221875 0.6984526062499999 0.63118458125 0.699323796875 0.6284512390625 0.7146462359375 0.625974665625 0.83958715625 0.57630531875 0.8773197578125 0.5596370296875001 0.8790700203125 0.5548471171875 0.885396875 0.5553401375 0.8862680656249999 0.5526067968749999 0.8824996281249999 0.5391763359375 0.8292362515624999 0.462869940625 0.8210251796874999 0.45566168749999997 0.8047212359374999 0.45139677968749997 0.7866985468750001 0.45462887500000004 0.6571889140625 0.4996920625 0.6104292078125 0.516622853125 0.594274978125 0.525216634375 0.5952564875 0.5319581140625 0.59164564375 0.532063115625 0.59168504375 0.53544698125 0.5962695140625 0.5414066875 0.607094159375 0.5404149125 0.6107443984375001 0.543693778125 0.6197557453125 0.5420777296875 0.6351412203125 0.545015340625 0.6407071984375 0.557716528125 0.6479840390625 0.5622439390625 0.6609292953125 0.5882705875 0.675561778125 0.6040931375 0.6702164328125 0.6103415984375 0.680445678125 0.635770221875
0 0.394065846875 0.6251418875 0.2904511453125 0.6450799859374999 0.094093665625 0.688025046875 0.098027578125 0.7156677453125 0.13488803437500002 0.8567663375000001 0.1556188546875 0.8534554906249999 0.4266097453125 0.783291059375 0.4418691453125 0.7754003 0.394065846875 0.6251418875
4 0.5495964859375 0.5657819843749999 0.52267276875 0.5801049500000001 0.5209382640625 0.5862484078125 0.5319520234375 0.6014991890625 0.5731728546875 0.6517526859375 0.6051617078125 0.6846725828125 0.6096988984375 0.686571653125 0.6376592828125001 0.683727575 0.661043075 0.6756005671875001 0.68254265 0.660758328125 0.6842456343750001 0.651907778125 0.6758848468750001 0.6318408359375 0.6306197890624999 0.5444698203125 0.6188687921875 0.543457525 0.6017488140625 0.5466633703125 0.5495964859375 0.5657819843749999
4 0.38935183906250004 0.530498653125 0.38038777343749997 0.536175340625 0.3607251375 0.553672171875 0.3545952796875 0.570098478125 0.356684371875 0.5944098078125 0.37225108281249997 0.6129132015625001 0.3895365375 0.6239195921875 0.42029960781250003 0.6291180421875 0.44735728124999996 0.6263002171875 0.46623539999999997 0.6189812328125 0.47877878906250004 0.610492453125 0.49213032968750003 0.593856146875 0.4973417203125 0.57610254375 0.49073119531250003 0.5512456921875 0.4706509328125 0.5328735484375 0.4461674359375 0.52410748125 0.4199573140625 0.52216164375 0.38935183906250004 0.530498653125
2 0.7611607140625 0.7430974484374999 0.7321242671875 0.7310787671875 0.7004978828125 0.72929043125 0.682483075 0.7331993 0.6591938390625 0.749447584375 0.6468238046875 0.772825371875 0.645254778125 0.7931810671874999 0.65269709375 0.8119207125000001 0.6691507546875 0.8290443078124999 0.6854704593750001 0.8346627640625 0.7487705046875 0.842300075 0.8374409984375 0.8573236546875 0.8545846171875 0.8561481296875 0.8707624859375 0.8495846671875 0.8805977421875 0.8411746390625 0.88768546875 0.8294594937499999 0.889128421875 0.79827543125 0.8799200812500001 0.78297215 0.8617082796875 0.76996169375 0.7611607140625 0.7430974484374999
2 0.7993749359375 0.612678778125 0.787726378125 0.620464534375 0.782412553125 0.6294200859375 0.780835646875 0.6490990062499999 0.7836146953124999 0.6551112140625001 0.7891176359375 0.662398215625 0.804574028125 0.6714267859375 0.9194310031249999 0.6863658859374999 0.9620002265625001 0.69731404375 0.9773384249999999 0.696191015625 0.9839857999999999 0.6938531328125 0.9866705421875 0.5785056921875 0.9804493781250001 0.5755941546875001 0.962347890625 0.57205851875 0.9334690390624999 0.5735752984375 0.9128012562500001 0.5823003296875 0.8381048078125 0.6041055171874999 0.7993749359375 0.612678778125
2 0.676623990625 0.3075352703125 0.68390083125 0.31206268125 0.754003978125 0.43865455468750003 0.7594438796875 0.440527371875 0.7900729953125001 0.43422068124999996 0.8395802296875001 0.42059500625 0.8422095640625 0.41374852500000003 0.8093302984375 0.304353265625 0.8043676 0.26590845 0.7835894999999999 0.2651586578125 0.7493653046875 0.27292389687499996 0.7079824625 0.2863133203125 0.6783506140625 0.300715040625 0.676623990625 0.3075352703125
2 0.416723146875 0.1668295171875 0.420121234375 0.1484516421875 0.43885752031249997 0.1289507421875 0.46459485312500004 0.09029019218749999 0.4807096859375 0.07831254531250001 0.49048190468749997 0.06448833281250001 0.49397455 0.054231735937500004 0.493753915625 0.0352820890625 0.48818793749999995 0.0225809 0.47351605937499996 0.0033744843750000003 0.322763421875 0.007758264062500001 0.32014196875 0.0152815203125 0.3194204921875 0.0308735515625 0.32777339843750003 0.05026371875 0.3298152125 0.0705144125 0.328640171875 0.12470875937499999 0.3325031671875 0.1462604984375 0.345290828125 0.158751684375 0.416723146875 0.1668295171875
2 0.7513967296875 0.05960911875 0.7414196359375 0.055837232812500005 0.7297710796875 0.063622990625 0.7179412843749999 0.0558429640625 0.715201634375 0.053214621875 0.7187179203125 0.0449883453125 0.713254378125 0.0410852078125 0.7069826828125 0.0453295984375 0.69523956875 0.0449940765625 0.69157356875 0.040361665625 0.6825779843750001 0.0433312609375 0.67262453125 0.041589693750000004 0.652827940625 0.0475813828125 0.6415576109375001 0.0878522484375 0.6001073140625001 0.1730058703125 0.6020309312500001 0.183104965625 0.6075259921875 0.189715196875 0.6256983953125 0.1993417875 0.6447262312500001 0.20488149218750001 0.6681888234375 0.203522215625 0.6753632265625 0.199251575 0.739349765625 0.1107346046875 0.749058946875 0.09149620625 0.75623335 0.087225565625 0.7606050671875 0.0749123984375 0.759599921875 0.0661405984375 0.7513967296875 0.05960911875
1 0.2922408078125 0.643673940625 0.2965967640625 0.6300072265625001 0.2956231359375 0.6239425187500001 0.2838248609375 0.6188695875 0.07317815 0.5979149578125 0.0578320703125 0.5983612109374999 0.052518246874999994 0.6073167625 0.051717973437499995 0.6161410625 0.054457623437500005 0.6187694046875001 0.283221584375 0.6446132140625 0.2922408078125 0.643673940625
1 0.169445090625 0.5673584890625001 0.1704975171875 0.5801909281250001 0.17419503593750002 0.58753043125 0.178724346875 0.5887527265625 0.35715369531249996 0.5571610390624999 0.388457009375 0.531201678125 0.38030897656249996 0.529407609375 0.169445090625 0.5673584890625001
1 0.5474970031249999 0.3079051828125 0.541162271875 0.30673538749999996 0.354490334375 0.32841173125 0.35374521875 0.34197344375 0.3601272296875 0.34720387656249996 0.36644620156249996 0.34702012656250003 0.5468306859375 0.3282346265625 0.5512102828125001 0.3165982328125 0.5474970031249999 0.3079051828125
1 0.5266082359375 0.9956698828125001 0.6185280546875 0.8244233624999999 0.6184807765625 0.8203627234375 0.5957948203125001 0.8108673828124999 0.5876546671875 0.8097500875 0.5903785578125 0.8110248828125 0.589546765625 0.8171420890625001 0.5797509078124999 0.828935984375 0.5099969796875 0.965010825 0.5021011 0.9848734968749999 0.51121488125 0.9920555 0.5266082359375 0.9956698828125001
3 0.4670765515625 0.6346083874999999 0.535639146875 0.74654125 0.5430778968750001 0.76435418125 0.5236747296875001 0.78389343125 0.5283717218749999 0.81766585625 0.571043515625 0.8296678312499999 0.5929103359375001 0.8158094281249999 0.5465489031249999 0.7504552640625 0.54523815625 0.7362993515625 0.605681959375 0.8053622140625001 0.62962171875 0.7961243265625 0.6282360375 0.768707440625 0.6017847203125 0.7448824890625 0.57408580625 0.74482206875 0.4670765515625 0.6346083874999999