0 0.363595903125 0.3098927078125 0.3741440546875 0.44217584531250004 0.389228540625 0.5539594109375 0.45148923906249994 0.5485910921875 0.5998816796875001 0.52534454375 0.578864471875 0.322244971875 0.5729205140625 0.29172630312500003 0.5473332703125 0.291518328125 0.37683236875000004 0.306513875 0.363595903125 0.3098927078125
1 0.5935285796875001 0.315916675 0.5886133640625 0.32007953125 0.589335975 0.32543443125 0.60179465625 0.3433498703125 0.6829711421875 0.43756990937499995 0.702017296875 0.4298922125 0.6986024734375 0.4181157 0.6165227265625 0.317202034375 0.6055092656250001 0.3099963984375 0.5935285796875001 0.315916675
2 0.6979495671875 0 0.6926180140625 0.00848435625 0.6337408828125 0.1403942359375 0.633839996875 0.14789323125 0.6433354875 0.1573789703125 0.66088125 0.16564064375 0.6854924796875 0.172144896875 0.7036529484375 0.1714328453125 0.7113419140625 0.167531328125 0.7918031234375 0.053515543750000005 0.7955440984375 0.0406509734375 0.8184215546875 0.02077806875 0.8202017156249999 0.013676420312500001 0.8140131437499999 0.001638565625 0.812819134375 0 0.8111942031250001 0 0.8097214234375001 0.003657328125 0.8005057000000001 0.0030093109375 0.7963579671875001 0 0.6979495671875 0
2 0.47171551718750004 0.13702363281250002 0.3603202390625 0.19767977812499998 0.3046182046875 0.2245930328125 0.2855808375 0.23910036093749998 0.3147171703125 0.2859023828125 0.326091934375 0.2957854703125 0.333428384375 0.2960361375 0.4234817546875 0.2666320625 0.49984702812500004 0.237260003125 0.5230130390625 0.23305445468750002 0.5226341578125 0.2167177375 0.49420285937499997 0.16161135 0.4797745765625 0.14262919999999998 0.47171551718750004 0.13702363281250002
2 0.846402675 0.2822481984375 0.8642194156249999 0.2925179625 0.8668213015624999 0.2982702109375 0.8849905578125 0.3043877890625 0.903684196875 0.30086227656250003 0.9059159890625 0.2971074421875 0.9388221046874999 0.28390681875 0.9533143484375 0.2830694296875 0.9735259578125 0.277263815625 0.9562736421875 0.149415546875 0.9526054171875 0.14929021250000002 0.9221117453125001 0.160074728125 0.9053964984375 0.17149658437499998 0.885744421875 0.19497764374999998 0.8769075781250001 0.21066634374999998 0.8681434875 0.21336514062499998 0.836003921875 0.266068834375 0.846402675 0.2822481984375
0 0.78264548125 0.44563946718749997 0.8300150328125 0.47873952812500004 0.8374505937500001 0.48648919218750003 0.8395193109375001 0.49505489999999996 0.8428262312499999 0.49250278437499995 0.8502530046875 0.49342281562499996 0.8989598734375001 0.52290405 0.9101451984375 0.524618775 0.9138046359375 0.517914478125 0.9239963734375 0.512266215625 0.996017196875 0.4439351171875 0.9873458765625 0.37967629999999997 0.84586950625 0.28506165625 0.825188690625 0.27386119062500003 0.817409396875 0.27709334218750004 0.7041787828125 0.371500309375 0.6947096578124999 0.382503471875 0.695793571875 0.3905358234375 0.72624085625 0.41323011562499995 0.78264548125 0.44563946718749997
0 0.6195049453125 0.549001559375 0.5917977125 0.70896063125 0.5922581296875 0.7191370765625 0.598618565625 0.7256840234374999 0.6199140890625 0.7279107609375 0.6322560796875 0.724667934375 0.665541078125 0.7278040296875 0.76431215625 0.7291799625000001 0.78953809375 0.7267104875 0.8324689390625 0.48907736718750006 0.66323743125 0.48090188125 0.6649110687500001 0.46276938593750006 0.64237274375 0.4606476 0.6349636578125 0.47903603281249996 0.6195049453125 0.549001559375
1 0.4977836625 0.5804884343750001 0.5051552625 0.6080576375 0.566265640625 0.6821034828125 0.5723550984375 0.6866423390625 0.5846970875 0.683399515625 0.5902358000000001 0.6770925640625001 0.588618715625 0.671873671875 0.497125015625 0.55531399375 0.48147610625 0.5611089375 0.4977836625 0.5804884343750001
1 0.4564811046875 0.6735219125 0.46141389374999997 0.683018325 0.48120023749999996 0.694354796875 0.50411284375 0.7018004296875 0.605899840625 0.7525838640625 0.61440174375 0.7547066124999999 0.6220003828125 0.7501357359374999 0.6270874625 0.7404819703125 0.625651028125 0.7366018015625 0.47569912187499996 0.6603533078125 0.4711364234375 0.6603639828125 0.4564811046875 0.6735219125
4 0.3054677453125 0.4676463875 0.18814608593749998 0.5114431328125 0.181532246875 0.5165473656249999 0.17814379062500002 0.5252597531250001 0.184530590625 0.5522956015625 0.1965376390625 0.5668642265625 0.21005387187500002 0.5723231156249999 0.28053670468749997 0.560239825 0.360226475 0.54197491875 0.363795584375 0.5346012578125 0.3594687140625 0.5093014828125 0.3438574015625 0.4747879859375 0.33015172812500004 0.4611607390625 0.3054677453125 0.4676463875
0 0.24483146718749998 0.2753526765625 0.13250656249999998 0.30882629375000004 0.1249982484375 0.314066534375 0.1175714734375 0.313146503125 0.11256593125 0.316639996875 0.11782997343749999 0.33570063125 0.12423804062499999 0.349020071875 0.2000364453125 0.50485349375 0.223735625 0.49783448906250005 0.3164636328125 0.4611927546875 0.3348047515625 0.4618194265625 0.33793980625 0.46475821875 0.3652168859375 0.457195184375 0.3676293296875 0.454779075 0.3653799609375 0.444874640625 0.278242321875 0.2663050421875 0.2572637828125 0.2727792140625 0.24483146718749998 0.2753526765625
3 0.186768725 0.622997375 0.15561640625 0.6086074484374999 0.1338780390625 0.6098635328124999 0.11894295156250001 0.6141837406249999 0.1062484421875 0.6215787500000001 0.0963364734375 0.636064734375 0.0978720203125 0.6474439000000001 0.1246818703125 0.6490951609375 0.1070237828125 0.667911453125 0.109363478125 0.6784852484375 0.1147391109375 0.6844988390625 0.13111942031249998 0.6908884328125 0.16350115625 0.6873309015625 0.18111087812499999 0.6757730375000001 0.1902186984375 0.6620924234375 0.1916375546875 0.6523133234375 0.198965215625 0.645734359375 0.21148785781249999 0.6438302578124999 0.22516716718750002 0.63696860625 0.3128080921875 0.6099806390625 0.3422266375 0.59799340625 0.34803632812499996 0.5936945421875001 0.3480275390625 0.5868649078125 0.3299573953125 0.5882463265625 0.2481261609375 0.6109354312499999 0.186768725 0.622997375
0 0.3828920234375 0.6355283390625 0.24636991875 0.7061529546875 0.372457125 0.8693679703124999 0.3864074125 0.8645144046875 0.5122861484375 0.7961912375 0.530076525 0.7859720953125 0.534097265625 0.7819452484375 0.5327511609375 0.7787344421875 0.43373157031250004 0.6537557406250001 0.40590374687499997 0.6504729671875 0.3828920234375 0.6355283390625
4 0.44111684999999995 0.552900628125 0.41964946249999996 0.5561648 0.399799159375 0.5646478640625 0.381123096875 0.5818326453125 0.3721143890625 0.60301225625 0.3747338515625 0.6224237718750001 0.38262104375 0.63352025 0.4055424421875 0.6477955140625 0.43346059062500003 0.6517476531249999 0.4557321296875 0.6476781109374999 0.4779948765625 0.6367789359375 0.49327369218749995 0.6214769109375 0.5003215875 0.6060602234375 0.49832562031250005 0.5845046109375 0.4869420671875 0.567791890625 0.46518612499999995 0.55538870625 0.44111684999999995 0.552900628125
4 0.3071663703125 0.4667050125 0.19762400156249998 0.5072696031249999 0.18394469062500002 0.5141312578125 0.1780534640625 0.524590390625 0.1834554625 0.5510928828125 0.19134265781249998 0.5621893609375 0.20540084531249997 0.5716644265624999 0.2137220953125 0.5724484484375 0.3594223265625 0.5427802890625 0.3638859109375 0.5352706203125 0.3593783859375 0.5086321218750001 0.3437670734375 0.47411862187500003 0.33015172812500004 0.4611607390625 0.3071663703125 0.4667050125
2 0 0.45298747031250003 0.0293573359375 0.4508833421875 0.0745414796875 0.45425943125 0.1022701890625 0.4500432109375 0.119075765625 0.439290715625 0.1237200015625 0.43311977187500006 0.1286264296875 0.42212728281249995 0.127533725 0.407265296875 0.09054535 0.3766853328125 0.0667119046875 0.3488868078125 0.044775309375 0.3351448984375 0.009873228125 0.3267899109375 0 0.327590909375 0 0.45298747031250003
2 0 0.5512627859375 0.01179545 0.6386729578125 0.0355937453125 0.6391529484375 0.060548704687499996 0.634675384375 0.080399009375 0.6261923203124999 0.0928225390625 0.616789221875 0.1039902859375 0.6048446828125 0.10961053750000001 0.5923774609375 0.10778643437499999 0.565330940625 0.09649320624999999 0.54928758125 0.071069040625 0.536759065625 0.044496995312499996 0.536017734375 0 0.545470125 0 0.5512627859375
1 0.1058671171875 0.6728690078125 0.10710532187499999 0.6617511828125 0.08374986875 0.6577883718749999 0.0286864609375 0.7638437734375 0.034828646875 0.809360434375 0.1058671171875 0.6728690078125