1 0.5090252703125 0.6134055515625 0.5054151625000001 0.599864590625 0.4900722015625 0.5917400140625 0.47111913281250006 0.5937711578125 0.45397111875 0.608666215625 0.45306859218750006 0.6188219359375 0.46299639062500003 0.626269465625 0.47833935 0.6310088015625 0.49819494531249997 0.6276235609375 0.5063176890625 0.62085308125 0.5090252703125 0.6134055515625
1 0.8646209390624999 0.55924170625 0.8564981953125 0.5551794171875 0.631768953125 0.542992553125 0.58393501875 0.5416384562500001 0.5821299640625 0.5436696000000001 0.580324909375 0.5687203796875 0.585740071875 0.5714285718750001 0.8375451265624999 0.5836154359375 0.8574007218749999 0.582261340625 0.865523465625 0.5741367640624999 0.8646209390624999 0.55924170625
2 0.24187725625 0 0.24187725625 0.0054163843750000005 0.25541516249999996 0.0277589703125 0.287003609375 0.0555179421875 0.295126353125 0.0575490859375 0.3023465703125 0.0649966140625 0.3023465703125 0.0961408265625 0.305956678125 0.1123899796875 0.325812275 0.13811780625 0.333032490625 0.14082599843750002 0.39079422343750003 0.0744752875 0.406137184375 0.0697359515625 0.435920578125 0.0717670953125 0.449458484375 0.07921462500000001 0.45397111875 0.093432634375 0.45848375468749997 0.0920785375 0.46480144375 0.05687203749999999 0.49187725625 0.020988490625 0.49819494531249997 0 0.24187725625 0
2 0.1579422375 0.2613405546875 0.169675090625 0.2613405546875 0.1732851984375 0.2538930265625 0.18231046875 0.24712254531250002 0.188628159375 0.224779959375 0.17689530625 0.1970209890625 0.10018050468749999 0.1232227484375 0.083032490625 0.0981719703125 0.0379061375 0.047393365625 0.0252707578125 0.038591740624999996 0.0018050546875 0.0304671625 0 0.25592417031250003 0.014440432812500001 0.272173325 0.0469314078125 0.288422478125 0.1489169671875 0.25660121875 0.1552346578125 0.25660121875 0.1579422375 0.2613405546875
2 0.9593862812499999 0 0.9449458484375001 0.014895057812500001 0.9296028875 0.05687203749999999 0.8366426 0.19295869999999998 0.8348375453125 0.20176032500000002 0.83935018125 0.215978334375 0.8592057765625001 0.23222748750000002 0.8763537906250001 0.2396750171875 0.9052346578125 0.24170616093750003 0.9268953062499999 0.235612728125 0.9990974734375 0.1922816515625 0.9990974734375 0 0.9593862812499999 0
0 0.653429603125 0.3466486125 0.66606498125 0.3249830734375 0.6732851984375 0.3195666890625 0.6868231046875 0.316858496875 0.8501805046875001 0.318889640625 0.8483754515624999 0.2897765734375 0.8339350187499999 0.2207176703125 0.8294223828125 0.21191604531250002 0.8176895312499999 0.1178063640625 0.8023465703125 0.0717670953125 0.78519855625 0.067027759375 0.653429603125 0.0737982390625 0.637184115625 0.0717670953125 0.5866426 0.0819228171875 0.580324909375 0.0880162484375 0.580324909375 0.115098171875 0.58935018125 0.161137440625 0.593862815625 0.2396750171875 0.6110108296875 0.3466486125 0.615523465625 0.3493568046875 0.653429603125 0.3466486125
0 0 0.8727149624999999 0.0442238265625 0.8909952609375 0.2590252703125 0.996614759375 0.2671480140625 0.9959377109374999 0.2707581234375 0.9993229515625 0.444043321875 0.9993229515625 0.5288808671874999 0.8855788765625 0.5577617328125 0.83547731875 0.554151625 0.82667569375 0.54602888125 0.8219363578125 0.20848375468749997 0.665538253125 0.19675090312500002 0.6607989171875001 0.1543321296875 0.6519972921875 0.139891696875 0.6540284359374999 0.1380866421875 0.6513202437500001 0.1308664265625 0.6560595796875 0.0090252703125 0.796885578125 0 0.8178740687499999 0 0.8727149624999999
0 0.8962093859375001 0.6100203109375 0.8916967515625001 0.603926878125 0.650722021875 0.5849695328125 0.637184115625 0.5849695328125 0.6308664265624999 0.587677725 0.6245487359374999 0.6181448890625 0.6055956671875 0.8348002703124999 0.6037906140625 0.8727149624999999 0.610108303125 0.8821936359375 0.862815884375 0.8997968859375 0.8853790609375001 0.8977657406249999 0.8962093859375001 0.62491536875 0.8962093859375001 0.6100203109375
2 0.9942644406250001 0.32587813125 0.9744088453125 0.33874204531249996 0.9635785203125 0.3502518625 0.9590658843750001 0.3604075828125 0.9572608296875 0.37868788124999997 0.9626759921874999 0.3989993234375 0.9771164265625 0.41998781249999995 0.9996796031249999 0.434205821875 0.9996796031249999 0.3252010828125 0.9942644406250001 0.32587813125
4 0.884476534375 0.4116452265625 0.8962093859375001 0.4075829390625 0.903429603125 0.40081245781249997 0.914259928125 0.3764387265625 0.9133574 0.35545023750000004 0.9079422375 0.341909275 0.8962093859375001 0.3290453625 0.8808664265624999 0.3229519296875 0.7129963906250001 0.318889640625 0.675090253125 0.3202437375 0.661552346875 0.332430603125 0.6525270765625 0.3581584296875 0.6525270765625 0.38930264062500003 0.6588447656249999 0.4163845640625 0.672382671875 0.43805010156249996 0.68772563125 0.44482058281250003 0.8267148015625001 0.4238320921875 0.884476534375 0.4116452265625
3 0.945848375 0.545023696875 0.9693140796874999 0.5511171296875 0.9990974734375 0.5497630328125 0.9990974734375 0.5396073125 0.9756317687499999 0.5409614078125 0.9638989171875 0.5389302640625 0.945848375 0.52877454375 0.9422382671875 0.520649965625 0.946750903125 0.5132024375 0.95397111875 0.5104942453125 0.9828519859375 0.5118483406250001 0.9990974734375 0.509817196875 0.9990974734375 0.44617467812499995 0.9693140796874999 0.44414353437500004 0.9404332125 0.450914015625 0.9314079421875 0.45497630312500004 0.9169675093749999 0.47867298593749996 0.9070397109374999 0.48476641875000004 0.8907942234374999 0.48476641875000004 0.8366426 0.49492213906250004 0.7211191328125001 0.5016926203125001 0.694043321875 0.505754909375 0.695848375 0.5145565328124999 0.7229241875 0.520649965625 0.7554151625000001 0.5213270140625 0.8474729234374999 0.516587678125 0.9151624546875 0.5179417734375 0.945848375 0.545023696875
0 0 0.507528096875 0.03991229375 0.6540245859375 0.26990966875 0.6061791000000001 0.320617328125 0.5998686531249999 0.20330685937499998 0.27031685781250003 0.177579421875 0.27440284375 0.1528041515625 0.2579593765625 0 0.3027278265625 0 0.507528096875
0 0.4081380859375 0.06870345312500001 0.2707581234375 0.2251184828125 0.3669602890625 0.5532755578125 0.5565171484375 0.5028537578125001 0.40020577656249995 0.07910358906250001 0.564608303125 0.4999248484375 0.586651121875 0.4955523265625 0.5859287 0.49736560625 0.6890406140625001 0.4914021671875 0.5519431406249999 0.1887535546875 0.472090253125 0.13434529374999998 0.46012093906249996 0.116943128125 0.4416209390625 0.06798239687499999 0.4081380859375 0.06870345312500001