2 0.4663644578125 0.8755703828125 0.49892138125 0.8720757578124999 0.5234513265625 0.8630238140625 0.5435402203125 0.8498314421875 0.5592707765625 0.8277600312500001 0.5603740390625 0.8162677171875 0.5560511484374999 0.8053578421875001 0.53914206875 0.7915196703125 0.46574437812499997 0.7042403046875 0.451365225 0.7006035609375 0.4360246 0.7003357890624999 0.41879648593749996 0.7047751296875 0.40694725781249996 0.7113398125 0.4004532890625 0.7213837265625 0.3992791296875 0.7369377109374999 0.4203618546875 0.8219496109375 0.41903408593749997 0.8463038781250001 0.42159946093749995 0.8544744703125 0.4313366875 0.8654788531250001 0.44655915156250003 0.8725160750000001 0.4663644578125 0.8755703828125
2 0.7759953375 0.51260475625 0.7411964390625 0.5411148406249999 0.6516515421875 0.6032040421875 0.641512565625 0.6152157859375 0.6476402359375 0.626157165625 0.6707242484375 0.6482289359375 0.6876569609375001 0.66071321875 0.6966572265625001 0.662224621875 0.8622982531250001 0.584534903125 0.8605761875000001 0.5797647859375 0.833027490625 0.554906478125 0.7929753140625 0.522381259375 0.7759953375 0.51260475625
2 1 0.3968420359375 0.91148684375 0.4039169703125 0.903294440625 0.4078368796875 0.897750125 0.41518876562499996 0.8936324750000001 0.44423439374999996 0.9014822109375 0.4599458890625 0.9148880765625 0.46762855312499996 0.95186241875 0.46962824531249997 1 0.47046849062499996 1 0.3968420359375
2 1 0.174898025 0.97136976875 0.17947088125 0.928910190625 0.18143835156250002 0.8943948796875001 0.19370175625 0.8699712796875 0.196661196875 0.852447759375 0.2180241609375 0.8624847546875 0.26356848906249997 0.8733370624999999 0.2624036140625 0.8840948421875 0.2666542984375 0.889402834375 0.27284131093749997 0.955017321875 0.28888394375000004 0.9755241453125001 0.303462065625 0.997965725 0.31062529687499996 1 0.31040694062499996 1 0.174898025
1 0.6087876609375 0.31805234375 0.612219978125 0.32826952343750004 0.7015534625 0.4334329796875 0.7140923890625 0.43906905625 0.727758209375 0.43185893125 0.7287551296875 0.42645912187499996 0.7225920109375 0.417548578125 0.63502785625 0.3144474609375 0.6305868046875001 0.31030703437499996 0.6124799328125 0.313376734375 0.6087876609375 0.31805234375
1 0.23259753593750002 0.305391559375 0.22523662656250001 0.313388890625 0.22605630312499997 0.3181432546875 0.3612226 0.43494114531249994 0.374581203125 0.44533158906250003 0.38364054687500004 0.443458265625 0.3918802140625 0.43683057812500004 0.39376770781250003 0.432123465625 0.38938573593750003 0.42459831562500006 0.257828996875 0.30786343125000004 0.24526643906249998 0.3035812421875 0.23259753593750002 0.305391559375
1 0.15065295781250002 0.24234045312500002 0.13166732812499998 0.24404051093749998 0.12803413749999998 0.245331396875 0.1314546375 0.2562255203125 0.20808813593750003 0.4166936953125 0.2161269296875 0.421574071875 0.237878809375 0.4165365421875 0.23636943281249997 0.399581415625 0.18581506875 0.2964491546875 0.17523453125 0.2820442953125 0.1605201640625 0.24589844218749998 0.15065295781250002 0.24234045312500002
1 0 0.7033206578125 0.1364548796875 0.6937524765624999 0.1572807375 0.6900530859375 0.15758795625 0.67245251875 0.1323683125 0.669303703125 0 0.681630915625 0 0.7033206578125
4 0.47231232968750003 0.5865306390625 0.4528378734375 0.5645218734374999 0.4269521625 0.54781840625 0.4000459 0.537868640625 0.3681904921875 0.5528870796875001 0.3369184390625 0.586198784375 0.30464946875 0.624910296875 0.30182413750000003 0.63163249375 0.3043422484375 0.642510865625 0.3131770875 0.6534994968750001 0.3292310421875 0.6646141390625 0.34987965781249997 0.6710689234375 0.36162253906249997 0.67059674375 0.41363773593750003 0.6383242640625 0.47125633125000005 0.595315171875 0.47231232968750003 0.5865306390625
4 0.3755041375 0.5475975296875 0.4019215765625 0.5338384734375 0.416726109375 0.5131051984375 0.4178766359375 0.49890510624999995 0.4136128265625 0.48461050625 0.4021299 0.4701898953125 0.350488453125 0.42933657031249994 0.3379022640625 0.426408271875 0.31444013437499996 0.42599873906249996 0.3026618046875 0.42850175312500005 0.284401321875 0.4403717375 0.2767804578125 0.46326185468750003 0.276867534375 0.5099868078124999 0.2838030640625 0.5263594968749999 0.3015790859375 0.54224425625 0.3222040703125 0.5500529296875001 0.3348138921875 0.5516273390624999 0.3628116015625 0.5507617375 0.3755041375 0.5475975296875
0 0.626514609375 0.5953166109375 0.6517460703125 0.5977884812500001 0.7334132359375001 0.46987810625000004 0.7372118515625 0.45910999375 0.721098815625 0.45138007656249995 0.6556379375 0.42653715937500003 0.6170242421875 0.41502873593749995 0.476247096875 0.3611079703125 0.4645514796875 0.35887236875 0.4535691953125 0.3674836375 0.395194371875 0.4538172078125 0.399493628125 0.46608097343750005 0.4136719078125 0.48122578125000004 0.41880265781250003 0.49756696875 0.4176403140625 0.51244400625 0.4110754484375 0.5265495921875 0.40466419374999996 0.5318548921875 0.4153983375 0.5374594671875 0.626514609375 0.5953166109375
0 0.243633259375 0.08686435 0.22471852499999997 0.0845027390625 0.2200293359375 0.09457815625 0.18244183281249998 0.28284725 0.1859214140625 0.29035665 0.1975934 0.293946140625 0.5215320046875 0.3524183046875 0.5431657234375 0.35415022500000004 0.5505384484375 0.34547595000000003 0.58080921875 0.2661004859375 0.601949746875 0.192660015625 0.6040381125 0.1764448375 0.5905849812499999 0.17146995468749998 0.243633259375 0.08686435
0 0.853827159375 0.2424256828125 0.8067672796875 0.0425217953125 0.7973136390625 0.015270732812500002 0.7374605203125 0.031154773437499998 0.6022127875 0.0741631453125 0.5831917109375 0.0778940375 0.5873255421875 0.099635034375 0.6236543625000001 0.190330265625 0.6268976203125 0.21137856406250002 0.6734879421875 0.33475616874999997 0.689660059375 0.3391013609375 0.782270975 0.30821463437499996 0.8577010375 0.279059465625 0.8596121609375 0.27299846250000004 0.853827159375 0.2424256828125
0 0.41622674374999996 0.64514096875 0.4107533265625 0.6484311843749999 0.41310601093750005 0.6687867875 0.5492294140625 0.7307521375 0.567300840625 0.729713271875 0.573676646875 0.7264388046875 0.6359962484375 0.6726773500000001 0.6452564656249999 0.6592959640625 0.6446612953125 0.6416796437500001 0.6375248906250001 0.6368150203125 0.61689990625 0.6290063453125 0.5821202765625 0.6046989734375 0.5329142265625 0.579462634375 0.518570521875 0.5737950546875 0.5085969734375 0.5763295703125 0.49782737812500005 0.5727558312500001 0.497969171875 0.5646324921875 0.487223209375 0.5597048625000001 0.46904543906249996 0.56683623125 0.4670870515625 0.5756050125 0.475910071875 0.5872705890625001 0.47486588906250005 0.595378178125 0.42274434687499995 0.6337431640625 0.41622674374999996 0.64514096875
3 0.223299109375 0.6123681125 0.23073632812499997 0.6154096796874999 0.22146434843749999 0.6116237234375 0.16773884375 0.669842546875 0.1762244046875 0.683827571875 0.19981132968749998 0.6854134640625 0.22524489218750002 0.6713941343750001 0.23632060625 0.6596540265625 0.23722456875 0.649392003125 0.23044534843750003 0.6396818265624999 0.2248625046875 0.632899540625 0.23086856562500002 0.6218483109374999 0.2322551015625 0.6163124234375 0.29828330625 0.5407531999999999 0.28701482968750003 0.5311122796875 0.22115492187500002 0.5964609703125 0.20809251718750002 0.6079382 0.20172394218749998 0.60841954375 0.19749154687499998 0.6148205875 0.1868667 0.6193474250000001 0.161406278125 0.6175297484375 0.1352209640625 0.6306603984375 0.1237779328125 0.656152453125 0.1367652453125 0.6705417640625 0.15406679375000001 0.671927884375 0.1805680921875 0.6494858265625 0.2165535 0.61283339375 0.22338705781249998 0.6073296125 0.223299109375 0.6123681125
2 0.2842708140625 0.8615575078125 0.297972084375 0.8523165468749999 0.3062944640625 0.84095024375 0.3007177875 0.7467288859375001 0.3040512109375 0.71089805625 0.3005952625 0.7020347671875 0.2917249734375 0.6930769703124999 0.26752588125 0.6831744578125 0.24770875625 0.6807970937500001 0.2142730765625 0.6829220765625 0.18235859062499998 0.7013252421875 0.1712345109375 0.71805985 0.17102182187499998 0.730244859375 0.1839314109375 0.7663592109375 0.203197540625 0.8520165546875 0.21472773125 0.8637293859374999 0.226376084375 0.868672765625 0.2552407359375 0.8698537515625 0.2842708140625 0.8615575078125
0 0.0008899203124999999 0.49636663593749997 0.1187528421875 0.57020196875 0.1268389 0.5723745640625 0.1332028921875 0.56977704375 0.27282823125 0.48283025312500005 0.2739196796875 0.47201488593749996 0.260608340625 0.45891666249999996 0.066416053125 0.31061666718750003 0.0537353328125 0.313103928125 0.003548546875 0.344054021875 0.0008899203124999999 0.49636663593749997