2 0.9124548734375001 0.3622207171875 0.9666064984375 0.3425863234375 0.9864620937499999 0.327691265625 0.9990974734375 0.3121191609375 0.9990974734375 0.2748815171875 0.9900722015625 0.2613405546875 0.9638989171875 0.24170616093750003 0.9476534296875 0.23425863281249998 0.9287003609375001 0.2308733921875 0.8925992781250001 0.22951929531249998 0.8763537906250001 0.23222748750000002 0.8564981953125 0.2396750171875 0.83935018125 0.251184834375 0.8267148015625001 0.26743398749999997 0.8203971125 0.28165199687500003 0.81498195 0.310088015625 0.7897111906250001 0.3568043328125 0.792418771875 0.3730534875 0.8050541515624999 0.38591739999999997 0.8294223828125 0.3940419765625 0.8447653421875 0.3940419765625 0.8646209390624999 0.38862559218750004 0.9124548734375001 0.3622207171875
2 0 0.22410291093749998 0.1119133578125 0.3026404875 0.12635379062500002 0.310088015625 0.1462093859375 0.30941096875 0.161552346875 0.3019634390625 0.18501805 0.2843601890625 0.191335740625 0.272173325 0.1904332125 0.2633717 0.0685920578125 0.1428571421875 0.045126353125000004 0.131347325 0.032490975 0.132701421875 0.027978339062500003 0.14082599843750002 0 0.1496276234375 0 0.22410291093749998
2 0.45848375468749997 0.316858496875 0.5415162453125 0.31821259375 0.55144404375 0.31550440156250004 0.5550541515625 0.31076506406250004 0.5649819500000001 0.24779959375 0.55685920625 0.24306025781249999 0.3483754515625 0.203114421875 0.3429602890625 0.205145565625 0.335740071875 0.21936357499999998 0.32942238281249997 0.2613405546875 0.32942238281249997 0.3019634390625 0.3312274375 0.310088015625 0.3366426 0.314827353125 0.3610108296875 0.310088015625 0.438628159375 0.31347325625 0.45848375468749997 0.316858496875
0 0 0.7156398109375 0.04061371875 0.7352742046875 0.064079421875 0.7373053484375001 0.091155234375 0.7061611375 0.0974729234375 0.6926201765625 0.1227436828125 0.6628300609375 0.12635379062500002 0.6621530124999999 0.129061371875 0.6540284359374999 0.16064981875 0.6100203109375 0.22382671406250002 0.5280974953124999 0.2247292421875 0.5172647265625 0.20036101093749997 0.5044008125 0.054151625 0.44955991875 0.0442238265625 0.4522681109375 0.0063176890624999996 0.498984428125 0 0.5084631015625 0 0.7156398109375
2 0.032490975 0.463777928125 0.030685920312499997 0.44955991875 0.0009025265625000001 0.4184157078125 0 0.505754909375 0.032490975 0.463777928125
1 0.308664259375 0.42315504375 0.3023465703125 0.4163845640625 0.28519855625 0.41435341875000004 0.2806859203125 0.4184157078125 0.2337545125 0.5585646578125 0.2328519859375 0.566689234375 0.2355595671875 0.5687203796875 0.25541516249999996 0.5714285718750001 0.26083032500000003 0.566689234375 0.30685920625 0.4339878125 0.308664259375 0.42315504375
1 0.5189530687499999 0.6784021671875 0.5135379062500001 0.6519972921875 0.5171480140625 0.6269465125 0.5009025265625 0.6276235609375 0.4900722015625 0.6607989171875001 0.45938628125000003 0.78943805 0.4620938625 0.79620853125 0.47833935 0.798239675 0.48555956718750004 0.79620853125 0.4900722015625 0.7867298578125 0.5189530687499999 0.6784021671875
1 0.6001805046875 0.7440758296875 0.5956678703125 0.7386594453125 0.575812275 0.7305348687500001 0.5712996390625 0.7339201078124999 0.48555956718750004 0.8320920781250001 0.48104693125000003 0.8449559921875001 0.454873646875 0.8686526750000001 0.452166065625 0.8727149624999999 0.454873646875 0.8815165875 0.468411553125 0.8882870687500001 0.47472924218749996 0.8869329718750001 0.5920577625 0.7569397421875 0.6001805046875 0.7440758296875
0 0.5279783390625 0.6059580234374999 0.5685920578125 0.5937711578125 0.610108303125 0.589031821875 0.5911552343750001 0.52606635 0.5270758125 0.345294515625 0.5207581234374999 0.3358158421875 0.3131768953125 0.3832092078125 0.3095667875 0.3845633046875 0.3095667875 0.3940419765625 0.314079421875 0.41096817812499997 0.3808664265625 0.6310088015625 0.3971119140625 0.6310088015625 0.5279783390625 0.6059580234374999
0 0.639891696875 0.4698713609375 0.6976534296875 0.474610696875 0.7680505421875 0.47596479374999995 0.7653429609375 0.3121191609375 0.7635379062500001 0.2924847671875 0.7572202171875 0.28300609374999997 0.7626353796875 0.2789438046875 0.7590252703125 0.268788084375 0.7545126359375 0.26743398749999997 0.7472924187500001 0.2714962765625 0.7400722015625 0.26811103593749996 0.6191335734375001 0.27081922812500003 0.6055956671875 0.272850371875 0.588447653125 0.28097495 0.58393501875 0.295192959375 0.5812274375 0.38794854375 0.580324909375 0.46784021718749996 0.5821299640625 0.4820582265625 0.5848375453125 0.48341232187500005 0.6146209390624999 0.48476641875000004 0.6218411546875 0.47393365000000004 0.639891696875 0.4698713609375
4 0.8050541515624999 0.5335138796875001 0.8077617328125 0.5220040625 0.8050541515624999 0.498984428125 0.797833934375 0.48544346718750003 0.7879061375 0.479350034375 0.7680505421875 0.47664184218749994 0.6299638984375 0.4719025046875 0.6200361015625 0.4773188890625 0.615523465625 0.49221394687500003 0.6173285203125001 0.5402843609375 0.6245487359374999 0.56127285 0.6308664265624999 0.5660121874999999 0.7788808671874999 0.55044008125 0.795126353125 0.5463777921874999 0.8050541515624999 0.5335138796875001
4 0.6137184109375 0.7014218015625 0.639891696875 0.68652674375 0.6552346578125 0.6641841578125 0.6579422375 0.6465809078125 0.6462093859375 0.62085308125 0.6227436828124999 0.6025727828125 0.601985559375 0.5958023015625 0.5866426 0.5937711578125 0.547833934375 0.6012186859375 0.5279783390625 0.6147596484375 0.5153429609375 0.635071090625 0.5153429609375 0.6614759640625001 0.5234657046875 0.67772511875 0.542418771875 0.6932972234375 0.5631768953125 0.7020988484374999 0.5929602890625 0.704807040625 0.6137184109375 0.7014218015625
2 0.957581228125 0.5633039953125001 0.9819494578124999 0.5619498984375 0.9990974734375 0.5565335140625 0.9990974734375 0.44685172656249994 0.9864620937499999 0.44685172656249994 0.968411553125 0.452945159375 0.9232851984374999 0.4603926875 0.8962093859375001 0.47596479374999995 0.8853790609375001 0.49424509062500005 0.884476534375 0.5091401484375 0.8880866421875 0.5226811109375 0.8971119140624999 0.5368991203125 0.9151624546875 0.5511171296875 0.9386281593750001 0.5605958015625 0.957581228125 0.5633039953125001
1 0.935920578125 0.6046039265625 0.9332129968749999 0.60731211875 0.9449458484375001 0.6194989843750001 0.9990974734375 0.663507109375 0.9990974734375 0.6269465125 0.9584837546875 0.5924170609375 0.935920578125 0.6046039265625
0 0.35649819531250004 0.8964116453125 0.4395306859375 0.860528096875 0.467509025 0.8517264718750001 0.47111913281250006 0.8449559921875001 0.47743682343750005 0.8415707515624999 0.47472924218749996 0.8307379828125001 0.452166065625 0.7989167234375001 0.45126353750000003 0.79146919375 0.357400721875 0.640487475 0.333032490625 0.603926878125 0.322202165625 0.59851049375 0.31227436875 0.597833446875 0.314079421875 0.591062965625 0.2942238265625 0.5903859171875 0.2969314078125 0.59851049375 0.29061371875 0.608666215625 0.2599277984375 0.6188219359375 0.2373646203125 0.6310088015625 0.2247292421875 0.635071090625 0.21660649843750002 0.6343940421875 0.20667870000000002 0.6445497625 0.1416967515625 0.6682464453125 0.13267147968749998 0.6750169265625 0.1308664265625 0.685172646875 0.137184115625 0.7007447531250001 0.2436823109375 0.8869329718750001 0.2707581234375 0.9262017609375001 0.2788808671875 0.9255247125 0.35649819531250004 0.8964116453125
0 0.8240072203125001 0.698713609375 0.81498195 0.69532836875 0.6543321296875 0.6709546375000001 0.6435018046875001 0.6878808390625 0.6281588453125 0.698713609375 0.618231046875 0.7000677046875 0.612815884375 0.704807040625 0.5712996390625 0.8727149624999999 0.569494584375 0.8889641171875 0.574909746875 0.8916723093750001 0.7671480140625 0.9262017609375001 0.7806859203125 0.9262017609375001 0.7861010828125 0.915368990625 0.8240072203125001 0.698713609375
3 0.8318166203124999 0.5933977765625 0.8231669671875 0.5941530125 0.8246349484375 0.6033961140625 0.9230451265624999 0.5995037234375 0.9392788812499999 0.5840785375 0.9268573999999999 0.5721347328124999 0.919273465625 0.5646648609375 0.8953086640624999 0.5602288421875 0.8750442234375001 0.5622931624999999 0.8647263531249999 0.5684242734375 0.8479648015624999 0.5919878125 0.845796546875 0.5921771312499999 0.8449786749999999 0.5939683828125 0.8318166203124999 0.5933977765625
3 0.6911398921874999 0.6131841578125 0.66463176875 0.6159322953124999 0.8041384265625 0.6173649906249999 0.8037851984375 0.61779146875 0.82220306875 0.6173412328125 0.82220306875 0.6105964796875 0.816014440625 0.6105964796875 0.8171098328124999 0.609468434375 0.8136579421875 0.6095741375 0.8183844765625 0.601247121875 0.8232346578125 0.593025728125 0.8318166203124999 0.5933977765625 0.845796546875 0.5921771312499999 0.85363176875 0.5750169265625 0.8647263531249999 0.5684242734375 0.8671827125 0.5649711015625 0.8524449453124999 0.574509140625 0.845037003125 0.5911306703125 0.8227391703125001 0.592928909375 0.813693140625 0.5971740015625 0.6657915156249999 0.60672511875 0.6911398921874999 0.6131841578125
3 0.8255582625000001 0.60920973125 0.8269684109375 0.6180886937500001 0.8395018046875 0.6176046046875 0.8557797828125 0.6217948546875001 0.8615703968749999 0.6336831421875 0.8677184109375 0.6427887609375 0.8888962093749999 0.646145565625 0.925532490625 0.6432017609375 0.9405568593750001 0.6311286390624999 0.9425054156250001 0.617528096875 0.9272824906249999 0.6060947875 0.8255582625000001 0.60920973125