1 0.783989975 0.969140115625 0.7850027625 0.9629048625 0.779834284375 0.9579310375000001 0.6067792890625 0.8308707999999999 0.6019191921875 0.8565698765624999 0.6055562265625001 0.8637339781250001 0.76316126875 0.98337243125 0.7735601437499999 0.9796690343750001 0.783989975 0.969140115625
1 0.886906403125 0.754136221875 0.902646640625 0.756754975 0.9146943609375 0.7447099421875001 0.9147253171875 0.737884421875 0.8992753656250001 0.730462634375 0.7189824984375 0.6600260578125 0.70592841875 0.6571556171874999 0.6986479203125 0.663978140625 0.694745128125 0.675942278125 0.886906403125 0.754136221875
1 0.6580097281249999 0.6650567859375001 0.670182475 0.5267815484375 0.6688858296875 0.516669109375 0.650459428125 0.514302040625 0.6442781640625 0.5155634734375 0.6419932562499999 0.52601149375 0.62834455 0.67397669375 0.65474299375 0.6749145390625 0.6580097281249999 0.6650567859375001
1 0.41583180000000003 0.46533078124999994 0.42334067031249994 0.46735626718749995 0.51412054375 0.4615794796875 0.6109952421875 0.4538670953125 0.62301200625 0.448647584375 0.62174631875 0.43170962187499995 0.5945389328124999 0.43152983593750005 0.43059663906249995 0.4462085390625 0.41840699218750005 0.45007972656249995 0.4145042 0.46204386406250003 0.41583180000000003 0.46533078124999994
3 0.8814512171875 0.4571810828125 0.8876815390624999 0.484570065625 0.9071452578124999 0.4950270828125 0.9289803203125 0.49571024374999995 0.9381380343749999 0.489394090625 0.9410280406249999 0.4836652078125 0.9625728171875 0.489151403125 0.9778808421875 0.48839934218750003 0.9911697203125 0.4789670640625 0.996227228125 0.46894152031249997 0.9943254859374999 0.454109940625 0.98436525625 0.44003342187500005 0.9716014640624999 0.43235995000000005 0.9465615828124999 0.42788349999999997 0.9394294437499999 0.4217291421875 0.9374967406250001 0.4137230859375 0.9298149859375 0.4103492734375 0.8950934937499999 0.3303666125 0.8871524125000001 0.3249703109375 0.8826445171874999 0.332215309375 0.9059607765625 0.40098589531249995 0.9038178 0.4196077640625 0.9074548328125 0.42677186718750004 0.9064420484375001 0.4330071203125 0.89029411875 0.441342759375 0.8814512171875 0.4571810828125
2 0.8132972546874999 0.427407040625 0.8332860609375 0.42075830625000005 0.8489153281249999 0.4083776921875 0.858653615625 0.3924554734375 0.86432265625 0.3659983390625 0.8864608671875001 0.3195770109375 0.8893818296875 0.3070226046875 0.8887212437500001 0.29480378281249997 0.8814471781250001 0.2804755765625 0.8514426578125001 0.2655481078125 0.8295211515625001 0.2641907859375 0.8126816828125 0.267133125 0.7913343171875 0.2773204609375 0.7832448765625 0.28490104375 0.7469224 0.34083854687500004 0.7301074562500001 0.358106090625 0.72036916875 0.374028309375 0.7467056953125 0.38861719687499996 0.763421334375 0.4129769453125 0.7651501921875 0.4264601984375 0.7680956828125 0.428231 0.797353171875 0.430265484375 0.8132972546874999 0.427407040625
2 0.670537065625 0.3104712390625 0.6859689203125 0.282417090625 0.704352696875 0.23498302031249999 0.7200993671875 0.21645104375000002 0.7253607203125 0.20094830312499998 0.72294031875 0.18207174843750001 0.7137890328125 0.167237171875 0.692911271875 0.1528190734375 0.67584343125 0.146913403125 0.649272103125 0.14462723125000002 0.6233923171875 0.1477343625 0.6024216828125 0.15379282968750002 0.575671040625 0.1713090625 0.56350591875 0.1895054546875 0.56329564375 0.21613337968750002 0.579115896875 0.240577021875 0.5978132921875 0.3015932375 0.6142141156250001 0.3164308125 0.63012724375 0.32039789218750003 0.648121428125 0.3193941453125 0.670537065625 0.3104712390625
4 0.75937018125 0.4379179640625 0.763272975 0.4259538265625 0.7611119015625001 0.4090997625 0.7478604109375 0.390555790625 0.725451203125 0.3783279703125 0.6978116046875 0.3747773703125 0.6764087546875001 0.3774650234375 0.6581242828125 0.3832718046875 0.6440264578125 0.39346214062499996 0.6298976765625001 0.410478 0.6261368109375 0.430615984375 0.6470636265625 0.4736844921875 0.6573141437500001 0.48295797812499996 0.6789453625 0.48911833437499996 0.6994528250000001 0.48651457656249997 0.7105741984375 0.481378959375 0.750095065625 0.4503854734375 0.75937018125 0.4379179640625
4 0.3014365609375 0.62614698125 0.2994483734375 0.6106412390625 0.288419871875 0.595300290625 0.26537460625 0.5851788546875001 0.23317162812499997 0.58137356875 0.18762428125 0.579500878125 0.1698894265625 0.5825271109375 0.1495238921875 0.593304715625 0.13591376718749998 0.61436555 0.13743878125 0.6333259984375 0.151239890625 0.6490894234375 0.21344738593749998 0.667822178125 0.236610053125 0.67179225625 0.26069906249999997 0.668852915625 0.2795331515625 0.6602655921875 0.293198759375 0.646704440625 0.3014365609375 0.62614698125
2 0.17607712343749998 0.560114953125 0.19031687343749998 0.5580984640625 0.21004635 0.549427240625 0.22122964218750002 0.53064058125 0.2214644421875 0.5183378640625 0.2061628484375 0.49793919531249997 0.1735031265625 0.4764378921875 0.1373237703125 0.441621125 0.11517389375 0.43141579218750004 0.0938884453125 0.4279520875 0.0583322875 0.4333303921875 0.02846326875 0.4477274984375 0.0108330796875 0.46543329531250005 0.0120465671875 0.5175696203125 0.013938465624999999 0.5323244109374999 0.02329359375 0.5416817921875 0.037675273437500004 0.547839146875 0.0644194875 0.5514736421875 0.092176490625 0.5488728843749999 0.17607712343749998 0.560114953125
2 0.3850440609375 0.3665584609375 0.3815244265625 0.353242996875 0.359844153125 0.318432228125 0.34745709062499996 0.306629884375 0.2289137828125 0.3361581609375 0.188213675 0.3508878484375 0.1653658234375 0.35643994375 0.1419993140625 0.3579470609375 0.14046786875 0.3601373421875 0.1448828890625 0.37336890624999997 0.1631854578125 0.40303806093750005 0.204502334375 0.44965417343749997 0.2589544953125 0.4220374984375 0.2799251296875 0.41597903125 0.382617228125 0.368832634375 0.3850440609375 0.3665584609375
0 0.603481596875 0.847554075 0.6281033203125 0.7074301390625 0.627356290625 0.6945371546875 0.6224471406250001 0.6915858187499999 0.436102071875 0.672885975 0.398150040625 0.67371293125 0.37088716875 0.6660334609375 0.3184670125 0.6600289 0.2866962484375 0.6595944265625 0.27204880781249996 0.672565309375 0.26447159375 0.7053415937499999 0.24673554375 0.80729594375 0.2466981546875 0.8352721937500001 0.2607340640625 0.8387329015624999 0.5564828187499999 0.8696965531249999 0.5938852375 0.871650140625 0.598652459375 0.8664276296875 0.603481596875 0.847554075
0 0.6059365390625 0.56282075625 0.6129886671875 0.547150225 0.6144646265625 0.5374602625 0.6096728765625 0.52835756875 0.6015279515625 0.5284384625 0.591882534375 0.5238841171875 0.4714748703125 0.510604565625 0.4507945234375 0.5118599984375 0.40776045468750005 0.5083872953124999 0.398312453125 0.5195064796875 0.3649716609375 0.648166653125 0.364736859375 0.6604693703125 0.37822315156249997 0.666710621875 0.534069571875 0.680763228125 0.5701134296875 0.68625541875 0.5842667359375 0.683564765625 0.60347231875 0.5930711796875 0.6059365390625 0.56282075625
0 0.3988934109375 0.5047445203125001 0.5813426500000001 0.5204152343749999 0.5078738484375 0.4625850515625 0.41774905625000003 0.46800094843749995 0.4142567515625 0.4497256078125 0.414605209375 0.44796274374999995 0.483788715625 0.4406153203125 0.4175681421875 0.3858994671875 0.24895462968749998 0.4964411234375 0.372126090625 0.6097822171875 0.3988934109375 0.5047445203125001
2 0.0853270109375 0.6579943375 0.0442875609375 0.648876646875 0.0355375328125 0.6442384046875 0.033141659375 0.6396870578125 0.027942221875 0.6415387546875 0.0420324203125 0.7514272625 0.0753655890625 0.7428459359375 0.1002080578125 0.731648853125 0.10399345 0.7258360749999999 0.11771454374999998 0.719774609375 0.12936100625 0.697533240625 0.128700421875 0.68531441875 0.1150722015625 0.6708993171875 0.0853270109375 0.6579943375
0 0.621518978125 0.443752675 0.6219328125 0.43029487499999997 0.6275993578125 0.427711690625 0.627376753125 0.41747405468750004 0.6303873046875 0.4069328 0.6367671640625 0.4014111390625 0.64855355 0.391278409375 0.6595739515625 0.3836804171875 0.6565686421875 0.38039718906250003 0.512001459375 0.24905075625 0.3816852125 0.3297908640625 0.4889305859375 0.439063753125 0.620855659375 0.430395803125 0.621518978125 0.443752675