2 0.088447653125 0.3493568046875 0.10740072187500001 0.3723764390625 0.13267147968749998 0.3845633046875 0.1687725625 0.3906567359375 0.20036101093749997 0.38591739999999997 0.2373646203125 0.37440758281250003 0.2671480140625 0.341232228125 0.2653429609375 0.3141503046875 0.2436823109375 0.2890995265625 0.1814079421875 0.1760324984375 0.16606498125 0.159106296875 0.1462093859375 0.148273528125 0.1272563171875 0.143534190625 0.0866426 0.1428571421875 0.064079421875 0.1475964796875 0.045126353125000004 0.15639810468749998 0.032490975 0.1658767765625 0.022563176562500002 0.18280297968749998 0.0207581234375 0.194312796875 0.027978339062500003 0.215978334375 0.059566787499999996 0.27420446875 0.064079421875 0.2897765734375 0.08393501875 0.3215978328125 0.088447653125 0.3493568046875
2 0.40342960312500004 0.24441435312499998 0.4070397109375 0.24306025781249999 0.41606498125 0.24576845 0.4259927796875 0.23899796874999998 0.4837545125 0.18009478750000002 0.5018050546875 0.1706161140625 0.532490975 0.17332430625 0.54061371875 0.1597833453125 0.56227436875 0.1387948546875 0.5685920578125 0.12525389375 0.569494584375 0.10968178749999999 0.5658844765625 0.0947867296875 0.5487364625 0.07244414375 0.5108303249999999 0.049424509374999995 0.47111913281250006 0.040622884375 0.42689530624999994 0.0392687875 0.379061371875 0.0480704125 0.3501805046875 0.0683818546875 0.3375451265625 0.09004739375000001 0.341155234375 0.12186865312499999 0.36552346562500004 0.1536899125 0.37274368281250003 0.17806364218749998 0.37725631718749997 0.1814488828125 0.3835740078125 0.22410291093749998 0.40342960312500004 0.24441435312499998
2 0.3880866421875 0 0.37364620937500004 0.040622884375 0.37274368281250003 0.050101557812499996 0.4025270765625 0.040622884375 0.454873646875 0.0365605953125 0.5144404328125 0.0480704125 0.5388086640624999 0.06296547031250001 0.55144404375 0.0717670953125 0.5685920578125 0.095463778125 0.5731046937500001 0.113067028125 0.5712996390625 0.123899796875 0.564079421875 0.1340555171875 0.5692996390625 0.132846309375 0.583598375 0.13570548437500002 0.5902716609375 0.137135409375 0.59503790625 0.1385646578125 0.5998041515625 0.1421387953125 0.604570396875 0.141424509375 0.6064981953124999 0.14556533437500002 0.6146209390624999 0.1367637109375 0.6552346578125 0.0683818546875 0.6543321296875 0.06296547031250001 0.54061371875 0 0.3880866421875 0
2 0.9990974734375 0.27826675624999997 0.9990974734375 0.09004739375000001 0.9873646203125 0.0927555859375 0.9693140796874999 0.1056194984375 0.9620938625000001 0.11848341250000001 0.9584837546875 0.1360866625 0.9476534296875 0.1536899125 0.865523465625 0.26743398749999997 0.8637184109374999 0.277589709375 0.8763537906250001 0.303994584375 0.8898916968749999 0.31076506406250004 0.9160649812500001 0.316858496875 0.9431407937499999 0.31347325625 0.9990974734375 0.27826675624999997
4 0.8555956671875 0.4895057546875 0.9187725625000001 0.47528774531250007 0.95397111875 0.4644549765625 0.968411553125 0.45497630312500004 0.9765342953125 0.43534190937500006 0.9747292421875 0.415707515625 0.9666064984375 0.40081245781249997 0.9503610109375 0.38862559218750004 0.93501805 0.38524035156249997 0.8637184109374999 0.3845633046875 0.7527075812499999 0.38794854375 0.7355595671875 0.3974272171875 0.7247292421875 0.419769803125 0.7238267140625 0.44549762968750006 0.7337545125 0.4773188890625 0.7472924187500001 0.49424509062500005 0.75812274375 0.5016926203125001 0.7698555953125 0.5050778609375 0.8555956671875 0.4895057546875
3 0.9900722015625 0.51997291875 0.989169675 0.529451590625 0.9819494578124999 0.5355450234375 0.919675090625 0.5477318890625 0.838447653125 0.555856465625 0.7833935015625 0.5646580906249999 0.7870036093749999 0.575490859375 0.814079421875 0.5795531484375 0.9079422375 0.575490859375 0.9990974734375 0.566689234375 0.9990974734375 0.505754909375 0.9900722015625 0.51997291875
1 0.7346570390625 0.658767771875 0.7319494578125 0.6492891000000001 0.7120938625 0.6411645234375001 0.7012635375 0.6418415703125 0.574909746875 0.8381855109374999 0.5740072203125 0.84427894375 0.5794223828125 0.8490182796875001 0.6028880859375 0.8591740015625 0.607400721875 0.8571428578125 0.717509025 0.6892349359375001 0.7346570390625 0.658767771875
1 0.702166065625 0.9952606640624999 0.7030685921875001 0.9993229515625 0.7454873640625 0.9993229515625 0.7355595671875 0.7440758296875 0.7003610109375 0.7427217328125 0.694043321875 0.746784021875 0.6976534296875 0.8882870687500001 0.699458484375 0.900473934375 0.707581228125 0.9065673656250001 0.7111913359375001 0.91469194375 0.7012635375 0.94719025 0.702166065625 0.9952606640624999
0 0.6687725625 0.9993229515625 0.6976534296875 0.9431279625 0.7012635375 0.9302640484375001 0.7084837546875 0.920785375 0.7084837546875 0.9140148953124999 0.702166065625 0.9079214625 0.695848375 0.9065673656250001 0.6922382671875 0.8997968859375 0.56768953125 0.845633040625 0.532490975 0.833446175 0.4043321296875 0.775220040625 0.28519855625 0.727826675 0.2680505421875 0.735951253125 0.26353790625 0.7298578203125 0.2436823109375 0.7515233578125 0.150722021875 0.8700067703125001 0.1416967515625 0.8869329718750001 0.114717509375 0.9148794859375 0.0701471125 0.903738659375 0.0470361015625 0.9371604609374999 0.0998601078125 0.945825321875 0.0866543328125 0.9582037921875 0.0929602890625 0.9661475968750001 0.1552346578125 0.991198375 0.16606498125 0.9993229515625 0.6687725625 0.9993229515625
0 0 0.794785375 0.11642599218750001 0.764387271875 0.4151624546875 0.676371021875 0.398014440625 0.63371699375 0.28249097500000003 0.398104265625 0.27346570468750003 0.38862559218750004 0.25541516249999996 0.37846987187500003 0.2445848375 0.37846987187500003 0.1949458484375 0.38862559218750004 0.0956678703125 0.412322275 0.032490975 0.4312796203125 0.0288808671875 0.4346648609375 0.0171480140625 0.43737305312499997 0 0.450662153125 0 0.4642782671875 0 0.6251990515625 0 0.794785375
0 0.6589070390625 0.576620853125 0.705617328125 0.56804333125 0.7647193140625 0.5516018953125 0.533074909375 0.1736073125 0.493990975 0.17003317499999998 0.357556859375 0.3204509140625 0.3576741875 0.34644549687500004 0.40152436874999997 0.45724441406249994 0.481598375 0.62880365625 0.645561371875 0.5737616796875 0.6589070390625 0.576620853125
0 0.7590252703125 0.38591739999999997 0.903429603125 0.3832092078125 0.903429603125 0.377115775 0.8610108296875 0.2762356125 0.8339350187499999 0.1976980359375 0.81498195 0.1794177390625 0.8014440437499999 0.17129316249999998 0.7933213 0.1706161140625 0.6651624546875 0.1794177390625 0.6489169671874999 0.18280297968749998 0.6353790609375001 0.19092755625 0.6227436828124999 0.1888964109375 0.6218411546875 0.1922816515625 0.6191335734375001 0.2064996609375 0.672382671875 0.40081245781249997 0.6814079421875 0.4204468515625 0.7220216609375 0.4184157078125 0.7364620937499999 0.394719025 0.7590252703125 0.38591739999999997
0 0.792418771875 0.9573459718749999 0.9061371843750001 0.9587000671875 0.9864620937499999 0.9627623562500001 0.9990974734375 0.9607312125 0.9990974734375 0.6553825328125 0.7608303249999999 0.6425186187499999 0.7472924187500001 0.6425186187499999 0.7391696750000001 0.6465809078125 0.74187725625 0.685172646875 0.7382671484375 0.70412999375 0.7382671484375 0.750846309375 0.7481949453125 0.9519295874999999 0.7554151625000001 0.9546377796875 0.792418771875 0.9573459718749999