2 0.901760884375 0.560596546875 0.852263959375 0.593184046875 0.7892916375000001 0.6274214015624999 0.7859656796875 0.63054936875 0.7875996140625 0.63783139375 0.869266603125 0.80060045625 0.8769215734375001 0.80442454375 0.8934932718749999 0.8064767265624999 0.957276821875 0.7986674093749999 0.981618221875 0.7897561484375 0.9832389218750001 0.7201242328124999 0.9580758890625001 0.6604912656249999 0.9422802906250001 0.6114110421875 0.9256329390625 0.5903228390625 0.9099798640625 0.5609506375 0.906520165625 0.5627346 0.901760884375 0.560596546875
2 0.5818380640624999 0.863679409375 0.628686515625 0.8593039109375 0.63158220625 0.8609899453125 0.6923363218749999 0.8501505921874999 0.7211797515625 0.8384568921875 0.7319891140625 0.8282909984375 0.7311866703125001 0.82022698125 0.7225664671875001 0.8158408828124999 0.70848045625 0.7930787046875001 0.6823928968749999 0.7228123453124999 0.677863271875 0.7138442875 0.673103990625 0.711706234375 0.6659171140625 0.71258615625 0.6620271468750001 0.7191841203125 0.6112745453125 0.8396697015625 0.5960693 0.842211540625 0.5668827359375 0.8321812124999999 0.5561024171875 0.833501096875 0.54682229375 0.8407590046875001 0.5438306890625 0.8472469796875 0.5483603125000001 0.8562150390625 0.5818380640624999 0.863679409375
2 0.45604134375000005 0.823986003125 0.543926603125 0.8390729718750001 0.55154375 0.8333790484374999 0.5533695125 0.8243130578125 0.5424844984375 0.8154429296875 0.502910059375 0.7924004765625 0.473485059375 0.770836134375 0.46250413124999995 0.7701400140625 0.45350027031250006 0.798449946875 0.45604134375000005 0.823986003125
2 0.1431128953125 0.9323587296875001 0.207594190625 0.9224234156250001 0.21893851875 0.9176335343750001 0.22608757031249999 0.9072355999999999 0.22169168749999998 0.8996115453125 0.220517065625 0.878669509375 0.2268663734375 0.7962694875 0.227203428125 0.735691425 0.222042925 0.7295213625 0.20273831874999998 0.7182811421874999 0.1348932390625 0.7218264109375 0.127610446875 0.730880340625 0.12661617187500002 0.7391643390625 0.061440503125000004 0.8974658046874999 0.04993339375 0.9097576953125 0.0479738875 0.91747968125 0.057893671875 0.9257877984375 0.06914208125 0.9291719234375 0.09855830156249999 0.9323722468750001 0.1431128953125 0.9323587296875001
2 0 0.645546565625 0.009590956250000001 0.7419290734375 0.0326632671875 0.699653278125 0.0503542015625 0.67640144375 0.049685498437499996 0.6696814296875 0.042393923437499995 0.660371340625 0.0201936296875 0.6474450859374999 0 0.6425470453125001 0 0.645546565625
1 0.43787218437500003 0.4038133484375 0.414447959375 0.406001096875 0.40932528125 0.40934904375 0.40603714843749994 0.4219950234375 0.4008104515625 0.6253311874999999 0.40257812499999995 0.633957215625 0.40940160781249996 0.6385632953125 0.427770028125 0.640395496875 0.44553661250000004 0.6361796843749999 0.45558135625 0.6274677843750001 0.45390621875 0.4644275875 0.4511847953125 0.4096654984375 0.44712326406249997 0.40540145 0.43787218437500003 0.4038133484375
1 0.3224782015625 0.47779817812500003 0.2651169140625 0.48618156562500003 0.23227882187499999 0.49428321718749996 0.164003475 0.5026424859375 0.02349594375 0.5252869875 0.017474907812500003 0.5287449265624999 0.015018265624999999 0.5406089125 0.02071373125 0.5521549875 0.0273366015625 0.5547450625 0.326089203125 0.5140862562499999 0.33211023906250003 0.5106283171875 0.3320345890625 0.49159229687500006 0.3262722515625 0.47937422031250004 0.3224782015625 0.47779817812500003
4 0.32377846093749996 0.691898425 0.3319508328125 0.6643704828125 0.33073838437499997 0.6339104375 0.325406315625 0.6168783609374999 0.307927475 0.59657215 0.2917191734375 0.589033965625 0.1268978375 0.6323402265625 0.0999848671875 0.6451579484375001 0.08894585 0.662153846875 0.0864892078125 0.6740178328125 0.0867276421875 0.6855518484374999 0.0930918140625 0.7038179375 0.10803836093750001 0.7169521140625 0.130133959375 0.71968835625 0.2035029375 0.7168271484375001 0.30355523125 0.707978221875 0.313934328125 0.7026263296875 0.32377846093749996 0.691898425
0 0.2300322484375 0.7367054578125 0.29507485 0.7872382171875 0.3343352 0.779710634375 0.36690581093749997 0.7689209765625 0.4363091734375 0.7536217125 0.43700692343750003 0.7514957171875001 0.41770231874999997 0.7402554968749999 0.4095792546875 0.7317273984375 0.3526306703125 0.6985687453125 0.35043272812500004 0.6947567171875 0.3581079640625 0.671370775 0.3438213421875 0.6465925921875 0.33434060625 0.6518344968750001 0.334148775 0.6681825124999999 0.3287005265625 0.6865344734375001 0.31233821875 0.704862315625 0.289315215625 0.711082071875 0.23604450312499997 0.7148834984375 0.21295463125 0.7204312546875 0.2240693015625 0.7224713781250001 0.2300322484375 0.7367054578125
0 0 0.5280137421875 0.0181726546875 0.5266189328124999 0.066349734375 0.51731944375 0.2358722609375 0.49384325625000003 0.2536388484375 0.48962744375 0.2600901515625 0.48135550625 0.2567175859375 0.45660144062499997 0.230476021875 0.41220110937500004 0.2148519921875 0.3739828984375 0.1211253671875 0.181401671875 0.1090454671875 0.1787995375 0 0.1945698796875 0 0.5280137421875
0 0.3738825578125 0.6084013234375 0.370283471875 0.6217329125 0.238065115625 0.5470675359375 0.2792649234375 0.573330978125 0.3167707421875 0.6037299140625 0.3453886390625 0.6438112234375 0.3575691796875 0.6754689 0.35375334999999997 0.694873903125 0.5800956921875 0.840888075 0.60947616875 0.8391328359375001 0.686909434375 0.644887440625 0.676799565625 0.624660303125 0.64984485625 0.609544384375 0.630305253125 0.545181628125 0.5489105125 0.4532440140625 0.5220231828124999 0.45530821406250005 0.456576065625 0.5566301765625 0.4564748734375 0.6216162328125 0.454255925 0.6323233640625 0.43434114843750005 0.6384448453125 0.40838573437500003 0.6416226875000001 0.399878653125 0.63038684375 0.3987366421875 0.5611589796875001 0.368055153125 0.541588384375 0.314032925 0.5267167781250001 0.2941519015625 0.5414289890624999 0.346498303125 0.5724657265624999 0.3735133953125 0.5881884609375 0.3738825578125 0.6084013234375
0 0.686899971875 0.387896078125 0.5843686031249999 0.42181623906250004 0.6522260875 0.6087195703125 0.6714919921875 0.629074296875 0.6866610546875 0.6247615984375 0.688954375 0.6478078875 0.706194990625 0.6395583359375 0.71458933125 0.66615508125 0.830684253125 0.605903146875 0.9051362734374999 0.553816715625 0.9301106015625 0.596182675 0.96357793125 0.6222841328125 0.9852677468750001 0.632957684375 0.9886211921875001 0.488879971875 0.9686924749999999 0.29323493749999996 0.9517465859375 0.28794325781249996 0.912890853125 0.282878621875 0.8310793437499999 0.335252578125 0.758751303125 0.367435109375 0.686899971875 0.387896078125
0 0.4749742140625 0 0.262068565625 0.02606703125 0.2607108953125 0.03983703125 0.2556550875 0.043856981249999996 0.21422921874999998 0.1849666859375 0.20091390312500002 0.243052603125 0.20171634843750003 0.251116621875 0.2168256828125 0.2567487921875 0.4455413390625 0.298125315625 0.5791848609375 0.32529479375000003 0.6355896999999999 0.334713415625 0.647335246875 0.3339555421875 0.687369 0.3433379859375 0.7427417359375 0.35152259531249996 0.7729225750000001 0.35326892499999996 0.8065252859375001 0.34371327812499997 0.8159391515625 0.337799375 0.83852310625 0.3180295984375 0.8521234640625 0.2993597234375 0.867491496875 0.2893158796875 0.9546931890625 0.1970167234375 0.9609438828125001 0.18672878125 0.946767359375 0.0442644734375 0.9408422359375 0.039548403125 0.93803368125 0.0113243421875 0.9304455796875001 0.00817225625 0.9241570609374999 0.0089421890625 0.915336246875 0.0025400859375 0.9037396953125001 0 0.4749742140625 0
3 0 0.633428959375 0.008573040625 0.6311829421875 0.0172222859375 0.62672303125 0.0237404609375 0.6191230937500001 0.0229380171875 0.6110590765625 0.028357218750000003 0.601553125 0.040867387500000005 0.5993412578124999 0.05374095156249999 0.5916433890625 0.0988885984375 0.579313865625 0.13125859687500002 0.5665082015625 0.1775052171875 0.556084690625 0.20985971406249998 0.5502508203125 0.21533224374999999 0.5432910875 0.214997890625 0.5399310796875 0.20740978906250002 0.5367789953125001 0.16601836875 0.5411665515624999 0.0387565796875 0.5689912015624999 0 0.574890478125 0 0.633428959375