0 0.3412696140625 0.18562050000000002 0.34367476875 0.19296447187500002 0.5392570015625 0.364696684375 0.5472982796875 0.36359528281250003 0.697180596875 0.2626853890625 0.6976394921875 0.2572283625 0.6720464984375 0.2314077203125 0.5082624515624999 0.0729461984375 0.48749845937499997 0.08422335 0.3412696140625 0.18562050000000002
3 0.753945628125 0.172098428125 0.7520726546875001 0.1491068390625 0.7324281125 0.1297649796875 0.7101767578125 0.12278410625 0.6939840296875001 0.1236344578125 0.6765429843749999 0.1313415265625 0.6717513703125 0.1390634328125 0.6748726625 0.15519830625 0.67098064375 0.1628729703125 0.6593960703125 0.16483956093750002 0.6526400031249999 0.1706272796875 0.648968334375 0.1810068359375 0.650070084375 0.1945313015625 0.6552842015625 0.20308599374999997 0.6638763515624999 0.20874682500000002 0.6798305328125 0.21605839375000002 0.6935999109375001 0.21873088125 0.7088379546875 0.2172515484375 0.7246450703125 0.2116676328125 0.777317425 0.21501361718749998 0.8166979921875 0.23263993125 0.8622104703125 0.2479068859375 0.8782379375 0.245027865625 0.8769527281249999 0.24034154531250002 0.7961169625 0.201802278125 0.760004253125 0.17992965625 0.753945628125 0.172098428125
1 0.29034036875 0.1149504875 0.281674934375 0.11948024374999999 0.281271125 0.12561349375 0.3439335015625 0.3070423859375 0.3485416578125 0.308158625 0.372500225 0.3028257546875 0.37060905312500003 0.2907009796875 0.315015071875 0.11840851875 0.3082772015625 0.1133294265625 0.29034036875 0.1149504875
1 0.002951840625 0.2536805765625 0.06285574375 0.32791508281250004 0.09854595000000001 0.33351110781250004 0.10293375468749999 0.3319224515625 0.10170363281250001 0.327912353125 0.002315078125 0.1989573015625 0.002951840625 0.2536805765625
1 0.33025660156250003 0.3498658203125 0.329228634375 0.35942742656250004 0.332202859375 0.3626668171875 0.5532103375 0.391807690625 0.5602600390625 0.3785342734375 0.5597642515625 0.372448265625 0.55594551875 0.3699323390625 0.34106995 0.338432103125 0.3339282703125 0.3394862625 0.33025660156250003 0.3498658203125
1 0.5672945296874999 0.5757876390625001 0.567331421875 0.5873306765625 0.5893073390625 0.5909304359374999 0.5927404593750001 0.5887127984375 0.6541313453125001 0.4550986 0.6626497140625001 0.4376733609375 0.667826940625 0.4346850171875 0.6657523109375 0.431398384375 0.6409674328125 0.42658790468749996 0.6308333312500001 0.43526948593750003 0.5672945296874999 0.5757876390625001
2 1 0.43106980625 0.9982723046875 0.409861575 0.9928747296875 0.410145025 0.9645834453125 0.4177427734375 0.8863185921875001 0.4218528109375 0.8452126140624999 0.42740704999999996 0.83074579375 0.4383535078125 0.8244855140625 0.45022723593749997 0.8264135749999999 0.47389504843749997 0.84297371875 0.488645071875 0.8567430953124999 0.491317559375 0.9275913265625 0.5181572265625001 0.9636489484374999 0.5393536265625001 0.981181971875 0.54386581875 1 0.5428776 1 0.43106980625
2 0.91613114375 0.24439615468749998 0.897129453125 0.24403578593750003 0.811264025 0.254657009375 0.7661740499999999 0.2556666546875 0.73968195625 0.263169915625 0.724370628125 0.274839840625 0.7116297171875 0.2958824046875 0.70957378125 0.31500562187500003 0.739132078125 0.322961009375 0.7515429625000001 0.33113776562499997 0.7678094734375 0.3533734859375 0.7745842359374999 0.369995615625 0.7832496703125 0.36546585781249996 0.794044821875 0.36489895625 0.9314990515625 0.3332324390625 0.9511431 0.3192976375 0.9615157484375001 0.3024541375 0.96417764375 0.2907693765625 0.9622313874999999 0.277968378125 0.9487187531249999 0.25626715624999996 0.9373176390625 0.24939560156249999 0.91613114375 0.24439615468749998
2 0.6945241734375001 0.64041343125 0.6212353890625 0.6945167421875 0.556832390625 0.746795190625 0.532470015625 0.758261309375 0.5328005390625 0.7623186468750001 0.5446974421874999 0.7752762109375 0.5871993015625 0.8090373984375001 0.62145773125 0.8303282828125 0.6447739421875001 0.8392905859375 0.6540817328124999 0.8204656578125 0.6808856546875 0.794609884375 0.7619948671875 0.7034236171875 0.7709539375000001 0.6914081624999999 0.770347975 0.683969709375 0.7262672734375 0.6530078968749999 0.7017760281250001 0.6407117203125 0.6945241734375001 0.64041343125
2 0.47041608906250004 0.75065418125 0.45543478750000005 0.7331047828125 0.435661871875 0.7232772890625 0.42020347812500003 0.7220517296875 0.398044103125 0.727290115625 0.385890459375 0.7333612859375 0.37377370625 0.7509754921875 0.362465565625 0.822876521875 0.3479623515625 0.8555566062500001 0.35090018437500003 0.880529625 0.36711160625 0.9020891203125 0.3861501875 0.9139925234374999 0.40834645312499995 0.9202971765625 0.4516923234375 0.9200582374999999 0.47739499687500003 0.9139546640624999 0.50513540625 0.899594684375 0.52834094375 0.8739278796875001 0.53348128125 0.8593965000000001 0.532507903125 0.8363576687500001 0.5199499515625 0.815285428125 0.4988367421875 0.8000953921875 0.47041608906250004 0.75065418125
2 0.178799921875 0.753065046875 0.156089671875 0.7515412 0.127633125 0.7571102749999999 0.100113065625 0.7741751484375 0.0718404734375 0.8041827421875001 0.036848209375 0.8182444328124999 0.0324422078125 0.8306999015625 0.0415316390625 0.942276728125 0.05934009999999999 0.950170034375 0.0768180359375 0.9540060031250001 0.1238173765625 0.9542543203125 0.1505298203125 0.9494559515625 0.18878994375 0.9311479546875001 0.21295016718749998 0.9061101296875 0.2208625734375 0.8812464359375 0.21932012343750001 0.8623121859375 0.213610221875 0.8476714859375001 0.21256306249999998 0.8015465828125 0.2063022828125 0.7801436500000001 0.1921654890625 0.7618707859375 0.178799921875 0.753065046875
4 0.3136458484375 0.63392953125 0.284748603125 0.6340888203125 0.26528801562500004 0.6391854796875001 0.2505457578125 0.646750821875 0.2342064625 0.667982353125 0.23055348750000002 0.7007717609374999 0.232904053125 0.7407161703125 0.242267428125 0.755844128125 0.2509697546875 0.76285740625 0.2696227234375 0.7700272484374999 0.3003191640625 0.7697734734375 0.3180356453125 0.765447521875 0.33683518281249997 0.7522361828124999 0.344105234375 0.741667659375 0.35620329375000004 0.701643603125 0.36057240468749996 0.6776451 0.358460884375 0.6628154312500001 0.35122722500000003 0.6516503296875 0.33966085 0.6427501062500001 0.3136458484375 0.63392953125
0 0.04783805 0.332099309375 0.044404928125 0.334316946875 0.010903009375 0.566296634375 0.015475268750000002 0.6224231578125 0.2378412375 0.6460597625 0.2432388140625 0.6457763125 0.25877049375 0.63681128125 0.2636171953125 0.629765596875 0.2993953984375 0.3813675859375 0.3000008625 0.3555293796875 0.2650449890625 0.34785744375 0.06768424843750001 0.3317362140625 0.04783805 0.332099309375
0 0.6151648828125 0.5404154015625 0.59500685625 0.5887418265625 0.5870650484375 0.592250903125 0.5666679015625 0.5871373375 0.5654373015624999 0.5792508703125 0.59415575625 0.5133611734375 0.52777486875 0.44052901406249995 0.5089853093750001 0.5715954015625 0.5232797140625001 0.573936753125 0.51912431875 0.587849346875 0.510788415625 0.586520721875 0.5087701484375 0.5906022546874999 0.351167509375 0.5820916046875 0.47707741718749996 0.7137489046875001 0.67439834375 0.6110601890625 0.6151648828125 0.5404154015625
0 0.42838684374999997 0.40107919531249997 0.29965263750000004 0.3956155140625 0.27595330156250003 0.5483029593750001 0.27523766250000004 0.5727887218750001 0.27905639843749996 0.5753046453125 0.3099731859375 0.5777557625 0.36152559375000004 0.5784440953125001 0.50318466875 0.5873037296875 0.509793671875 0.5686205281250001 0.5102338734375 0.54075365 0.5245895218750001 0.46190142031250003 0.52776490625 0.4121591953125 0.515574371875 0.40668732968750004 0.4894860875 0.4080573421875 0.42838684374999997 0.40107919531249997
0 0.675455821875 0.42654722187500005 0.668672128125 0.4252308 0.6563860828125 0.42922200000000005 0.6397286828125 0.42507808750000003 0.62655350625 0.43636486406249997 0.621036271875 0.45059481406249996 0.5703399625000001 0.48392666718750005 0.59458131875 0.5083045375 0.56244775 0.58737933125 0.591150175 0.5936784765625001 0.6188570312499999 0.5331152390625 0.748742015625 0.652317290625 0.89411711875 0.570084128125 0.7449051234375 0.41397857968749996 0.7242529109375 0.42454290156249996 0.702454975 0.43014804218749997 0.675455821875 0.42654722187500005
4 0.719744775 0.31786707812500004 0.69163695 0.3166266828125 0.6650897687499999 0.323453721875 0.6155755968750001 0.347785646875 0.60301814375 0.35999006875 0.5985019671875 0.3710930890625 0.5993282796875 0.3812364375 0.6087467421875 0.3970406171875 0.616439296875 0.4027486921875 0.6550304437500001 0.42177469843750004 0.6699197671875 0.42710483750000006 0.70072638125 0.42820350781250005 0.7167538453125 0.4253244859375 0.7394822921875 0.41598151874999995 0.754793621875 0.40431159687499996 0.768323953125 0.38186934375 0.768250171875 0.35878327187500003 0.7576566765625 0.339645215625 0.7364883765625 0.3237789578125 0.719744775 0.31786707812500004