0 0.2839805890625 0.6095986875 0.2512353515625 0.49823474843750004 0.238035525 0.44014549687500004 0.2229438921875 0.3969776109375 0.192343075 0.3824344515625 0.1797228109375 0.379872371875 0.16977481249999998 0.3833743765625 0.11289696406250001 0.386745384375 0.079470253125 0.39255240156250004 0.006326395312499999 0.3994989515625 0.0061451953125 0.43065423750000004 0.053272509375 0.5520094171875 0.084405621875 0.6302072187500001 0.092485446875 0.6375628453125 0.2459189015625 0.636454184375 0.2684871625 0.6355142546875 0.27573532031250003 0.630689190625 0.2839175640625 0.620435309375 0.2839805890625 0.6095986875
0 0.35749421875 0.38389837031249996 0.497408265625 0.22447222656250002 0.5010697687500001 0.21562545000000002 0.5246824109375 0.190292621875 0.5220140843750001 0.18355125156250002 0.45725730625 0.1450249046875 0.4239605875 0.12848139218750002 0.41139153281249996 0.1171145625 0.3628062234375 0.0912676015625 0.3465914234375 0.0860383921875 0.34121537812499997 0.07932853749999999 0.3205074109375 0.0707654109375 0.30972380625 0.0627640140625 0.29891262812499997 0.0595036375 0.275303921875 0.0841591796875 0.164264328125 0.2446037203125 0.157016171875 0.2494287859375 0.145160609375 0.2705613109375 0.1097160375 0.31296293125 0.106062415625 0.3204551296875 0.1068901453125 0.3333131109375 0.26074953437500004 0.41414588593749996 0.30937817500000003 0.43254267031250004 0.35749421875 0.38389837031249996
0 0.9342850640625 0.21396921249999998 0.9343205156250001 0.2078736140625 0.9153940578125 0.20335321093749997 0.7945438296875 0.188506028125 0.6899084 0.17888805624999998 0.6393333125 0.3399833 0.638344078125 0.3548941609375 0.620872184375 0.4106314453125 0.6217077890625 0.42213485000000006 0.6496520968749999 0.427904775 0.8354442453125 0.44944572968749996 0.9342850640625 0.21396921249999998
0 0.5365124296875 0.7942556062499999 0.550062840625 0.7920661578125 0.5563611546875 0.7953790609375 0.6428737140624999 0.662309721875 0.6456956671875 0.6426368296875 0.6141253140625 0.63961808125 0.586216459375 0.6277525578125001 0.5276122453125 0.6175988 0.5186613609374999 0.60483536875 0.5196742296875 0.5858607796874999 0.502576553125 0.57725563125 0.4944573359375 0.5766728921875 0.487220996875 0.579466090625 0.410581590625 0.7219019140625 0.4032664671875 0.7382408890625001 0.404125709375 0.7456805609375 0.41397916874999996 0.758433484375 0.43378456249999997 0.767007115625 0.5365124296875 0.7942556062499999
2 0.64145168125 0.906810965625 0.6621872234375 0.9106330687499999 0.693773334375 0.9109426624999999 0.7208780953125 0.905886475 0.743497565625 0.8961417921875 0.760740990625 0.8796872546875001 0.7653168828125 0.8687981062500001 0.7636023375 0.8532414781250001 0.7465913203125 0.8297359765625 0.7092938296875 0.7251974531250001 0.6958261390625 0.7131638390624999 0.6823269375 0.706548534375 0.6579653484375 0.7054776078125 0.6489278015625 0.7076145296874999 0.63626420625 0.712502628125 0.6253781843749999 0.7221107390625 0.6067279734375 0.8252687421875 0.59300818125 0.8565816093749999 0.5938319703125 0.8701168796875001 0.59918044375 0.88156775625 0.61894250625 0.8975915625 0.64145168125 0.906810965625
2 0.361507825 0.7800387609375 0.3706123375 0.7663879296875 0.3835674296875 0.7113804625 0.37727699375 0.706712978125 0.2177185484375 0.6747080296875 0.18527319375 0.666958765625 0.1780762453125 0.6629790765625 0.1626261484375 0.68144446875 0.14251350000000002 0.7256993625 0.13330657031249998 0.7569597015625 0.1332277859375 0.770505475 0.136822321875 0.7731726078125 0.154893475 0.769576053125 0.361507825 0.7800387609375
2 0.87044864375 0.79307769375 0.8866595046875 0.79898419375 0.9146235062500001 0.8013676750000001 0.9453464390624999 0.794914884375 0.96617258125 0.7831593484375 0.9752770937499999 0.7695085171875 0.9744611828125 0.7546186687499999 0.9477148828124999 0.69804158125 0.9210710015625001 0.6238549843750001 0.9049192312500001 0.6077891546874999 0.8778971921875 0.5986222796875 0.8454124468750001 0.597645903125 0.825536146875 0.60126346875 0.803831065625 0.6089657796875 0.7938594328125 0.61653151875 0.780218421875 0.6342986109375001 0.7782714671875001 0.6587020156250001 0.79709944375 0.680154640625 0.8551758093749999 0.7810650921875 0.87044864375 0.79307769375
4 0.63849478125 0.63933443125 0.6899138625 0.643476634375 0.7016867015625 0.6365671734375 0.7135028703125 0.6222075375 0.7208298125 0.603836696875 0.7209322296875 0.5862271875 0.7164626953125001 0.5788295390625 0.682255525 0.5636511109375 0.6174160265624999 0.5393478265625 0.6074916625 0.5387861 0.574187065625 0.523597165625 0.5642666421875 0.5223581484375 0.5533845578125 0.53128896875 0.5306193390625 0.5660933359375 0.52237013125 0.587861128125 0.52043499375 0.6102326687499999 0.5294213296875 0.6169005000000001 0.605138975 0.63295025 0.63849478125 0.63933443125
4 0.5245928265625001 0.5160475078125 0.5453283671875 0.5198696109375 0.57873144375 0.5181263281249999 0.5814667375 0.5133537890625 0.575211753125 0.5025907078125 0.60777528125 0.490021309375 0.6167419234375 0.500075584375 0.6312894484375 0.48162069843750005 0.6350297296875 0.459228146875 0.6172067421875 0.42015550937499996 0.5974958874999999 0.395326946875 0.587606978125 0.388669621875 0.572282934375 0.385461775 0.5460965015625 0.3877983015625 0.5307173109375001 0.3940724953125 0.5125791921875 0.4091829609375 0.5061902765624999 0.42144769843749996 0.487122009375 0.4413096890625 0.480709459375 0.4576381578125 0.48238067500000004 0.480644965625 0.4922183765625 0.4961070453125 0.5083937828125 0.5081091437499999 0.5245928265625001 0.5160475078125
1 0.6219604015625 0.5338769890624999 0.629220378125 0.5270200578125 0.6283611359375 0.5195803859375 0.5603249546875 0.42420380625 0.55494103125 0.418848528125 0.53869471875 0.41903762968749997 0.5269258203125 0.4252698 0.52780475625 0.42932302812499995 0.596684421875 0.534848434375 0.608398175 0.53809830625 0.6219604015625 0.5338769890624999
1 0.443881740625 0.5826795140625001 0.45381398125 0.5818866640625 0.4655907609375 0.5742999156249999 0.46925226093749994 0.5654531390625 0.461184253125 0.556065646875 0.31203468437500004 0.4413159078125 0.296616103125 0.4543629875 0.2947636859375 0.4625114640625 0.3612547046875 0.5132079968750001 0.3738001265625 0.5286385609375001 0.443881740625 0.5826795140625001
1 0.5153341796875 0.40102397968750003 0.5468725156249999 0.2543724140625 0.5469237234375 0.24556766093750002 0.5325101328125 0.240994728125 0.516255940625 0.24253840625 0.48191534843749995 0.40547641875 0.4818050515625 0.42444050468750005 0.49441349843750004 0.429034446875 0.5062139125 0.417383965625 0.5153341796875 0.40102397968750003
1 0.6329916671875 0.3441205734375 0.6366374109375 0.3379829515625 0.6313243921875 0.320436478125 0.571856490625 0.148431715625 0.547471265625 0.151424521875 0.5411217421875001 0.15691637187500002 0.5428756796875 0.16570011406250001 0.599643740625 0.33638181562499997 0.6095011359375 0.348457453125 0.6329916671875 0.3441205734375
3 0.8449976515625 0.5623589265625 0.8866140015624999 0.557905884375 0.8943169531249999 0.5336962187500001 0.8821701921875 0.5310331390624999 0.791926803125 0.52814198125 0.7781040406249999 0.5211403531250001 0.8916141718749999 0.51658530625 0.90244104375 0.5006984890624999 0.8798679859374999 0.48430782656250004 0.8364072734375 0.48295533593749995 0.8118014499999999 0.49330759999999996 0.8050894265625 0.5092982234375001 0.7624607671875 0.5102840515625 0.6273677125 0.5176767046874999 0.6366271375 0.533408965625 0.7760863265625 0.531640109375 0.8062844046875 0.5372205859375 0.81719419375 0.5511477453125 0.8449976515625 0.5623589265625
0 0.47718811875 0.4579039890625 0.48587604687499997 0.43999882812499996 0.360760315625 0.380655640625 0.3065617421875 0.4388521390625 0.2497198 0.5060339109374999 0.28821490625 0.6170932125 0.2621455171875 0.639651528125 0.3688619203125 0.6939974906249999 0.5434681609374999 0.5211333265625 0.49081728125 0.49664076718750005 0.47718811875 0.4579039890625