1 0.85049433125 0.024746857812500002 0.8117942125000001 0.0236207984375 0.7846842625 0.18638405 0.78623783125 0.1909713609375 0.8028931171875 0.19292764843750002 0.8171951937499999 0.1910836671875 0.8209106640625 0.18513306875 0.85049433125 0.024746857812500002
1 0.786881978125 0.0228959265625 0.7490613234375 0.0217954578125 0.6925090968750001 0.145604528125 0.6911468359375 0.15535539375000001 0.7064855671875 0.1609011484375 0.71937685 0.16197484374999999 0.7263851156250001 0.15354786874999998 0.786881978125 0.0228959265625
1 0.6925548078125 0.1394431296875 0.7458473531250001 0.0217019421875 0.7099281203125 0.020656798437500002 0.6988864421875001 0.048346062499999995 0.6583503562499999 0.1356458046875 0.6563769359375 0.1475273015625 0.6827249515625 0.15370545625 0.693120253125 0.143473896875 0.6925548078125 0.1394431296875
1 0.70750544375 0.02058630625 0.66909010625 0.019468534375 0.613470703125 0.15305924531249998 0.61493003125 0.1569747625 0.6366201625000001 0.1623855703125 0.64466508125 0.16134833125 0.6520017796875 0.148775340625 0.70750544375 0.02058630625
0 0.97324103125 0.3563135875 0.9323403359375 0.0647548765625 0.92956445625 0.06442883125 0.885433084375 0.061227446875 0.87588313125 0.0645105671875 0.8728730578125001 0.069002328125 0.7857519749999999 0.3367142609375 0.8064539875 0.3415685234375 0.86465324375 0.34774373281250004 0.97324103125 0.3563135875
0 0.3423757265625 0.5559741234375 0.37653446874999996 0.5659328453125 0.582283734375 0.6119035515625 0.6176021375 0.5457948765625 0.7236002328125 0.3283128671875 0.7256678937500001 0.3171031640625 0.7207272875 0.3143204359375 0.50298061875 0.26716078906249996 0.4536259171875 0.259161296875 0.3423757265625 0.5559741234375
0 0.1108416015625 0.28078663125 0.13093245625 0.28777152500000003 0.13234325156249999 0.28485385 0.141093565625 0.2823577734375 0.1564322984375 0.28790352812500003 0.33358587812499996 0.3765459625 0.3409254015625 0.3769675578125 0.3515091859375 0.36807958749999997 0.4517896265625 0.2525586015625 0.45536232343750005 0.23910301875 0.46561485156250004 0.2213664734375 0.48640545625 0.2009033546875 0.4890385640625 0.1937244171875 0.502209746875 0.18381890625 0.5047486125 0.175968171875 0.5171201578125 0.1668497046875 0.5247395796875 0.1562920953125 0.5332071734375 0.1517806359375 0.5342410015625 0.146175784375 0.5472237015625 0.134926684375 0.583581584375 0.0892023359375 0.582356446875 0.0804690109375 0.467996646875 0.013617310937499998 0.4606491453125 0.013403521875 0.2858055734375 0.035946271875000005 0.276726825 0.0425883625 0.2644038125 0.0585400234375 0.1217509953125 0.2547580546875 0.1094765140625 0.2775429078125 0.1108416015625 0.28078663125
0 0 0.10706648437499999 0.00857133125 0.11614676875 0.0219823515625 0.127412625 0.037415325 0.13363017500000002 0.05463323437499999 0.1266226390625 0.1581692328125 0.053770440625000006 0 0.0730064140625 0 0.10706648437499999
4 0 0.2636160796875 0.014436876562500001 0.2617547203125 0.0379119453125 0.2539404421875 0.050894646875000005 0.24269134218750002 0.056632065625000005 0.2316924390625 0.054744417187500005 0.20526196406250002 0.0435438296875 0.190291390625 0.0196404390625 0.1755907109375 0 0.16763825937500001 0 0.2636160796875
4 0.29665408125 0.3792557796875 0.2847023859375 0.3719054390625 0.268564015625 0.3671467265625 0.24922709062499998 0.36553618593750004 0.2288563359375 0.369530496875 0.1964910015625 0.385330453125 0.148415615625 0.4188866546875 0.138540053125 0.4393103765625 0.14273237656249999 0.46270792656250004 0.15868508750000002 0.4791176375 0.185692790625 0.48999835156250005 0.21128687343750002 0.4908021515625 0.23852594531250002 0.4838704671875 0.2970479875 0.4599104875 0.3125238453125 0.446972053125 0.32319904843749997 0.42576128593749996 0.319994846875 0.40292027968750005 0.31637079375 0.3965480859375 0.2986788546875 0.3872020625 0.29665408125 0.3792557796875
0 0.6654292125 0.45208354218749996 0.6348144015625 0.5127981625 0.6284686453125 0.5389222874999999 0.6037340265625 0.596142990625 0.5832346171875 0.6576052578125 0.5842740937500001 0.677989584375 0.6054473140625001 0.6862028171875 0.7412312828125 0.7069969703125001 0.7624502109375 0.709048809375 0.7720944078125 0.706437484375 0.801718275 0.632171728125 0.8646385953125 0.49684560468749994 0.8675058921875 0.4848488578125 0.8648699640625 0.47903320625 0.8499539046875 0.47001323125 0.676155771875 0.4507005546875 0.6654292125 0.45208354218749996
2 0.4668332796875 0.6322602484375001 0.40134303281249994 0.63249663125 0.3201370890625 0.6245000796875 0.3144482015625 0.6423321750000001 0.3065088171875 0.6960195625 0.3063316296875 0.7466543296875 0.3092959921875 0.748323965625 0.31865746562499997 0.74369725625 0.3472616234375 0.74000929375 0.41505654375 0.7367399906250001 0.42630001875 0.732554578125 0.4750407375 0.7296901140625 0.5581715671875 0.718971975 0.564897109375 0.7085296171875 0.5688439453125 0.6847666234374999 0.5648829890625 0.6435566734375 0.5578719015625 0.6389890609375 0.5011319703125 0.6367293671875001 0.4668332796875 0.6322602484375001
2 0.2039558234375 0.52936431875 0.14378879375 0.5610597828125 0.12144179687500001 0.563941003125 0.09406277656249999 0.5763622890625 0.0705905328125 0.5971711546875 0.060763500000000005 0.6244280703125 0.066415153125 0.6517411359375 0.083216034375 0.6741969984375 0.10918990625 0.6906825624999999 0.1507824125 0.701734678125 0.19067857500000002 0.700694496875 0.230666153125 0.6873315203125 0.252727603125 0.669440328125 0.26448516718750004 0.649457903125 0.2712050625 0.6130263671875 0.2923669859375 0.5692612484375 0.28892576875 0.5382434625 0.2616810515625 0.51918596875 0.24135600625000003 0.517018884375 0.2039558234375 0.52936431875
2 0.8347946546875 0.6409021109374999 0.8483484515624999 0.6596729531250001 0.8734826218749999 0.7090961359375 0.8786173578125 0.739211628125 0.8969232765624999 0.7594216078125 0.9251075828124999 0.77220245625 0.94839699375 0.776039178125 0.96933319375 0.7760756328125 0.9870211078125 0.772657303125 0.989539315625 0.6283892546875001 0.9088354390625 0.5848477109375 0.88723955 0.58010869375 0.8580242374999999 0.5859272890625 0.838784375 0.5979831296875 0.8283433671875 0.6143760859375 0.8347946546875 0.6409021109374999
2 0.9225523062500001 0.48801084531249994 0.9340813265625 0.498835403125 0.9647587906249999 0.509926915625 0.9915025140625 0.5159176624999999 0.9919173828125001 0.4921498921875 0.977296228125 0.398195328125 0.95250460625 0.40959907500000003 0.9305373984375 0.42816206093750003 0.917746003125 0.45374933593750005 0.917985840625 0.47492070468750003 0.9225523062500001 0.48801084531249994
2 0 0.5036974187500001 0.0310430984375 0.47095262968749996 0.059455948437499996 0.452926490625 0.09050190625 0.4277214140625 0.092709515625 0.4110221078125 0.0872006390625 0.39121402656250004 0.0722360484375 0.375360859375 0.052850590625000006 0.366917128125 0.0037786171875000005 0.3609330171875 0 0.3610035265625 0 0.5036974187500001