2 0.1919017421875 0.95536370625 0.196601375 0.9604528859375 0.21388334687500002 0.963309528125 0.239213453125 0.9635729656249999 0.24726159062500003 0.960979759375 0.2619831015625 0.942346284375 0.3102132875 0.8475644515624999 0.3256478546875 0.8234639921875001 0.3287364046875 0.8083510890625 0.321188634375 0.7993978 0.278056646875 0.78141668125 0.260869203125 0.7812620453125 0.2546252953125 0.7837293187500001 0.166130803125 0.8908016734374999 0.16024138125 0.9034014718750001 0.133863275 0.9248800218750001 0.135403459375 0.9430555984375 0.1492896640625 0.952243625 0.1800088265625 0.9514537609374999 0.1919017421875 0.95536370625
2 0.4904235296875 0.828891596875 0.653478146875 0.759275546875 0.67748075625 0.74744291875 0.6808765265625001 0.7411115374999999 0.6679910546875 0.7088305218750001 0.6500001156249999 0.6857088265625 0.6444692671875 0.68270911875 0.630937546875 0.6836536203125 0.6085737375 0.6906318 0.6040159 0.6895956296875 0.588869009375 0.696070078125 0.5663870390625 0.6996707515625 0.530680565625 0.712997446875 0.47510394062500005 0.7270339078125 0.4480641328125 0.729598409375 0.44374261875 0.73531725625 0.44611402031249997 0.7514033625 0.473547396875 0.811786453125 0.4840142 0.8266303578124999 0.4904235296875 0.828891596875
2 0 0.6574914953125 0.003915426562499999 0.780768490625 0.0130022953125 0.7838010093750001 0.040523884375 0.776991 0.07340968125 0.7601199234375 0.08029238749999999 0.746806146875 0.0912259 0.7325981640625 0.1332625875 0.697273871875 0.140959878125 0.6839025609375 0.13886144218750002 0.6706041921875 0.1301412796875 0.6547120296875 0.1108107796875 0.63894966875 0.09201349375 0.638428653125 0.0290597203125 0.6593229046875 0 0.653430775 0 0.6574914953125
1 0.278312375 0.5258169140625 0.36793625625000004 0.6472719734375 0.391762115625 0.6413469640625 0.300025946875 0.5163563140625 0.278312375 0.5258169140625
1 0.5074400890625 0.4105787171875 0.5153936953125 0.40528350625 0.5012948015625 0.390015965625 0.4940110765625 0.3627611625 0.434960509375 0.2774988734375 0.42496635312500003 0.2761650015625 0.4169182171875 0.27875820625 0.41254943749999995 0.2831260515625 0.4136642421875 0.2891426 0.4957362296875 0.4120727859375 0.5020982953125 0.41298302187499997 0.5074400890625 0.4105787171875
1 0.42952828125 0.251469140625 0.5255460046875 0.3077422609375 0.530982325 0.3080399640625 0.547697125 0.294684565625 0.5475553296875 0.29063155625000003 0.5202539265625 0.2766715140625 0.5073434296875 0.2699635046875 0.40083421562500005 0.2067485234375 0.3962527453125 0.2050368515625 0.3882046109375 0.20763005781250002 0.38129491249999997 0.21691531249999998 0.38148397031250003 0.2223193265625 0.39624865625 0.23076888437499998 0.4140407671875 0.23528279843750002 0.42952828125 0.251469140625
0 0.3493291796875 0.4786640125 0.354215934375 0.4783229203125 0.4051434625 0.27822577187499997 0.41108015 0.26697697656249997 0.41376695 0.2403805421875 0.40913821562499997 0.23731786875 0.399025896875 0.2326064890625 0.37464516875 0.23363108906250002 0.3237722625 0.227024696875 0.3227992515625 0.225061159375 0.23669660937499998 0.2195594671875 0.221360659375 0.2206299 0.21694461562499998 0.223646740625 0.1755409625 0.3843129046875 0.1591102859375 0.45588482812500003 0.328067628125 0.47770352968749996 0.32540637499999997 0.49500089375 0.344267659375 0.49735116875 0.3493291796875 0.4786640125
0 0.6087196203125 0.66895278125 0.6121390234375 0.6632969 0.6099730359375 0.5496866796875 0.606432290625 0.42262939531250004 0.6036314171875 0.42011628749999996 0.391681734375 0.436264465625 0.3987673140625 0.66464700625 0.40080786562500004 0.6712760890625 0.40716993281249997 0.6721863265625 0.6087196203125 0.66895278125
0 0.7249897062499999 0.7095921328125 0.8416501765625 0.6838434171875 0.8586249296874999 0.6779185375 0.8602401015625001 0.672388590625 0.8544729296875 0.6626338656249999 0.855138721875 0.6558158828125 0.8460744 0.6293625140625 0.7894311390625 0.48366574062499995 0.7571204375 0.490661053125 0.6667158203125 0.517285740625 0.6595225375 0.5184649765625 0.644946909375 0.5154194328124999 0.6216337203125 0.5211095765625 0.6171940421875 0.523450915625 0.6183324812500001 0.5301429671875 0.684942178125 0.7022301421875 0.69244268125 0.709832428125 0.7249897062499999 0.7095921328125
0 0.6171281421875 0.340624690625 0.621662346875 0.34098535937499996 0.7578662125 0.279337825 0.74718671875 0.258414403125 0.64605625 0.10769697812500001 0.63610935625 0.10771410937499999 0.5934459234375 0.12897505781250002 0.5114675578125001 0.16381456562500002 0.5053181828125 0.16898384375 0.480366190625 0.179528434375 0.4768522609375 0.18248230781250002 0.47789616874999996 0.1864723515625 0.5638129390625 0.3159056890625 0.5930114578125 0.3233477765625 0.6171281421875 0.340624690625
4 0.5474876171874999 0.41794070781250003 0.5745510578124999 0.416051709375 0.5959891203125001 0.40846099062499996 0.6127039171875001 0.39510559375 0.6238406046875 0.37739948437500004 0.6248413359375 0.35430649375 0.617151775 0.34130019218749996 0.6013195484375 0.328185090625 0.5739016234375 0.319941565625 0.5477166671875 0.3210920984375 0.5227410406249999 0.3309611859375 0.506928359375 0.3442536171875 0.49671742031250005 0.3625722609375 0.49737912343749996 0.381486309375 0.510764959375 0.4022208296875 0.5274284046875 0.4132464609375 0.5474876171874999 0.41794070781250003
4 0.6594989046874999 0.5177894734375 0.788458128125 0.48170220312499995 0.8054092484375 0.47510182187499994 0.8121535218749999 0.4610880546875 0.8096875906250001 0.442299940625 0.8018798671875 0.42591613125 0.7925515015625 0.41776427656250004 0.78431430625 0.41495346875 0.7365258609375 0.4189662046875 0.6330662593749999 0.4343133953125 0.6278662625 0.440770709375 0.6285752296875 0.4610357609375 0.6407949078125 0.5001347609375 0.6494338484375 0.5144290984375 0.6594989046874999 0.5177894734375
3 0.8094861953124999 0.3664926984375 0.8250677234375001 0.3684611078125 0.8320102593750001 0.3801991046875 0.8434983 0.38184176718749996 0.8533793421875 0.38420738593750003 0.879357025 0.37994965625 0.8985850390625 0.3694409625 0.9006449609375 0.3582968609375 0.9011174203125 0.34848582031249997 0.8977319140625 0.345055353125 0.892802503125 0.34417716249999997 0.878141334375 0.345200496875 0.8602226312499999 0.3464512046875 0.8440184609375001 0.3500267546875 0.7929407734375 0.3603140078125 0.891582646875 0.3326505171875 0.8960215015624999 0.31950664375 0.8850068203125 0.3080528765625 0.87345480625 0.3045816328125 0.8530069593749999 0.3035643546875 0.8320226609375 0.3105288609375 0.8145731749999999 0.3251916546875 0.8116346703125 0.3345640328125 0.8094263421875001 0.3414402515625 0.79566511875 0.3448459640625 0.78756258125 0.3466337703125 0.7592263828125 0.353500640625 0.6468232625 0.384569165625 0.662341696875 0.3847082515625 0.6489625515624999 0.392960753125 0.725892634375 0.38088325312500004 0.797247540625 0.3667361546875 0.797375509375 0.37039399687499996 0.8094861953124999 0.3664926984375
1 0.9181703999999999 0.3378953265625 0.9823550624999999 0.23387407656249998 0.980629909375 0.1845624515625 0.9770687140625001 0.18616532187499998 0.8966891625000001 0.318403009375 0.8926748671875 0.33290337812500004 0.9054462640625 0.3360748546875 0.9064665406250001 0.3393893953125 0.9181703999999999 0.3378953265625
0 0 0.5587948890625001 0.0017391421875 0.5603146875 0.1272112546875 0.6571924484375 0.1503076625 0.67115481875 0.257123946875 0.5966611828125 0.283549315625 0.5765336343749999 0.2878235671875 0.569463784375 0.2876817734375 0.5654107749999999 0.2718495484375 0.5522956734375 0.1753355453125 0.48183701562500003 0.15288129687500002 0.4603811578125 0.10203611406249999 0.42871823906250006 0.08988324375 0.417377775 0.0754966734375 0.4197362453125 0 0.48196865000000005 0 0.5587948890625001
2 0.8514716359375001 0.57684515 0.8526573375 0.584888203125 0.8621274968750001 0.5970930703125 0.8686786218749999 0.60340731875 0.8741385749999999 0.6043805234375 0.8957143390625 0.6265748484375 0.9090765453125 0.6466338671875 0.9322438500000001 0.6626227421875 0.9678280703125001 0.6716505703125 0.9879881796875001 0.67070161875 0.99017528125 0.5454027296875 0.9480965234375001 0.5470776890625 0.913603478125 0.5433909078125 0.8820058296875001 0.544919240625 0.8669062046875 0.5527446921875 0.855533196875 0.563695784375 0.8514716359375001 0.57684515