2 0.6001805046875 0.3195666890625 0.6191335734375001 0.3175355453125 0.6335740078125001 0.31076506406250004 0.6462093859375 0.295192959375 0.650722021875 0.2410291125 0.6597472921875001 0.21056195 0.6597472921875001 0.1888964109375 0.6516245484375001 0.1760324984375 0.6353790609375001 0.16452268125 0.6146209390624999 0.1577522 0.574909746875 0.1577522 0.5496389890625 0.1658767765625 0.5361010828125 0.17332430625 0.5198555953125 0.1882193640625 0.5144404328125 0.2010832765625 0.5135379062500001 0.218009478125 0.5180505421875 0.23222748750000002 0.5370036093749999 0.24915369062499998 0.574909746875 0.30941096875 0.5866426 0.3175355453125 0.6001805046875 0.3195666890625
2 0.8267148015625001 0.3689911984375 0.8564981953125 0.354096140625 0.8700361015625001 0.3337846984375 0.8691335734375001 0.2985781984375 0.879061371875 0.2518618828125 0.8781588453125 0.2349356796875 0.8673285203125 0.21936357499999998 0.8501805046875001 0.2112389984375 0.8203971125 0.20853080624999998 0.8023465703125 0.21259309375000002 0.782490975 0.224779959375 0.7734657046875 0.23696682500000002 0.7527075812499999 0.2945159109375 0.7391696750000001 0.3195666890625 0.7382671484375 0.3371699390625 0.7436823109375 0.3493568046875 0.7662454875 0.364928909375 0.7788808671874999 0.3689911984375 0.79602888125 0.37102234218749996 0.8267148015625001 0.3689911984375
2 0.202166065625 0.347325659375 0.2229241875 0.33987813125 0.2509025265625 0.336492890625 0.27978339375 0.33987813125 0.29061371875 0.3351387953125 0.333032490625 0.3283683140625 0.341155234375 0.32227488125 0.333032490625 0.29316181406249997 0.319494584375 0.26675693906250003 0.3131768953125 0.2647257953125 0.2229241875 0.272850371875 0.1380866421875 0.2748815171875 0.1308664265625 0.2762356125 0.1254512640625 0.28232904531249997 0.1254512640625 0.306025728125 0.134476534375 0.332430603125 0.1498194953125 0.3568043328125 0.161552346875 0.364928909375 0.174187725 0.364928909375 0.202166065625 0.347325659375
2 0.26985559531250003 0.45159106250000003 0.2770758125 0.44617467812499995 0.29151624531250003 0.44482058281250003 0.297833934375 0.424509140625 0.3158844765625 0.412322275 0.325812275 0.4116452265625 0.3267148015625 0.40825998593749996 0.31768953125 0.40352065000000004 0.311371840625 0.37440758281250003 0.3023465703125 0.35748138125 0.284296028125 0.3446174671875 0.2572202171875 0.3385240359375 0.215703971875 0.343263371875 0.19675090312500002 0.3513879484375 0.174187725 0.3669600546875 0.1624548734375 0.3920108328125 0.1651624546875 0.417738659375 0.17779783437500002 0.43534190937500006 0.1895306859375 0.442112390625 0.20848375468749997 0.447528775 0.25361010781250004 0.4522681109375 0.26985559531250003 0.45159106250000003
2 0.2481949453125 0.6167907921875 0.25812274375 0.60731211875 0.26353790625 0.595125253125 0.2626353796875 0.57210561875 0.25631768906249996 0.5599187546875 0.2409747296875 0.5477318890625 0.22382671406250002 0.542992553125 0.1687725625 0.5375761671875 0.11642599218750001 0.527420446875 0.0974729234375 0.5267433984375 0.0794223828125 0.5308056875 0.0703971125 0.5362220718749999 0.0604693140625 0.545023696875 0.054151625 0.557887609375 0.054151625 0.580230196875 0.069494584375 0.5958023015625 0.18411552343749998 0.63371699375 0.202166065625 0.635071090625 0.2247292421875 0.63168585 0.2481949453125 0.6167907921875
2 0.153429603125 0.7237643874999999 0.148014440625 0.71293161875 0.1380866421875 0.7122545703125 0.13267147968749998 0.7163168578125 0.014440432812500001 0.8259986453125 0.01353790625 0.8314150296875 0.0198555953125 0.838862559375 0.027978339062500003 0.8422478 0.0379061375 0.8395396078124999 0.150722021875 0.7298578203125 0.153429603125 0.7237643874999999
2 0.824909746875 0.49356804375 0.8158844765625 0.48882870624999997 0.803249096875 0.49356804375 0.6651624546875 0.5734597156250001 0.6570397109375 0.580230196875 0.6651624546875 0.591062965625 0.674187725 0.5958023015625 0.825812275 0.5064319562499999 0.82851985625 0.501015571875 0.824909746875 0.49356804375
0 0.47653429531249997 0.7758970890625 0.4819494578125 0.7745429921875 0.48555956718750004 0.7792823296875 0.4900722015625 0.7792823296875 0.49368231093750004 0.7725118484375 0.49097472968750006 0.759647934375 0.48285198593749995 0.7515233578125 0.3610108296875 0.6641841578125 0.35649819531250004 0.658090725 0.351985559375 0.6574136765625 0.2861010828125 0.6100203109375 0.26173285156250004 0.6079891671875 0.25270758125000004 0.6140825999999999 0.1516245484375 0.7142857140625 0.1543321296875 0.7217332437499999 0.3528880859375 0.8808395390625 0.37274368281250003 0.8713608671875 0.37454873593750004 0.8666215296875001 0.40342960312500004 0.84427894375 0.47653429531249997 0.7758970890625
0 0.422382671875 0.3811780640625 0.4395306859375 0.3953960734375 0.49548736406250005 0.4312796203125 0.532490975 0.4590385921875 0.550541515625 0.46716316874999997 0.5658844765625 0.45497630312500004 0.56227436875 0.43872714999999995 0.569494584375 0.43195666875 0.6552346578125 0.3723764390625 0.653429603125 0.3689911984375 0.5045126359375 0.2762356125 0.47833935 0.2626946515625 0.387184115625 0.3371699390625 0.38447653437499996 0.3466486125 0.3862815890625 0.3568043328125 0.40342960312500004 0.3676371015625 0.4070397109375 0.3730534875 0.419675090625 0.37508463124999997 0.422382671875 0.3811780640625
0 0.52436823125 0.9512525390625 0.5306859203125 0.9539607312499999 0.5379061375 0.9553148281249999 0.8880866421875 0.9336492890624999 0.887184115625 0.9160460390624999 0.8501805046875001 0.7813134734375 0.841155234375 0.7569397421875 0.8330324906250001 0.746784021875 0.5036101078125 0.775220040625 0.49729241875 0.7786052812500001 0.49638989218749996 0.7935003390625 0.5090252703125 0.8490182796875001 0.5099277984375 0.8781313468749999 0.5189530687499999 0.9119837515624999 0.5207581234374999 0.9410968171875 0.52436823125 0.9512525390625
0 0.9990974734375 0.7014218015625 0.9990974734375 0.622884225 0.8718411546875 0.5050778609375 0.8564981953125 0.5084631015625 0.7166064984375 0.5761679078124999 0.7129963906250001 0.5836154359375 0.7193140796875 0.593094109375 0.8736462093749999 0.7562626953125 0.881768953125 0.7562626953125 0.9025270765625001 0.7481381171875 0.9990974734375 0.7014218015625
1 0.6392626359375 0.640015571875 0.6257247296874999 0.637984428125 0.6194070390624999 0.640015571875 0.6139918765625 0.6461090046875 0.61579693125 0.65897291875 0.6338474734374999 0.6711597828125 0.6464828515625001 0.6711597828125 0.65641065 0.6657433984375001 0.6546055953125001 0.6535565328125 0.6392626359375 0.640015571875
1 0.8718411546875 0.3777928234375 0.8691335734375001 0.38388625625 0.868231046875 0.39675016875 0.887184115625 0.40148950625 0.9990974734375 0.4075829390625 0.9990974734375 0.3865944484375 0.8772563171875 0.3777928234375 0.8718411546875 0.3777928234375
3 0.8424648015624999 0.4178761 0.8013396890625 0.451786084375 0.801985559375 0.4556966828125 0.8194467515625 0.4447935 0.8587138984375 0.45095937656249996 0.8948194953125 0.426451590625 0.8924882671875001 0.40658632343749995 0.875494584375 0.399033175 0.8620198562500001 0.4017298578125 0.8424648015624999 0.4178761
3 0.6998077625 0.5267989171874999 0.794088446875 0.4596817875 0.786919675 0.44458293906249996 0.795514440625 0.4514014890625 0.8000514437499999 0.4618246453125 0.80061413125 0.45194411875 0.7906426 0.4471800953125 0.8596958484374999 0.39422951875 0.8455685921875 0.37795328437500003 0.820500903125 0.378106296875 0.7935153421875001 0.39328436093749997 0.78980595625 0.408294515625 0.795094765625 0.4265375765625 0.7860722015625 0.4410426546875 0.6897897109375 0.5219424515625 0.7115676890625 0.5123737312500001 0.6998077625 0.5267989171874999
0 0.6012924187500001 0.573494921875 0.6014041421874999 0.57338105625 0.3015081234375 0.42888896406250004 0.31943483281249996 0.41598151406249995 0.317916065625 0.415651996875 0.2992454875 0.4274021671875 0.3086299640625 0.5262857140625 0.558929603125 0.6618672984375 0.601661553125 0.573505078125 0.6014161828125 0.57338685625 0.6012924187500001 0.573494921875
0 0.6170875453125 0.55739675 0.6014041421874999 0.57338105625 0.6014161828125 0.57338685625 0.6174873640625 0.559354096875 0.680018953125 0.517540284375 0.42447111875 0.4095294515625 0.33701082968749996 0.4197948546875 0.32609452499999997 0.41742642031250005 0.3388131765625 0.42107109062500003 0.6170875453125 0.55739675