0 0.4110426734375 0.29675338125 0.388464053125 0.4274831484375 0.375336884375 0.5396556984374999 0.436722728125 0.5516368046875 0.5856178765625 0.5700935 0.6156322265624999 0.36804915781249997 0.6174551234375001 0.33692086718750003 0.5928251718750001 0.3296642421875 0.4246471625 0.2971384640625 0.4110426734375 0.29675338125
1 0.631344109375 0.3659779390625 0.62557216875 0.3686450109375 0.624943321875 0.374018546875 0.632525090625 0.3947651546875 0.6874989765625 0.5081914375000001 0.707771890625 0.50602468125 0.7073938234375 0.49370376406250005 0.6532059984374999 0.37356056249999997 0.6443665375000001 0.3635610234375 0.631344109375 0.3659779390625
2 0.908470159375 0.120698996875 0.9005271828125 0.1108146890625 0.8895017203125001 0.1039431453125 0.8883375984375 0.0983391484375 0.8379921781249999 0.07755020625 0.8317167812499999 0.0767435875 0.826605509375 0.08154096562499999 0.8152974453124999 0.0848600359375 0.8030461125 0.09623940625 0.7135923125 0.2074645296875 0.7118311640625 0.21473790781250002 0.7186418359375 0.2265220609375 0.733520878125 0.23934329375000002 0.7556504046875 0.2524146828125 0.7733442921875 0.25673438593750003 0.7817270828125 0.25508469843750003 0.8875702921874999 0.1671018828125 0.8943641078125 0.155702815625 0.9213522328125 0.1428086859375 0.9248277484375 0.13643745937500001 0.92183883125 0.12309915625000001 0.9204388890624999 0.119510234375 0.9171991921875 0.123866384375 0.908470159375 0.120698996875
2 0.5581372703125 0.1595292296875 0.4356669390625 0.1874222203125 0.3752730453125 0.1980678703125 0.3533175859375 0.20683631406249997 0.3698342796875 0.2600939890625 0.37835931875 0.272780296875 0.3853739890625 0.27504552968749996 0.47951989843750004 0.2714654359375 0.5604543453125 0.26414179375 0.5838415671875 0.26646611249999996 0.5875210765625 0.25057597187499997 0.5737406218750001 0.1894884546875 0.56452309375 0.16716799843750002 0.5581372703125 0.1595292296875
2 0.8775780781250001 0.3846739203125 0.88360269375 0.403174990625 0.8982459171875 0.41801130156250005 0.8993314359375001 0.424286990625 0.9153427781250001 0.435208378125 0.9342475734375 0.43695654531250006 0.9373300578125001 0.433943778125 0.9723397640625 0.4302622609375 0.986526315625 0.4334493453125 0.99522736875 0.43343419375 0.9967173859375 0.30538243125000003 0.9868818375 0.30599925625 0.967930259375 0.31242662499999996 0.9431599546875 0.32969660156249997 0.9307514109374999 0.3424193578125 0.9216293484375001 0.3426104296875 0.8775780781250001 0.3846739203125
0 0.7115131484375 0.46627962656250005 0.7352634703125001 0.49660424062499997 0.781646778125 0.5434739359375 0.8191438421875 0.588519628125 0.8243973625000001 0.5980582421875 0.8242719718749999 0.6069054687500001 0.8280937296875001 0.60535131875 0.8350297953125001 0.60828824375 0.8747128546875 0.650205940625 0.8850776484375 0.654947171875 0.890267528125 0.649478103125 0.901496984375 0.6468307265625 0.9878870531249999 0.6006641859374999 0.9938770640625 0.5494791453125 0.994050359375 0.5345861265625 0.882391784375 0.405746528125 0.8652163187499999 0.3892211421875 0.856912134375 0.3901991359375 0.7243147203125 0.4501984109375 0.7124564171875 0.45821932500000007 0.7115131484375 0.46627962656250005
0 0.5986889828125 0.598363646875 0.5323566609375 0.74528691875 0.5302810874999999 0.755247065625 0.534795334375 0.7633270640625 0.5547856484375 0.77135091875 0.5674936515625 0.771620771875 0.5988238484374999 0.7838293984375 0.6937577125 0.81239498125 0.718702084375 0.8169648390625 0.818951225 0.5991854265625001 0.65773483125 0.5446202312499999 0.6638388359375 0.5275608640625 0.6426237328125 0.5192957203125 0.6309239453125 0.53502084375 0.5986889828125 0.598363646875
1 0.47348051562500004 0.5952238828125 0.4737650140625 0.6238958671875 0.5143782765625 0.7122952328125 0.5191283421875 0.718360153125 0.5318363453125 0.7186300078125 0.5387405890625 0.7140630921875 0.53847295 0.7085743250000001 0.4790783875 0.5707169750000001 0.4625486234375 0.5720012718749999 0.47348051562500004 0.5952238828125
1 0.410604953125 0.6737301140625 0.41301180625 0.684266415625 0.4292907890625 0.7006765703125 0.4495487390625 0.71418919375 0.5351584375 0.791327359375 0.542833775 0.7957229 0.551295171875 0.793401521875 0.5585924437500001 0.78547614375 0.5581675921875 0.7813307609375 0.4324032 0.666305053125 0.4279993796875 0.6650572046875001 0.410604953125 0.6737301140625
4 0.3159123953125 0.43315710156250004 0.191899875 0.443125178125 0.1842563578125 0.446233478125 0.1788306625 0.453717625 0.1782972796875 0.4816026875 0.186272078125 0.4989908359375 0.19795820625 0.5079926875 0.2689377484375 0.5157525703125 0.3503288671875 0.5200781546875 0.3555973515625 0.51393739375 0.35768788749999997 0.48829786718749996 0.3511747796875 0.45064372812500003 0.3413284046875 0.43369680937500005 0.3159123953125 0.43315710156250004
0 0.3050346703125 0.230629196875 0.188398028125 0.2320002046875 0.179858025 0.23499327343749998 0.1729219609375 0.23205635 0.16722862656249998 0.2340517296875 0.16758689843750002 0.2539209890625 0.17047021874999999 0.268558175 0.2050009078125 0.4400365703125 0.22959903593750003 0.4397893546875 0.3281169453125 0.4299532640625 0.34565361875 0.4356163484375 0.3479500453125 0.4393205015625 0.376134115625 0.4395342109375 0.3790593890625 0.43786482812500005 0.379341990625 0.42767421875 0.33950296562500004 0.23109976875 0.31766406875 0.2315707421875 0.3050346703125 0.230629196875
3 0.1629503953125 0.550536796875 0.13646383125 0.5280420234375 0.11518400312499999 0.5232613984375 0.0997079375 0.5233175421875 0.0856318140625 0.5269626093750001 0.07248399531250001 0.53822675 0.071147696875 0.5496455140625 0.096599615625 0.5586338734375 0.07490770625 0.5719462734375 0.0745465 0.5828085749999999 0.0782428671875 0.59010165 0.0924612421875 0.6007925765625 0.124577496875 0.6062842859375001 0.1444255609375 0.599972146875 0.1565982859375 0.589264465625 0.1603882234375 0.5802064734375 0.1690854359375 0.5758700203125 0.18163623125 0.5774832562500001 0.196530234375 0.5746251124999999 0.28775086875 0.5727143984375 0.3190960296875 0.56924365 0.32576445625 0.566691809375 0.327447 0.560090121875 0.3096745046875 0.5564421125 0.22512229687500002 0.555800984375 0.1629503953125 0.550536796875
0 0.34902818125 0.616725953125 0.199852325 0.6473224640625 0.2810638890625 0.8398005671875 0.295722075 0.8389574984375001 0.43406150156249995 0.8076499046875 0.45375235468749997 0.8026811500000001 0.458627809375 0.7998988484375 0.458124353125 0.79642515625 0.393554875 0.6483575 0.36752498437500003 0.637511953125 0.34902818125 0.616725953125
4 0.4256504828125 0.5529407984375 0.4041348375 0.5501752484375 0.3828868328125 0.552898465625 0.3606169515625 0.5643536765625 0.346683075 0.5823347375 0.3444035078125 0.601813803125 0.3492639984375 0.6147108765625 0.3678394078125 0.6348251828125 0.39379069375000003 0.646342425 0.41628142968750004 0.6485515140625 0.44045470781249996 0.6441589140625 0.45898143593749996 0.6335861625 0.46959701093749995 0.62063294375 0.4730088828125 0.5992540328125 0.46616638593750004 0.5799660390625 0.448251646875 0.5619820375 0.4256504828125 0.5529407984375
4 0.3177839734375 0.432715871875 0.202075634375 0.44170595312499994 0.18718162968750002 0.4445640953125 0.1789092671875 0.45304593437499996 0.17755800625 0.480144071875 0.1824184984375 0.4930411453125 0.19363299218750002 0.5060731453125 0.2014655421875 0.509125303125 0.3493537765625 0.520634615625 0.35551874687499996 0.5146090828125 0.35776649374999997 0.48762617500000005 0.351253384375 0.4499720359375 0.3413284046875 0.43369680937500005 0.3177839734375 0.432715871875
2 0.097255996875 0.23323922656249998 0.0656581609375 0.2155418328125 0.0372064515625 0.20983935625 0.0262128125 0.21047165781250002 0.0119851609375 0.3320478953125 0.0537269375 0.3408222234375 0.096475625 0.3565439328125 0.1242666640625 0.36011610156249996 0.1431396390625 0.3543604234375 0.149147396875 0.349678275 0.1566018796875 0.340409515625 0.1592276921875 0.32574752500000004 0.1311203328125 0.28599952812499996 0.11501352499999999 0.2525666125 0.097255996875 0.23323922656249998
2 0 0.5204223156250001 0.0131269390625 0.5244610296875 0.03830713125 0.5270158125 0.0595551375 0.5242925953124999 0.073867078125 0.5186324531250001 0.0875969578125 0.5101703125 0.0961051390625 0.4996734 0.10104234062499999 0.4730361828125 0.094121240625 0.45441988125000005 0.07269916562499999 0.4353032625 0.047251334374999995 0.42725971406249996 0.001216165625 0.4240696875 0 0.43446190625 0 0.5204223156250001
1 0 0.6560596921874999 0.0725644984375 0.5764176546875001 0.0765116453125 0.5660162765625001 0.054964178125 0.5557468859375 0 0.6161960640624999 0 0.6560596921874999