1 0.498074746875 0.6084976015625 0.49454341875 0.621975546875 0.497294328125 0.6294703375 0.5054564625 0.6363826 0.5253317515625 0.640114421875 0.5406471390625 0.6356428984375 0.5505316078125 0.628368659375 0.5495699984375 0.6181971859375001 0.5323353265625 0.6030028078125 0.5133704406249999 0.6006408375000001 0.498074746875 0.6084976015625
1 0.14673174375 0.55768425 0.138632634375 0.5616047562500001 0.1378167640625 0.5764840609374999 0.14598677499999999 0.5847504203125 0.16585024843750001 0.5864510968750001 0.4175844015625 0.57865950625 0.42298380937499996 0.5760458359375 0.42103301249999997 0.5509635484375 0.41921614218750003 0.548900896875 0.371390084375 0.5494200499999999 0.14673174375 0.55768425
2 0.56449695 0.0816131375 0.594268528125 0.080101865625 0.6096390609375 0.0851090140625 0.6677868109375 0.152467959375 0.6749912703125001 0.149885796875 0.6946971875 0.1245045515625 0.6982127609375001 0.1083184125 0.69803156875 0.0771742 0.7052084578125 0.0698527015625 0.713319384375 0.06796334062500001 0.744746334375 0.040755746875 0.7581542546875 0.018649465625 0.75812274375 0.01323308125 0.5018050546875 0.0087590390625 0.5082448515625 0.02985780625 0.535529428125 0.0662139625 0.5420519421875001 0.10153073906250001 0.5465724562500001 0.10296360468750002 0.5510023734375 0.0888243625 0.56449695 0.0816131375
2 1 0.1656587484375 0.9983721984375 0.0478907203125 0.9749537625 0.055605703124999996 0.9623695890624999 0.0641867765625 0.9175386578125 0.1141776984375 0.900536384375 0.13892915625 0.8242509281249999 0.211388334375 0.812679571875 0.23894250781249998 0.8191272484375001 0.26139536875 0.8281919078125 0.2683233875 0.8318453437500001 0.2758339296875 0.843578196875 0.27603872812499997 0.8462582046874999 0.271346653125 0.8525758953125001 0.271456928125 0.954746584375 0.3050583515625 0.987143025 0.28937633125 1 0.27503953281250004 1 0.1656587484375
2 0.16190634375 0.2187824875 0.1663362625 0.204643246875 0.1644800015625 0.19581011406249998 0.070727984375 0.058100823437500004 0.055140807812500005 0.01585603125 0.04061371875 0.000708915625 0.0009025265625000001 0.000015753125000000002 0.0020211890625 0.1922974046875 0.07447544843750001 0.236888775 0.096171546875 0.243360296875 0.12504059843749998 0.2418332703125 0.1421452828125 0.234685059375 0.16190634375 0.2187824875
0 0.3469997421875 0.0798476484375 0.2151914 0.0707771328125 0.1980709578125 0.0752171484375 0.18299584687499998 0.12098860468749999 0.171810509375 0.2148934890625 0.16734907968749999 0.22361634531250002 0.15331041875 0.29242318906250003 0.151674740625 0.32150475 0.3150203234375 0.3223250203125 0.3285739859375 0.3252695171875 0.335825715625 0.33081193125 0.3485871390625 0.352698021875 0.3865090328125 0.3560678671875 0.3910059125 0.35343844375 0.40753157343749996 0.24676416875 0.4115872890625 0.168305359375 0.42034471250000005 0.122423628125 0.4201871546875 0.0953417046875 0.4138340125 0.089137996875 0.36323341249999996 0.0781000703125 0.3469997421875 0.0798476484375
0 1 0.8243294640625001 0.995610875 0.81418310625 0.8729504171875 0.6712303625 0.865702628125 0.666364996875 0.8639133296875 0.6690416828125 0.8494610796875 0.6667584796875 0.8070935125 0.6748196828124999 0.7953882343750001 0.6793542203125 0.4587530046875 0.829860453125 0.45065783281250005 0.83445800625 0.4470989328125 0.8431966171875 0.47627127968750005 0.8938022921875 0.555072190625 1 0.766849103125 1 0.9609598328125 0.907678396875 1 0.8921849984374999 1 0.8243294640625001
0 0.3662191375 0.5913025078125 0.35268123125 0.591066203125 0.1118167921875 0.60581731875 0.1073396078125 0.6118319828125001 0.10742626562499999 0.626727040625 0.1198439875 0.8997664562500001 0.14241898125000002 0.9021914437499999 0.39502415 0.8889992203125001 0.40128669375000003 0.8796308234374999 0.399261059375 0.8416846234375001 0.3790475265625 0.624698415625 0.3725525828125 0.5941209749999999 0.3662191375 0.5913025078125
2 0.0076314625 0.3259782453125 0.0022123609375 0.325206675 0.0028465328125 0.4342114140625 0.025326990625 0.420387246875 0.039645318750000005 0.3996508171875 0.0449423125 0.379433896875 0.04303090625 0.361122090625 0.0384591859375 0.3508876015625 0.0275618984375 0.339188740625 0.0076314625 0.3259782453125
4 0.2888588546875 0.3238993078125 0.121012453125 0.3250314140625 0.10570494374999999 0.330857034375 0.0940469328125 0.34351615 0.08871054843750001 0.3569625890625 0.08793012812499999 0.37793532500000004 0.09890225625 0.4024981 0.1061618625 0.40939461093749996 0.117918346875 0.41366169687500004 0.17575098125 0.426856796875 0.314862259375 0.45027135156250003 0.33016582968749997 0.4437686828125 0.3435776890625 0.4223394515625 0.3497378203125 0.395367803125 0.349556628125 0.3642235921875 0.34038167812500003 0.338338228125 0.3267728703125 0.32591505781249996 0.2888588546875 0.3238993078125
3 0.11202606562499999 0.48667261249999993 0.095780578125 0.486389046875 0.08581732812500001 0.48012232343749994 0.0712390328125 0.45617358125 0.062190128125 0.4519537578125 0.033269871875 0.444679159375 0.0034982953125 0.44619043124999996 0.00386855625 0.5098329500000001 0.0201258609375 0.5121476609375 0.04899885 0.5112976828125 0.05623482187499999 0.5141319046875 0.0607907859375 0.5216582 0.05722794531249999 0.5297197640625 0.0392364875 0.5395604109375001 0.027515453125 0.54138675625 0.004041870312499999 0.5396230656250001 0.0041009546875 0.5497787859375001 0.0338922265625 0.5516527546875001 0.057322479687500004 0.5459689171875 0.0878508421875 0.51942261875 0.1555324953125 0.5192500484375 0.2476178296875 0.5255962578125 0.280104865625 0.5254863421875 0.3071452265625 0.51986551875 0.3088990734375 0.511095403125 0.2817996296875 0.5065605046874999 0.1662367734375 0.49777355312499993 0.11202606562499999 0.48667261249999993
0 1 0.3196370796875 0.8486966125000001 0.27274723437500004 0.8240170078125001 0.28875824843750003 0.7982657984375 0.2842231890625 0.68287260625 0.611727321875 0.7336169781249999 0.6189228734375 0.963892709375 0.6707829796875 1 0.53600479375 1 0.3196370796875
0 0.600254434375 0.0895730359375 0.44640836874999995 0.5105947796875 0.6362585734375 0.5643253078125 0.7305515781249999 0.23784744687499998 0.59226161875 0.07903444062500001 0.5587745703125 0.0777289390625 0.540559415625 0.1263667515625 0.5286913453125 0.14355999218749999 0.4491549953125 0.196574415625 0.3138182796875 0.49682998281249996 0.4169648890625 0.5045932484375 0.41623191718749997 0.5027673578125 0.438300175 0.5075246390625 0.600254434375 0.0895730359375