2 0 0.34867975625000003 0.064079421875 0.377115775 0.080324909375 0.37846987187500003 0.088447653125 0.3764387265625 0.1110108296875 0.362897765625 0.123646209375 0.3493568046875 0.1254512640625 0.33310765 0.12184115468750001 0.3249830734375 0.059566787499999996 0.28300609374999997 0.0045126359375000005 0.251184834375 0 0.251184834375 0 0.34867975625000003
2 0.457581228125 0.343263371875 0.4738267140625 0.345294515625 0.48104693125000003 0.341909275 0.48555956718750004 0.31821259375 0.48555956718750004 0.2924847671875 0.48104693125000003 0.277589709375 0.419675090625 0.26946513125 0.322202165625 0.2626946515625 0.27166065 0.25253892968749997 0.2671480140625 0.25660121875 0.2671480140625 0.31821259375 0.2752707578125 0.35748138125 0.2888086640625 0.354096140625 0.3212996390625 0.352064996875 0.41877256249999995 0.3493568046875 0.457581228125 0.343263371875
2 0.7590252703125 0.380501015625 0.7870036093749999 0.3730534875 0.7933213 0.36628300625 0.8592057765625001 0.2579553140625 0.8772563171875 0.24306025781249999 0.8799638984374999 0.22816519999999998 0.8700361015625001 0.21327014218749998 0.8537906140624999 0.203114421875 0.830324909375 0.19498984375 0.797833934375 0.1902505078125 0.7671480140625 0.19092755625 0.7391696750000001 0.198375084375 0.72563176875 0.2078537578125 0.7193140796875 0.2207176703125 0.7238267140625 0.2349356796875 0.7229241875 0.25321597812499996 0.70938628125 0.3581584296875 0.7129963906250001 0.364928909375 0.7238267140625 0.3723764390625 0.7590252703125 0.380501015625
2 0.9521660656250001 0.4955991875 0.97021660625 0.49221394687500003 0.9864620937499999 0.48341232187500005 0.9945848375 0.47393365000000004 0.9990974734375 0.4590385921875 0.9990974734375 0.295192959375 0.9747292421875 0.29790115156249997 0.9584837546875 0.3067027765625 0.8835740078125 0.402166553125 0.851985559375 0.43195666875 0.8510830328125 0.450914015625 0.8610108296875 0.46716316874999997 0.8736462093749999 0.47664184218749994 0.903429603125 0.4908598515625 0.9268953062499999 0.4962762359375 0.9521660656250001 0.4955991875
4 0.7779783390625 0.49221394687500003 0.7888086640624999 0.48612051406249995 0.7933213 0.47799593749999997 0.79602888125 0.4664861203125 0.7915162453125 0.4427894375 0.7833935015625 0.4312796203125 0.7689530687499999 0.4238320921875 0.696750903125 0.4224779953125 0.610108303125 0.42586323593750003 0.601985559375 0.4292484765625 0.5929602890625 0.44482058281250003 0.5920577625 0.47325660156250005 0.599277978125 0.4996614765625 0.6416967515625001 0.5037237640625001 0.672382671875 0.5145565328124999 0.74187725625 0.5016926203125001 0.7779783390625 0.49221394687500003
0 0.5929602890625 0.4400812453125 0.6001805046875 0.429925525 0.607400721875 0.42586323593750003 0.7283393499999999 0.4218009484375 0.7310469312500001 0.419769803125 0.6579422375 0.28571428593750003 0.566787003125 0.2985781984375 0.542418771875 0.2985781984375 0.5162454875 0.306025728125 0.5045126359375 0.31347325625 0.5027075812499999 0.32227488125 0.54061371875 0.43534190937500006 0.564079421875 0.46716316874999997 0.5821299640625 0.4691943125 0.58935018125 0.4664861203125 0.5929602890625 0.4400812453125
0 0.38447653437499996 0.62491536875 0.3889891703125 0.622884225 0.40072202187499995 0.6201760328125 0.4097472921875 0.622884225 0.4124548734375 0.6188219359375 0.43501804999999993 0.6194989843750001 0.5388086640624999 0.5870006765625 0.54061371875 0.5389302640625 0.5550541515625 0.5192958703125 0.58393501875 0.5044008125 0.5875451265625 0.49763033125 0.4620938625 0.3480027078125 0.435920578125 0.3534190921875 0.3583032484375 0.3811780640625 0.25812274375 0.4116452265625 0.25541516249999996 0.41706161093749994 0.28249097500000003 0.46784021718749996 0.3718411546875 0.6188219359375 0.38267147968750004 0.6310088015625 0.3862815890625 0.630331753125 0.38447653437499996 0.62491536875
1 0.26083032500000003 0.44685172656249994 0.25541516249999996 0.4414353421875 0.23646209375 0.44075829375 0.2319494578125 0.44414353437500004 0.19675090312500002 0.5714285718750001 0.19675090312500002 0.589031821875 0.2138989171875 0.5944482062499999 0.2229241875 0.5917400140625 0.2274368234375 0.5842924843749999 0.2599277984375 0.45836154375 0.26083032500000003 0.44685172656249994
0 0 0.790792146875 0.0054151625 0.78943805 0.05234657031249999 0.7291807718750001 0.06137184062499999 0.713608665625 0.059566787499999996 0.6993906562500001 0.062274368749999996 0.6946513203125 0.080324909375 0.6872037921875 0.08935018125000001 0.6784021671875 0.18231046875 0.549085984375 0.17779783437500002 0.5368991203125 0.17148014375 0.5321597828125 0.0054151625 0.501015571875 0 0.501015571875 0 0.790792146875
0 0.22382671406250002 0.9174001359374999 0.2292418765625 0.91875423125 0.22833935 0.92349356875 0.2319494578125 0.92755585625 0.23465703906250002 0.9268788078125001 0.2400722015625 0.9390656734375 0.289711190625 0.9993229515625 0.3240072203125 0.9993229515625 0.341155234375 0.9939065671874999 0.3619133578125 0.9783344625 0.3916967515625 0.9641164515625 0.454873646875 0.92349356875 0.5126353796875 0.88354773125 0.5171480140625 0.8767772515625 0.5225631765625 0.8761002031249999 0.5370036093749999 0.8591740015625 0.545126353125 0.8564658093749999 0.5523465703125 0.849695328125 0.553249096875 0.8375084625 0.545126353125 0.8341232234374999 0.5370036093749999 0.821259309375 0.52436823125 0.8138117812500001 0.49638989218749996 0.7813134734375 0.49729241875 0.7786052812500001 0.48104693125000003 0.7677725125 0.48104693125000003 0.7637102234375 0.44314079375000004 0.7244414359375 0.387184115625 0.67298578125 0.32039711249999997 0.5991875421875 0.305956678125 0.591062965625 0.2987364625 0.5917400140625 0.2653429609375 0.610697359375 0.2509025265625 0.6147596484375 0.0821299640625 0.702775896875 0.07310469375 0.7122545703125 0.0767148015625 0.722410290625 0.204873646875 0.8937034531249999 0.21660649843750002 0.9079214625 0.2193140796875 0.9072444140625 0.22382671406250002 0.9174001359374999
1 0.545126353125 0.6059580234374999 0.5415162453125 0.601895734375 0.5189530687499999 0.601895734375 0.5135379062500001 0.6066350703125 0.5144404328125 0.79146919375 0.5288808671874999 0.8043331078125 0.5433213 0.8029790109375 0.55144404375 0.798239675 0.5469314078124999 0.6194989843750001 0.545126353125 0.6059580234374999
1 0.6489169671874999 0.702775896875 0.6389891703125 0.7014218015625 0.634476534375 0.7034529453125 0.6227436828124999 0.720379146875 0.5397111906250001 0.8930264046874999 0.534296028125 0.9113067031250001 0.555956678125 0.920785375 0.56768953125 0.9214624234375 0.6669675093749999 0.71699390625 0.6669675093749999 0.7109004734375 0.6489169671874999 0.702775896875
0 0.97833935 0.8977657406249999 0.9810469312500001 0.8916723093750001 0.9747292421875 0.8706838187500001 0.8925992781250001 0.6269465125 0.887184115625 0.62491536875 0.8294223828125 0.6255924171875 0.822202165625 0.6276235609375 0.669675090625 0.6269465125 0.6624548734375 0.630331753125 0.69314079375 0.89708869375 0.704873646875 0.900473934375 0.8971119140624999 0.8991198375 0.914259928125 0.90115098125 0.9602888093749999 0.900473934375 0.97833935 0.8977657406249999
4 0.6326714796874999 0.6540284359374999 0.6552346578125 0.635071090625 0.6976534296875 0.5775220046875 0.702166065625 0.5660121874999999 0.702166065625 0.55044008125 0.69314079375 0.53283683125 0.6732851984375 0.516587678125 0.653429603125 0.507786053125 0.634476534375 0.503046715625 0.6010830328125001 0.50236966875 0.58393501875 0.505754909375 0.564079421875 0.5145565328124999 0.550541515625 0.5247122546874999 0.5415162453125 0.5436696000000001 0.5469314078124999 0.6161137437499999 0.5604693140625 0.6425186187499999 0.577617328125 0.6540284359374999 0.5974729234375 0.658767771875 0.6218411546875 0.658090725 0.6326714796874999 0.6540284359374999
3 0.8668772562499999 0.5572105625 0.9043321296875 0.5741367640624999 0.9296028875 0.575490859375 0.946750903125 0.5727826671875 0.957581228125 0.5673662828125 0.968411553125 0.557887609375 0.9711191328125001 0.5457007453125 0.9693140796874999 0.538253215625 0.9431407937499999 0.5247122546874999 0.9431407937499999 0.5084631015625 0.9341155234375 0.501015571875 0.911552346875 0.49492213906250004 0.895306859375 0.4955991875 0.8799638984374999 0.49763033125 0.8619133578125 0.5071090046875 0.8537906140624999 0.5308056875 0.8375451265624999 0.5335138796875001 0.8312274374999999 0.5389302640625 0.782490975 0.5511171296875 0.7084837546875 0.5646580906249999 0.702166065625 0.5693974265625 0.7012635375 0.5761679078124999 0.7057761734375 0.5788761 0.7870036093749999 0.56804333125 0.8402527078125 0.557887609375 0.8537906140624999 0.5599187546875 0.8668772562499999 0.5572105625
1 0.9530685921875 0.52606635 0.9512635375 0.529451590625 0.9711191328125001 0.5436696000000001 0.9990974734375 0.5545023703124999 0.9990974734375 0.5247122546874999 0.9693140796874999 0.5125253890625 0.9530685921875 0.52606635