4 0.8664259921875 0.5836154359375 0.8763537906250001 0.56804333125 0.8962093859375001 0.52877454375 0.9025270765625001 0.4996614765625 0.8962093859375001 0.4928909953125 0.805956678125 0.4624238328125 0.691335740625 0.42721733281249996 0.6678700359375 0.4238320921875 0.6579422375 0.42721733281249996 0.634476534375 0.44617467812499995 0.6110108296875 0.4827352734375 0.6028880859375 0.5050778609375 0.601985559375 0.534190928125 0.607400721875 0.5423155046875 0.615523465625 0.547054840625 0.77436823125 0.5829383890625001 0.849277978125 0.5944482062499999 0.8664259921875 0.5836154359375
0 0.9990974734375 0.40555179375000006 0.9990974734375 0.343263371875 0.9855595671874999 0.3439404203125 0.8601083031250001 0.3317535546875 0.814079421875 0.3337846984375 0.7861010828125 0.350033853125 0.69855595625 0.41909275625 0.69314079375 0.4238320921875 0.695848375 0.42789438124999996 0.8935018046875 0.4895057546875 0.9070397109374999 0.49492213906250004 0.9079422375 0.50236966875 0.9990974734375 0.40555179375000006
0 0.47057400781250003 0.30744211250000003 0.1839512640625 0.3958415703125 0.20536913281250002 0.45635274218750005 0.284277978125 0.464664184375 0.5572842953125 0.3671198375 0.5406435015625 0.3417637109375 0.47057400781250003 0.30744211250000003
0 0.27223014375 0.524408259375 0.320608303125 0.48119363593750003 0.1173285203125 0.4502369671875 0 0.538312796875 0.005552346875 0.7292417062500001 0.0021245484374999997 0.7627637109375 0.0618989171875 0.772674340625 0.28611191406250003 0.5480453625 0.27223014375 0.524408259375
2 0.7432274375000001 0.3558930265625 0.773811371875 0.3557474609375 0.8110848374999999 0.2983507109375 0.6065261734375 0.2163310765625 0.6082364625000001 0.219247121875 0.588731046875 0.22345903906250003 0.5595225625 0.23649762968750002 0.53160920625 0.286945159375 0.5493691328125 0.326133378125 0.5859638984375 0.3232640484375 0.7432274375000001 0.3558930265625
2 0.2138989171875 0.38388625625 0.2274368234375 0.37576167968749996 0.2481949453125 0.3723764390625 0.25270758125000004 0.364928909375 0.2509025265625 0.3601895734375 0.25541516249999996 0.3568043328125 0.2509025265625 0.35545023750000004 0.24729241875 0.3439404203125 0.25270758125000004 0.341909275 0.25270758125000004 0.33310765 0.2400722015625 0.2911306703125 0.2301444046875 0.272173325 0.22563176875000002 0.2453168578125 0.2274368234375 0.22816519999999998 0.2229241875 0.2234258625 0.21480144375000002 0.2207176703125 0.18682310468750002 0.2200406234375 0.148014440625 0.22410291093749998 0.091155234375 0.240352065625 0.07310469375 0.2498307375 0.06317689531250001 0.2593094109375 0.06498195 0.27081922812500003 0.074909746875 0.27420446875 0.0866426 0.2850372375 0.1732851984375 0.394719025 0.18411552343749998 0.3940419765625 0.2138989171875 0.38388625625
2 0.430505415625 0.3073798234375 0.454873646875 0.3033175359375 0.46660649843749996 0.2938388625 0.4729241875 0.279620853125 0.47111913281250006 0.2146242390625 0.465703971875 0.1970209890625 0.45397111875 0.1848341234375 0.4259927796875 0.1814488828125 0.41155234687500003 0.18686526718750002 0.3962093859375 0.185511171875 0.3799638984375 0.196343940625 0.37454873593750004 0.20379146874999998 0.37274368281250003 0.23222748750000002 0.37635379062499996 0.235612728125 0.38176895312500003 0.2633717 0.392599278125 0.29316181406249997 0.414259928125 0.3067027765625 0.430505415625 0.3073798234375
0 0.7373646203125 0.8185511171875 0.7337545125 0.8111035890625 0.7382671484375 0.7995937718749999 0.6028880859375 0.7217332437499999 0.49819494531249997 0.6574136765625 0.48555956718750004 0.654705484375 0.085740071875 0.8964116453125 0.0848375453125 0.902505078125 0.0947653421875 0.9194312796874999 0.1543321296875 0.9993229515625 0.52436823125 0.9993229515625 0.7247292421875 0.833446175 0.7373646203125 0.8185511171875
1 0.3700361015625 0.622884225 0.3537906140625 0.593094109375 0.346570396875 0.5937711578125 0.1335740078125 0.71293161875 0.13267147968749998 0.7163168578125 0.1389891703125 0.7251184828125 0.1543321296875 0.7393364921875001 0.1597472921875 0.740013540625 0.2779783390625 0.676371021875 0.3700361015625 0.622884225
1 0.3583032484375 0.7285037234375 0.349277978125 0.698713609375 0.00270758125 0.790792146875 0 0.8111035890625 0.00270758125 0.8131347328125 0.00270758125 0.8259986453125 0.0054151625 0.82667569375 0.3185920578125 0.7488151656250001 0.3583032484375 0.7285037234375
1 0.5933853796874999 0.43173053437500003 0.49773884218750003 0.437762465625 0.5259332125 0.444511171875 0.52923014375 0.46629045312499995 0.5874359203124999 0.46148341249999997 0.5933853796874999 0.43173053437500003
1 0.3417436828125 0.466218009375 0.3754124546875 0.4573182125 0.41258844687499996 0.4493974265625 0.4430667875 0.4490995265625 0.4835306859375 0.4515924171875 0.4933491515625 0.4380393015625 0.341664259375 0.44760528125 0.3417436828125 0.466218009375
1 0.42707852031250004 0.5458300609375 0.4869593859375 0.5205998640625 0.5249729234375 0.46217806406250006 0.532490975 0.44453757656250004 0.48958574062500004 0.43852064999999996 0.42707852031250004 0.5458300609375
0 0.59297111875 0.51960121875 0.6326236468750001 0.45048138125000003 0.6707518046875001 0.42342586249999997 0.69847111875 0.39373256562500003 0.6990794218749999 0.3444942453125 0.556358303125 0.351106296875 0.3916741875 0.4218720375 0.33206678749999996 0.45410494218749997 0.3341290609375 0.46901421875000004 0.3110600125 0.49276659843750004 0.38071841093750003 0.44686526718749997 0.4722048734375 0.4506337171875 0.48388357343750005 0.4340182796875 0.5252193140625 0.44420717656250003 0.51379693125 0.49348476718749995 0.5286741875 0.5868300609375 0.5733601078125 0.5767007453125 0.59297111875 0.51960121875
3 0.8200306859375001 0.7773757609375 0.8679070390625 0.8341374406250001 0.9536119140625001 0.8400223421874999 0.9775676890625 0.8039614078125 0.8329422375 0.6986222078125001 0.9967897109375 0.7975152328124999 0.9990974734375 0.715019634375 0.9335956671875 0.6932071765625001 0.8934404328125 0.7066689234375 0.850014440625 0.6840832765625 0.679583934375 0.5816858500000001 0.6708935015625 0.600265403125 0.80778790625 0.7045991875000001 0.8334801437499999 0.7326729859375 0.8190342953125 0.7501814484375 0.8200306859375001 0.7773757609375