2 0.469057540625 0.0974064984375 0.43833616875 0.09220593593750001 0.41126429531250003 0.093670809375 0.39413991406250004 0.0982320546875 0.3662639890625 0.11664939062499999 0.352867884375 0.1414170328125 0.352978175 0.16037437968749998 0.3575577734375 0.17175289375 0.3560481390625 0.22258402031250002 0.369723909375 0.2458867890625 0.39328020937499997 0.2607761140625 0.424911984375 0.2673045125 0.4330307890625 0.266391115625 0.492329728125 0.21861862968749998 0.5148220046875001 0.20577524375 0.529171840625 0.18978296562500002 0.5335544921875 0.167309075 0.526157021875 0.137051996875 0.49983011875 0.11140868749999999 0.469057540625 0.0974064984375
2 0.6970930828124999 0.1937000703125 0.6745338453125 0.195033640625 0.6601131078125 0.198839053125 0.6349487015624999 0.21785465624999997 0.6233497734375 0.24121568125 0.5686580046875 0.305106015625 0.56693566875 0.319376546875 0.5715270828125 0.3327862046875 0.5941887343750001 0.349055884375 0.60504663125 0.353480090625 0.613169375 0.3532437421875 0.7068116109375 0.312597921875 0.734766315625 0.307721546875 0.7581611171875 0.2948519 0.77337409375 0.2720628796875 0.7741545125 0.251048128125 0.76499925625 0.22896814999999998 0.7486552953125 0.21251464375 0.7205903 0.1984336734375 0.6970930828124999 0.1937000703125
2 0.7890198453124999 0.478819415625 0.8305242734375 0.475580271875 0.8620536375000001 0.46450542031250003 0.8737470999999999 0.457393546875 0.8690847843749999 0.431797025 0.83506105 0.32444098593750004 0.8322392390625 0.304885375 0.7637417156249999 0.323130353125 0.7078874515625 0.3423617765625 0.7060942125 0.3444454421875 0.7288858484375 0.383057709375 0.7890198453124999 0.478819415625
2 0.44866917187500005 0.3167232875 0.4289041703125 0.33287313125 0.41996161875000004 0.3473537484375 0.42190453593750005 0.370997909375 0.42918777500000005 0.3816205921875 0.4409757734375 0.3907578734375 0.46810673124999996 0.39944872187499997 0.4951746640625 0.3973068 0.5194641171875001 0.38305679531250003 0.5607243296875 0.3378406703125 0.5660685921875 0.32549624062500004 0.562340315625 0.30528984062500003 0.5541624265625 0.2960475171875 0.535146334375 0.28576622500000004 0.51527104375 0.28295872499999997 0.4990373734375 0.28546256406250003 0.44866917187500005 0.3167232875
0 0.3757648578125 0.5084501375 0.3758160640625 0.5172517625 0.3985210421875 0.5409689703125 0.495635015625 0.6315916921875 0.5064889734375 0.63533885 0.5092201890625 0.63932235625 0.52458284375 0.6422611625 0.7421554 0.49169479687499995 0.761017871875 0.47557121249999995 0.7510231125 0.4643502640625 0.661239646875 0.39247480156250003 0.6340062765625001 0.36618070625 0.619522515625 0.35915335000000004 0.47559085625 0.44460085468750005 0.3757648578125 0.5084501375
0 0.74324305625 0.5234897953125001 0.6262375312499999 0.5824216484375 0.6235496453125 0.5858856703125 0.682686578125 0.6654244828125 0.6881214359375 0.668652159375 0.693516903125 0.665109353125 0.7043748015625 0.6695335609375 0.7558700515625 0.6768383171875 0.7738851421875 0.6702196671875 0.9232319625000001 0.5846145953125 0.8577418874999999 0.49916617656250006 0.8423398453125 0.489456890625 0.8287783046874999 0.4857885140625 0.8098528078125 0.491079328125 0.78466870625 0.5067096890625 0.74324305625 0.5234897953125001
4 0.6258943343750001 0.678588734375 0.6105868265625001 0.6851286015625 0.5971592109375 0.7044798609375 0.5981680890625001 0.722733896875 0.6063538546875 0.73333031875 0.6489301875 0.7591779812499999 0.6851415609375 0.7770848921875 0.7059193765625 0.779866134375 0.728462859375 0.775824371875 0.7509551359375 0.7629809859375001 0.7643985078125 0.74633791875 0.769699440625 0.726545959375 0.7659632843749999 0.704985465625 0.7532294328125 0.688426915625 0.726973428125 0.6749704703125 0.6971742796875 0.6731288859375 0.6258943343750001 0.678588734375
2 1 0.6270736109375 0.9902789375 0.6273564640625 0.9602343921875001 0.6350022984375 0.841436809375 0.6445534203125 0.8270475828125001 0.65377521875 0.8190114968750001 0.6689066234375 0.82000461875 0.6844524671875 0.8254828046875 0.695127671875 0.8336409984375001 0.70098475625 0.876146428125 0.7146455546875 0.9629308296874999 0.7364982437500001 0.990995825 0.7505792140625 1 0.750799625 1 0.6270736109375
2 0.8152039328124999 0.7902295328125 0.7753627562500001 0.7690424234375 0.750986646875 0.7683973703125 0.7284707359375 0.7771784687500001 0.7096043265625 0.7926250046875001 0.6988842921875 0.8118974796874999 0.70089023125 0.846374409375 0.7100061 0.8616839078125 0.729026128125 0.872642246875 0.7498078859375 0.876100534375 0.8465791687499999 0.9078200750000001 0.8926868296875 0.9200217328125 0.9098309046875 0.9188457281250001 0.925138415625 0.9123058609375001 0.944871903125 0.89073963125 0.9493018203125001 0.8763903187500001 0.9483283921875 0.8642297156250001 0.9337540343749999 0.8416302546875001 0.9228764421875001 0.83382080625 0.8152039328124999 0.7902295328125
1 0.41694972343750003 0.60544036875 0.40703768125 0.6084374296874999 0.23604596562500002 0.6973809531249999 0.2288612015625 0.7036844734375001 0.24431051250000002 0.7215183359374999 0.422483053125 0.6255942453125 0.4350751046875 0.6177790640625 0.43141772968750003 0.60975953125 0.41694972343750003 0.60544036875
1 0.1877230953125 0.7698890875 0.193185525 0.7778560984375 0.1967956328125 0.7777510546874999 0.3920492265625 0.669818190625 0.3865631625 0.657788890625 0.3765959765625 0.6513072796875 0.18582350625 0.75369245625 0.18043985468749998 0.7592664046875 0.19309886874999999 0.762961040625 0.19222391249999998 0.7677266390625 0.1877230953125 0.7698890875
1 0.43357334999999997 0.6699642875 0.43173284531249995 0.6639233765625 0.4235588953125 0.6553580984375 0.41093139375 0.6570798484375 0.23189965468749998 0.7604777281249999 0.23285732656250002 0.769930140625 0.2410391546875 0.7798495140624999 0.2491618984375 0.779613165625 0.42368888125000004 0.6777006859375 0.43357334999999997 0.6699642875
1 0.2698727546875 0.7708845890625 0.271725075 0.7789566437500001 0.28714681406250003 0.7920511703125 0.467936340625 0.6804761921875 0.46244633906250004 0.6677698453125 0.450689853125 0.664048946875 0.4281896984375 0.6755382375 0.2698727546875 0.7708845890625
0 0.433399021875 0.9503147109375 0.6384031609374999 0.8116258140625 0.556592759375 0.7137861765625 0.5302697937499999 0.6888199140625 0.3035577375 0.8200144937499999 0.29636903281250004 0.8256409671875 0.3009486296875 0.8370194796874999 0.409097753125 0.9625335703125 0.4136103875 0.9624022671875 0.433399021875 0.9503147109375
3 0.6462575484374999 0.9204204656250001 0.630043571875 0.9263095453125001 0.606605440625 0.931731665625 0.6020809890625001 0.929831825 0.60119815625 0.9332433265625 0.5615381703125 0.943200428125 0.5543494671875 0.9488269 0.5398932765625 0.9465388812500001 0.530824678125 0.9393539609375001 0.5163527328125 0.9343577515625 0.4829749875 0.9380375953125 0.46679646249999995 0.9500201078125 0.457849971875 0.9638236765625001 0.4606875375 0.9860874796875001 0.5581604609374999 0.9832513078125 0.561742996875 0.978406928125 0.57435868125 0.9746540359375 0.5806291031249999 0.9663456328125 0.59145155 0.9646764062500001 0.6202497 0.94961805 0.7048981750000001 0.9146512234375 0.7048587859375 0.9078807421875 0.698513521875 0.90332523125 0.6921958328125 0.9035090578125 0.678697315625 0.91067345 0.6480429078125 0.916982703125 0.6462575484374999 0.9204204656250001
0 0.303421396875 0.3311070046875 0.3097469640625 0.3322772765625 0.32055759375 0.3285769046875 0.3394555171875 0.3185467546875 0.341225121875 0.3124008 0.3293937953125 0.2958159890625 0.2494081421875 0.2013090703125 0.22944225624999998 0.1829294625 0.007814490625 0.25709444062500003 0.00150861875 0.2593094109375 0.00235943125 0.40555179375000006 0.0341645203125 0.4418703078125 0.07110116875 0.4292837953125 0.090893740625 0.41787328749999997 0.209755528125 0.3676905375 0.294439453125 0.33881714218750003 0.303421396875 0.3311070046875
0 0.11478434374999999 0.645381965625 0.1211296078125 0.6499374765625 0.12115717968749999 0.6546768140625 0.1356409421875 0.66170416875 0.15455068125 0.6537051625 0.157214934375 0.64617885 0.1653416171875 0.64661955 0.176999628125 0.6334142453125 0.19590936875 0.6254152390625001 0.284897165625 0.5605269921875 0.34154760781250004 0.5229890109374999 0.343329028125 0.5188742015625001 0.3676342359375 0.5073323875 0.40358957812499996 0.481231175 0.41074283125 0.46951127187499997 0.3399990921875 0.4119793890625 0.26114836406249997 0.35739204375 0.1432797015625 0.4231206390625 0.07854196718749999 0.46698839999999997 0.0362453015625 0.48921115156250006 0.0029739078125 0.51117129375 0.0032496343749999997 0.5585646578125 0.006918826562499999 0.5686153359375 0.022316932812500002 0.5776475734375001 0.024149559374999997 0.5823343890625 0.0830895453125 0.6280207984375 0.10664978437499999 0.6435871703125 0.11478434374999999 0.645381965625