2 0.16424105625000002 0.8983441265625001 0.17716403281249998 0.9032891875000001 0.20878206875 0.9059247640624999 0.22558565625 0.9039797734375 0.2331393796875 0.8970284546875 0.2902380828125 0.7948614859375 0.291104575 0.7840263968750001 0.282501540625 0.7695204125 0.2743621625 0.7633302640624999 0.2485162125 0.7534401421875 0.23248145 0.7507111109375 0.2149090375 0.7573301234375001 0.1546255609375 0.8287530125 0.1351738421875 0.8412298703125 0.13330669687500002 0.8525810640625 0.1472911453125 0.8844767796875 0.155308528125 0.8858412937500001 0.16424105625000002 0.8983441265625001
2 0 0.79388278125 0.010849684375 0.7953598046875 0.0451280140625 0.7929568687499999 0.06981482343749999 0.7820574078125 0.077026890625 0.7716158890625 0.0790038640625 0.759596975 0.0720361453125 0.7295818796875 0.0828236546875 0.725240165625 0.087814753125 0.7171662890625 0.10053058125 0.6788322546875001 0.10236123281250001 0.6510010046875 0.10668117343750001 0.6414400828125 0.10108009531249999 0.6253857859374999 0.0752341453125 0.6154956640625 0.07311084375 0.6117022375000001 0.058516059375 0.6057862328125 0.0313521265625 0.6039087203125 0.024908884375000002 0.609676215625 0.013779715625 0.6105277328125001 0 0.6215520062500001 0 0.79388278125
2 0.43147565937500004 0.8381188421875001 0.44395930781250004 0.845734775 0.47754215312500004 0.8308580875 0.631276246875 0.7870089609375001 0.6367188359375 0.78175756875 0.6173529734375001 0.732472121875 0.605406321875 0.7160242515624999 0.5993902453125 0.713627528125 0.463411734375 0.7330421515625 0.419566209375 0.7379352640625 0.40231112812500003 0.7370577734375 0.397759359375 0.742460778125 0.3963437078125 0.7566344546875 0.40443407656249997 0.79095908125 0.4165148875 0.8177259359375 0.43147565937500004 0.8381188421875001
2 0.8730548640625001 0.79246504375 0.8786437765624999 0.8030259875000001 0.89235990625 0.8142837328124999 0.90684485625 0.8208674531250001 0.9432586531249999 0.8277512953124999 0.967531521875 0.6801857578125 0.9396356109375 0.6493544390625 0.92580965 0.6387644109374999 0.9192200828124999 0.6287195734375 0.9033928203125001 0.6191617546875 0.8766682156250001 0.614613371875 0.8540803765625 0.61831955625 0.8337378375 0.6306448 0.8288565734375 0.6380509562500001 0.82788025 0.649553765625 0.857203625 0.7218126421875 0.8728963734375 0.7711593546875 0.8730548640625001 0.79246504375
0 0.3018695234375 0.5181585640625 0.29918489843749996 0.5122103734375 0.300795884375 0.48571455781250006 0.297671934375 0.4824372375 0.296305290625 0.4684764390625 0.29072854062500003 0.4634088453125 0.29288868749999997 0.43357444375 0.25591498125 0.22410430625000002 0.24975257968750003 0.20589524531249997 0.22892205468750002 0.1989179515625 0.1937529046875 0.20116927499999998 0.1104794625 0.195233509375 0.100021446875 0.1975720703125 0.0750784828125 0.1933269125 0.033893253125 0.19318151249999999 0.0057762640625 0.36411715624999996 0.0082533890625 0.37689413437499997 0.046887446875 0.481626096875 0.060518071875 0.5045382593750001 0.157934803125 0.51356755 0.179302325 0.5117129015625 0.2429898859375 0.519806540625 0.29397413906250003 0.521619684375 0.3018695234375 0.5181585640625
0 0.778740934375 0.32475542812499997 0.7739086796875 0.3040271109375 0.648646459375 0.035600496875 0.6156861124999999 0.0299908234375 0.398032275 0.111696278125 0.3802402 0.119650725 0.3792517109375 0.12566018125 0.5497994359375 0.38600670937500003 0.568384665625 0.3843649453125 0.778740934375 0.32475542812499997
0 0.6664700828125001 0.745636459375 0.700199253125 0.746572109375 0.7706473875000001 0.741401746875 0.8127234359375001 0.7416987625 0.8210581484375 0.7355667718750001 0.78892850625 0.6024261890625 0.7805329734375 0.5810914203124999 0.776188703125 0.5796656390625 0.7171015671875 0.5881424015625 0.7100970015625 0.5917551343749999 0.6374400640625 0.604786490625 0.620612146875 0.5957447796875 0.6193675015625 0.586609615625 0.612899934375 0.581390409375 0.6126559390625 0.571739140625 0.6082995062500001 0.5648200078125 0.5802569171874999 0.5682842328125 0.5761444765625 0.57101636875 0.5771572921875 0.5759936171875 0.6365850296875 0.7213307 0.6474211953125 0.738962390625 0.6664700828125001 0.745636459375
4 0.63387678125 0.604180040625 0.7955427562499999 0.5733498499999999 0.8094420546875 0.566792103125 0.8122000187499999 0.5555925203125 0.8093812328125001 0.539325346875 0.7960679390625 0.5089166781250001 0.78591509375 0.49826538593749997 0.76931900625 0.49338159062500003 0.7401537671875 0.49253628593750004 0.61639058125 0.49892886875000003 0.6225408203125 0.5116445781250001 0.6202221828125001 0.5201732921875 0.6034429234375 0.5331049875 0.6031255921875001 0.5406014890625 0.6182448546875 0.5823000859375 0.6265183921874999 0.5988092234375 0.63387678125 0.604180040625
1 0.4403137015625 0.40581180000000006 0.329791884375 0.25932929374999997 0.319089878125 0.2520165859375 0.29384174218750003 0.26076128593750003 0.2930729203125 0.26543530625 0.42992867500000004 0.4411104734375 0.4374702359375 0.4286658046875 0.4403137015625 0.40581180000000006
1 0.48940718906249997 0.30777366875 0.487052059375 0.2998223265625 0.461523440625 0.2824357015625 0.2533040484375 0.1509004625 0.2463971515625 0.14835212656250002 0.240503071875 0.1507810359375 0.229959553125 0.16477401875 0.2288612328125 0.17145119375 0.46929647656249995 0.3242568296875 0.47830234687499995 0.31961188906250004 0.48940718906249997 0.30777366875
3 0.8376198640625001 0.4233232171875 0.8610130187499999 0.4314230671875 0.8812700546875 0.43075224375000004 0.9144135734375001 0.418546425 0.9236391062499999 0.41256605 0.9307413390624999 0.40279224999999996 0.9324864859374999 0.38661541875 0.9215526515624999 0.375144796875 0.9059572156250001 0.36974489843749997 0.9036875890625 0.3501391359375 0.8946452265625 0.3383040203125 0.8817222515625 0.33335895937500004 0.8591222515625001 0.3315717921875 0.8326416390625001 0.33667467812499996 0.8187423390624999 0.3432324234375 0.81029779375 0.3500321328125 0.8025365703125 0.3638122359375 0.8023106468750001 0.3874549359375 0.7943725109375 0.3967432671875 0.7826941796875 0.4009333703125 0.770588684375 0.41328769374999996 0.760020840625 0.416293975 0.7554690703125 0.42169697968750003 0.743119584375 0.42440003437499996 0.735675690625 0.43068363749999994 0.700982359375 0.44674414531249995 0.6906341796875 0.448414990625 0.6869732296875 0.45396960937499997 0.6556113515625 0.4664786515625 0.6421635453125 0.47585888125000003 0.6412848906249999 0.4812006203125 0.6489727750000001 0.4845682875 0.7800947046875 0.43343864062500004 0.8376198640625001 0.4233232171875
0 0.3660071640625 0.7295062140625 0.43973809375000006 0.698810978125 0.44540034687499996 0.6922241515625001 0.44704782656250003 0.6822083921875 0.443911709375 0.6734377203124999 0.346373334375 0.6094749125 0.25316706093749997 0.5414445375 0.220841378125 0.52084185625 0.1804249734375 0.5160224328125 0.16729449999999998 0.5179061578125 0.1630722265625 0.5213060125 0.1549450140625 0.5206092156250001 0.07402634531249999 0.572732671875 0.058589398437499995 0.5886384609374999 0.0611641921875 0.59525436875 0.308604 0.744447271875 0.3185128546875 0.745447296875 0.3660071640625 0.7295062140625
2 0.8987687734375 0.49138888593749996 0.8971334578124999 0.5068979984374999 0.9080916203125 0.5293553234374999 0.9371835203125001 0.5473484 0.9827981687499999 0.58737304375 0.9876995265625 0.5575755109375 0.9903877187499999 0.4420798421875 0.9783572906250001 0.44178468437499996 0.9613340390625 0.4450651109375 0.9429806390625 0.45086479375 0.925859721875 0.4603062890625 0.9066398296875 0.4769410625 0.8987687734375 0.49138888593749996
0 0.4432333625 0.696702084375 0.443475253125 0.698215603125 0.5703231625 0.7153866953125 0.57131280625 0.70638056875 0.5708178109375 0.5182810265625 0.555672165625 0.526748346875 0.5264860125 0.53098509375 0.4919146796875 0.5291510609375 0.46454851406250003 0.5193392328125 0.44673198281250004 0.508207315625 0.4322542921875 0.49469826406250006 0.42636330625 0.476759853125 0.42508723593750003 0.4666020796875 0.426311 0.45318854843749995 0.29925493593749997 0.449235925 0.2955697390625 0.45670836406250004 0.298508540625 0.4627313875 0.31059708750000004 0.5295859140625 0.3074616203125 0.542674084375 0.30723211093749997 0.5470534453125 0.3150044265625 0.5475807015624999 0.3234019578125 0.5920855875 0.44909828437500005 0.6759781265625 0.4482859375 0.686884896875 0.4432333625 0.696702084375
1 0.54833030625 0.5773509109375 0.5454573484374999 0.5739172499999999 0.3157839296875 0.5219420984375 0.31244598125 0.524319384375 0.3081717546875 0.5353727921875 0.309506696875 0.5451726671875 0.5417523156249999 0.5994258593749999 0.5461505812499999 0.5906024296875 0.54833030625 0.5773509109375
1 0.6225675921875 0.5082527781249999 0.6155116015625001 0.5033706687499999 0.5070901609375 0.4219610703125 0.4889396546875 0.4218173375 0.4735450390625 0.42582455 0.4640614625 0.429732665625 0.595509675 0.529419625 0.6102562796875 0.5293519453125 0.6194908859375 0.5209837203125 0.6225675921875 0.5082527781249999
4 0.4621037171875 0.516286640625 0.49018914531249996 0.52769391875 0.5192699390625 0.5300658421875 0.5460141234375 0.5287274734375 0.5645039078125 0.5208293078125 0.5738055734375 0.5150485921875 0.5949724328125 0.5296961015625 0.60876308125 0.5294664140625 0.6170499171875 0.5238815828125001 0.6233599937500001 0.5153828468749999 0.6200605625 0.5085626125 0.5949989437500001 0.4877300640625 0.5948554390624999 0.4766606140625 0.5878256953125 0.456687440625 0.546054053125 0.385148928125 0.5237993249999999 0.3711413328125 0.49531385937500005 0.3681342140625 0.47359070625 0.37180017187500003 0.45910545 0.3822208375 0.45267144375 0.3884889265625 0.430176171875 0.4416378890625 0.42528048125 0.468416890625 0.4293776171875 0.48531348124999996 0.44339020781249994 0.504634146875 0.4621037171875 0.516286640625