1 0.2220216609375 0 0.18501805 0.001354096875 0.24187725625 0.0419769796875 0.2833935015625 0.0873392015625 0.2987364625 0.075829384375 0.30054151562500003 0.067027759375 0.2220216609375 0
1 0.542418771875 0.676371021875 0.42689530624999994 0.5416384562500001 0.41877256249999995 0.5368991203125 0.3962093859375 0.547054840625 0.395306859375 0.552471225 0.5153429609375 0.6878808390625 0.5225631765625 0.6919431281249999 0.5379061375 0.6892349359375001 0.545126353125 0.683141503125 0.542418771875 0.676371021875
1 0.33935018125 0.5044008125 0.324909746875 0.4983073796875 0.295126353125 0.501015571875 0.2752707578125 0.5084631015625 0.2761732859375 0.5192958703125 0.287003609375 0.52877454375 0.324909746875 0.5308056875 0.3348375453125 0.527420446875 0.3429602890625 0.5172647265625 0.33935018125 0.5044008125
0 0 0.6926201765625 0.083032490625 0.6844955984375 0.1380866421875 0.674339878125 0.1416967515625 0.6696005421875 0.1010830328125 0.36086662187499996 0.091155234375 0.3568043328125 0.075812275 0.35545023750000004 0.0487364625 0.3547731890625 0.00812274375 0.3581584296875 0 0.359512525 0 0.6926201765625
0 0.4620938625 0.51523358125 0.467509025 0.5145565328124999 0.47743682343750005 0.53283683125 0.5018050546875 0.549085984375 0.5117328515625 0.5477318890625 0.5171480140625 0.5565335140625 0.532490975 0.5389302640625 0.5388086640624999 0.52403520625 0.550541515625 0.5172647265625 0.547833934375 0.505754909375 0.56768953125 0.49356804375 0.574909746875 0.4820582265625 0.580324909375 0.4807041296875 0.6037906140625 0.44346648593750004 0.6281588453125 0.428571428125 0.645306859375 0.40893703437499995 0.6552346578125 0.40419769843750003 0.70938628125 0.347325659375 0.7129963906250001 0.336492890625 0.71480144375 0.29722410312499997 0.72021660625 0.28165199687500003 0.7274368234375 0.26743398749999997 0.7490974734375 0.24779959375 0.7518050546875 0.240352065625 0.7436823109375 0.22681110312500002 0.7301444046875 0.218009478125 0.653429603125 0.2153012859375 0.564079421875 0.21733243125 0.5415162453125 0.22139471875 0.5153429609375 0.23899796874999998 0.454873646875 0.2877454296875 0.354693140625 0.377115775 0.304151625 0.428571428125 0.304151625 0.43534190937500006 0.314079421875 0.4427894375 0.4025270765625 0.47799593749999997 0.446750903125 0.5132024375 0.45848375468749997 0.51117129375 0.4620938625 0.51523358125
0 0.7472924187500001 0.5551794171875 0.808664259375 0.505754909375 0.911552346875 0.4339878125 0.93501805 0.41503046718750003 0.93501805 0.41096817812499997 0.8826714796875 0.3656059578125 0.841155234375 0.323628978125 0.8321299640625 0.3195666890625 0.8095667875 0.316858496875 0.7761732859375 0.3371699390625 0.7707581234374999 0.350033853125 0.7590252703125 0.350033853125 0.7265342953125 0.36831415 0.6543321296875 0.4211239 0.6254512640625001 0.43737305312499997 0.607400721875 0.45159106250000003 0.607400721875 0.45633039999999997 0.6227436828124999 0.472579553125 0.6462093859375 0.46716316874999997 0.6624548734375 0.4691943125 0.7364620937499999 0.549085984375 0.7472924187500001 0.5551794171875
0 0.5045126359375 0.7318889640624999 0.5180505421875 0.7237643874999999 0.5189530687499999 0.7197020984375 0.4124548734375 0.5870006765625 0.4025270765625 0.5842924843749999 0.3664259921875 0.599864590625 0.1191335734375 0.722410290625 0.118231046875 0.7271496281250001 0.1254512640625 0.737982396875 0.2030685921875 0.82667569375 0.23646209375 0.8625592421875 0.2509025265625 0.8720379140625001 0.5045126359375 0.7318889640624999
4 0.7238267140625 0.6134055515625 0.7454873640625 0.5991875421875 0.7527075812499999 0.5903859171875 0.7563176890625 0.57684495625 0.7472924187500001 0.562626946875 0.72021660625 0.5301286390625 0.6669675093749999 0.474610696875 0.6579422375 0.4685172640625 0.634476534375 0.47122545625 0.604693140625 0.48476641875000004 0.577617328125 0.503046715625 0.5604693140625 0.5213270140625 0.55685920625 0.52877454375 0.5595667875 0.5396073125 0.645306859375 0.597833446875 0.683212996875 0.6188219359375 0.7012635375 0.6201760328125 0.7238267140625 0.6134055515625
4 0.5072202171875 0.924170615625 0.49187725625 0.9262017609375001 0.46119133593750006 0.938388625 0.4422382671875 0.9553148281249999 0.435920578125 0.9708869328124999 0.435920578125 0.9993229515625 0.5848375453125 0.9993229515625 0.555956678125 0.9431279625 0.5415162453125 0.9316181453124999 0.5252707578125 0.9255247125 0.5072202171875 0.924170615625
1 0.7012635375 0.746784021875 0.7003610109375 0.735951253125 0.672382671875 0.7325660125 0.664259928125 0.7501692624999999 0.631768953125 0.8706838187500001 0.6254512640625001 0.9052132703125 0.634476534375 0.9119837515624999 0.6498194953125 0.9126607984374999 0.6552346578125 0.9079214625 0.6588447656249999 0.8964116453125 0.7012635375 0.746784021875
2 0.9259927796874999 0.7725118484375 0.945848375 0.7725118484375 0.9584837546875 0.768449559375 0.9765342953125 0.755585646875 0.9873646203125 0.740013540625 0.9900722015625 0.7291807718750001 0.9882671484375001 0.709546378125 0.9819494578124999 0.6980365609375 0.9666064984375 0.6858496953125 0.887184115625 0.6594448203125001 0.8348375453125 0.6452268109375 0.81498195 0.6343940421875 0.7996389890625 0.62965470625 0.7671480140625 0.6289776578125 0.7436823109375 0.6398104265625 0.7238267140625 0.6594448203125001 0.7166064984375 0.68178740625 0.7184115531249999 0.7014218015625 0.7265342953125 0.71699390625 0.7445848374999999 0.731211915625 0.7671480140625 0.7393364921875001 0.8068592062500001 0.7420446859375 0.9259927796874999 0.7725118484375
2 0.9990974734375 0.461746784375 0.9729241875 0.4698713609375 0.8456678703125 0.48882870624999997 0.8330324906250001 0.4955991875 0.8231046937500001 0.5138794859375 0.825812275 0.534190928125 0.8447653421875 0.552471225 0.8718411546875 0.5585646578125 0.9548736468750001 0.570074475 0.9990974734375 0.58090724375 0.9990974734375 0.461746784375
2 0.4503610109375 0 0.42960288750000003 0.018280298437500002 0.419675090625 0.0453622203125 0.40072202187499995 0.07244414375 0.3944043328125 0.075829384375 0.4016245484375 0.079891671875 0.41335740000000004 0.0805687203125 0.435920578125 0.11103588281250001 0.45126353750000003 0.12186865312499999 0.452166065625 0.1299932296875 0.46299639062500003 0.1421800953125 0.45848375468749997 0.15572105625 0.449458484375 0.1577522 0.43501804999999993 0.1740013546875 0.4476534296875 0.17806364218749998 0.48555956718750004 0.17738659375000002 0.5045126359375 0.169939065625 0.5225631765625 0.1516587671875 0.5740072203125 0.056194990624999996 0.5902527078124999 0.0358835484375 0.5947653421875 0.014218009374999998 0.5929602890625 0 0.4503610109375 0
2 0.8727436828125 0.21665538281250002 0.8583032484374999 0.22816519999999998 0.8583032484374999 0.23222748750000002 0.8510830328125 0.235612728125 0.8601083031250001 0.279620853125 0.8808664265624999 0.2802979015625 0.9061371843750001 0.2735274203125 0.9584837546875 0.268788084375 0.962996390625 0.2633717 0.9747292421875 0.10088016250000001 0.9828519859375 0.0893703453125 0.9819494578124999 0.07921462500000001 0.9584837546875 0.0717670953125 0.9232851984374999 0.0717670953125 0.8763537906250001 0.079891671875 0.835740071875 0.0947867296875 0.8348375453125 0.09952606562500001 0.8528880859375001 0.11103588281250001 0.8736462093749999 0.1340555171875 0.8826714796875 0.15639810468749998 0.884476534375 0.178740690625 0.8727436828125 0.21665538281250002
2 0.770523465625 0.24839878125 0.765669571875 0.240229334375 0.7613926 0.240186865625 0.7247626359375 0.1806736625 0.7192677390625 0.162131765625 0.709047834375 0.144930940625 0.715699578125 0.133288440625 0.7177622828125 0.1173509140625 0.7161868234375001 0.118496953125 0.7103348375 0.14002437343750002 0.6603610109375 0.18638659375 0.652621840625 0.20569939062499998 0.654023465625 0.21135274218750003 0.73312725625 0.221713609375 0.770523465625 0.24839878125
2 0.7267193140625 0.11400067656249999 0.715699578125 0.133288440625 0.7141859203124999 0.1449837515625 0.7192677390625 0.162131765625 0.765669571875 0.240229334375 0.824666065625 0.240815165625 0.8817707578125 0.2039871359375 0.8800875453125 0.14861340625 0.8334981953125 0.10906838125 0.816240975 0.0981719703125 0.7743718171875 0.0956578578125 0.7267193140625 0.11400067656249999
0 0.026150721874999998 0 0 0.0354725796875 0 0.065007446875 0.012233754687499999 0.3191117125 0.0151102859375 0.3199207484375 0.2863231046875 0.0985883546875 0.29630446875 0.097503371875 0.2511119140625 0.050785375 0.1573429609375 0 0.0874232859375 0 0.0743619140625 0 0.026150721874999998 0
0 0.1071929578125 0.345819353125 0.4132671484375 0.0847894375 0.29630446875 0.097503371875 0.29671480156249996 0.09792755625 0.015228521875000001 0.319954003125 0.1071929578125 0.345819353125
0 0.4322608296875 0.10857887656250001 0.397490975 0.1042545703125 0.1072621953125 0.3458388265625 0.10873555937499998 0.346253215625 0.1422787265625 0.36434994375 0.14096660625 0.36335815781249997 0.4322608296875 0.10857887656250001
0 0.4693935015625 0.14814421093750002 0.44016696718750004 0.1254258625 0.169932928125 0.37926954375 0.196458484375 0.3935802296875 0.4693935015625 0.14814421093750002
3 0.6525866421875001 0.7518801625 0.6810288812499999 0.7390798921874999 0.6095315890624999 0.6595267437500001 0.6883528875 0.726385240625 0.712476534375 0.7093337843749999 0.6837436828125 0.668393365625 0.6554954875 0.6772599859375 0.6161245484375 0.6644394046875 0.5099277984375 0.5704130000000001 0.5793185921874999 0.6605910625 0.5948655234375 0.6859079218749999 0.59228339375 0.70859309375 0.605565884375 0.7485084625 0.6525866421875001 0.7518801625