2 0.41990404375 0.544368446875 0.22689271562500002 0.47552279375 0.21974210312500003 0.466519028125 0.1844807171875 0.49572165156250003 0.1680900421875 0.53753119375 0.17039295000000002 0.5743701078125001 0.38782940312499997 0.6062187296875 0.392765125 0.5842514703125 0.41990404375 0.544368446875
2 0 0.5268184515625001 0.05702668749999999 0.540741759375 0.0995973296875 0.52832824375 0.103056453125 0.5014561984375 0.20169149687500001 0.4108625078125 0.1878324421875 0.3783394484375 0.14530590937500001 0.353414815625 0.0916854875 0.372341159375 0.0041071265625 0.43184192968749996 0.104918590625 0.498843078125 0 0.4392669921875 0 0.5268184515625001
2 0.677157340625 0.7074201312499999 0.61650189375 0.7121115609374999 0.5936834375 0.735043646875 0.6311435578125 0.7658692171875 0.6841999640624999 0.7858843421875 0.744430275 0.7830495765625 0.7653507671875001 0.7621096765625001 0.7625566828125 0.74269225625 0.707455715625 0.7183255015625 0.677157340625 0.7074201312499999
2 0.606545215625 0.7109676656249999 0.677409490625 0.7050384546874999 0.707455715625 0.7183255015625 0.7596833234375 0.7371239109375 0.754883778125 0.6048543921875 0.7275355640625001 0.5849984640625 0.6627987125 0.5843332625000001 0.606545215625 0.7109676656249999
2 0.898679934375 0.6725543375 0.90031359375 0.6723223218750001 0.9016472249999999 0.6716098125000001 0.9074832687500001 0.6713040718750001 0.9557308234375 0.6644518640625 0.9562545609375 0.668749021875 0.9678084218749999 0.6681437328125 0.9906804656249999 0.523261853125 0.9736999015625001 0.5059033078125 0.9244909140625 0.4976181515625 0.87046815625 0.5095760296875 0.8369743359375 0.533609559375 0.8389347453125 0.56214350625 0.8509386031249999 0.5671042125 0.863412209375 0.647948025 0.876589371875 0.684997284375 0.8958336906250001 0.6747157640625 0.898679934375 0.6725543375
2 0.90031359375 0.6723223218750001 0.8958336906250001 0.6747157640625 0.8778026265625 0.6884085015625 0.8814232515624999 0.698588346875 0.893560871875 0.7184430625 0.9014284078125 0.7228711296875 0.9566143984375 0.7390517562500001 0.9612467078125 0.7097086078125 0.9562545609375 0.668749021875 0.9074832687500001 0.6713040718750001 0.90031359375 0.6723223218750001
0 0.6294150140625 0.5221082265625 0.64264645 0.48594869375 0.6584463109375001 0.471310853125 0.533394615625 0.41555246874999996 0.5231823796875 0.43991226718750004 0.42242324375000007 0.585472496875 0.5721420968750001 0.649957078125 0.6697736640625 0.5537803046875001 0.6537290859375 0.5520013015624999 0.6294150140625 0.5221082265625
0 0.35507835625 0.168060609375 0.3422962546875 0.1774370984375 0.19416256406250001 0.4062854890625 0.388243521875 0.5254693359375 0.58344600625 0.3405425671875 0.609904459375 0.31944735 0.35507835625 0.168060609375
0 0.0766327171875 0 0.057805884375000005 0.074258796875 0.292799696875 0.21823569531250003 0.47691753593749997 0 0.0766327171875 0
0 0.9228492640624999 0.0837651640625 0.6855670843749999 0.34434943906250004 0.9097508109374999 0.45112865781249994 0.9932224609375 0.38246715 0.9977176921875 0.12493547812500001 0.9228492640624999 0.0837651640625
4 0.8020157984375 0.5204493078125 0.801410290625 0.5160991953125 0.739785215625 0.477491290625 0.6777687703125 0.47678491718749993 0.629601259375 0.5101136671875001 0.6685182984375 0.557619846875 0.7241347296875 0.574038790625 0.7832562015625 0.5532182999999999 0.8020157984375 0.5204493078125
4 0.744989740625 0.473870540625 0.8013495578125 0.5156628750000001 0.7913454234375 0.4437909515625 0.7831450109375 0.4185097015625 0.7137418390625 0.40526859374999996 0.693773828125 0.4192694921875 0.6623882875 0.4726998765625 0.6771193625 0.476777521875 0.6777687703125 0.47678491718749993 0.678286546875 0.476426653125 0.744989740625 0.473870540625
4 0.1040813984375 0.3630461515625 0.1356205640625 0.35421479218749996 0.20919666874999998 0.31877009843750004 0.224660965625 0.288573496875 0.1895145125 0.2446090640625 0.1287468203125 0.2200992 0.061025492187499995 0.2552908734375 0.0176696625 0.3016906390625 0.013401968750000002 0.3423536984375 0.025658228124999998 0.35636310625 0.0656504015625 0.3744199078125 0.102888584375 0.3593068234375 0.1040813984375 0.3630461515625
1 0.544422371875 0.24693396875 0.5530819109375 0.24399159531249998 0.6805128046875 0.0597195015625 0.70079791875 0.0350465515625 0.704575984375 0.0341861671875 0.7031283734375 0.0202843921875 0.65498460625 0.01378236875 0.5396735265625 0.196264728125 0.5245258625 0.22300213906250002 0.524358115625 0.22983262031249999 0.5256556828125001 0.23891693906249997 0.5330440640624999 0.24402665156249997 0.544422371875 0.24693396875
1 0.6662294 0.27709080468749997 0.8474447484375001 0.0808937546875 0.8478243546875 0.0727212578125 0.8374435296874999 0.06926334375 0.811032484375 0.051990146875 0.8074662796875 0.051508515624999994 0.785292134375 0.07661165625000001 0.6970015640625 0.185988134375 0.6493430375 0.23985923750000002 0.634045328125 0.2617791890625 0.634027625 0.2734271296875 0.6420956984374999 0.279999265625 0.6542596281249999 0.283697996875 0.6662294 0.27709080468749997
1 0.81457228125 0.0353353734375 0.76107920625 0.028110901562500002 0.7408382046875001 0.0582723171875 0.6152258203125001 0.21948934687500002 0.6109004031249999 0.2353527078125 0.6238940671875 0.2453313203125 0.6391563671875 0.246707246875 0.81457228125 0.0353353734375
1 0.7416856421875 0.0529042578125 0.757513 0.0276292703125 0.7084776796875001 0.021006839062499998 0.5975538375 0.18146636562500001 0.5962826796875 0.18951845312499999 0.616408753125 0.200460328125 0.6271073687500001 0.2019052234375 0.7416856421875 0.0529042578125