1 0.052072753125 0.9553616953124999 0.13952647812500002 0.7514300625 0.139096321875 0.7466200062499999 0.12333107031249999 0.74079033125 0.1089609609375 0.73919734375 0.103935475 0.7440829546875001 0.01185738125 0.9488626328124999 0.011656821874999999 0.9508814156250001 0.052072753125 0.9553616953124999
1 0.2096969078125 0.79458635 0.197390478125 0.790500775 0.188571903125 0.797006921875 0.062085909375000005 0.95511101875 0.102368134375 0.9609371531249999 0.2197012875 0.8127038375 0.2233316296875 0.8035815390625001 0.2096969078125 0.79458635
1 0.10775692343750001 0.9615345234375001 0.147274721875 0.9659152390625 0.190516053125 0.9053962421874999 0.2506301078125 0.8304195359375001 0.25535914531250004 0.8193780171875 0.23114740312499998 0.8071693046874999 0.21860259375000002 0.8146230578125 0.218201471875 0.8186606234375 0.1080243390625 0.9588428140625 0.10775692343750001 0.9615345234375001
1 0.15023653125 0.9635222171875 0.14996911875000002 0.9662139265624999 0.19038504843749998 0.9706942046875 0.29846947031250004 0.8241569828124999 0.2979724578125 0.8200198546875 0.27811766875 0.80965480625 0.27003448125 0.80875875 0.25991665625000004 0.8192028984374999 0.1617204625 0.9484671390624999 0.15705828125000001 0.9588357296875 0.15023653125 0.9635222171875
0 0.0997243859375 0.57625289375 0.0031687374999999998 0.5446596640625 0.0049256312500000005 0.8466440046875 0.0118053859375 0.8488471265624999 0.0218853953125 0.847923525 0.025879043750000004 0.84428420625 0.1739931328125 0.605576390625 0.15496961874999998 0.59598383125 0.0997243859375 0.57625289375
0 0.6577640546875 0.4979642734375 0.6268352328125 0.48024857499999996 0.43723083437500004 0.3871142453125 0.3872055671875 0.4427991859375 0.23256347968750002 0.6283972875 0.227901296875 0.638765878125 0.2320576890625 0.642628325 0.43307038750000004 0.739748665625 0.479267453125 0.7591569140625001 0.6577640546875 0.4979642734375
0 0.613942865625 1 0.616242003125 0.9981724578125 0.8015745375 0.84182938125 0.8189152328124999 0.82266118125 0.8183513687499999 0.819196984375 0.8004265500000001 0.807685203125 0.798362871875 0.8101777890624999 0.7892478484375001 0.8105280265625 0.775613125 0.8015328374999999 0.6239483796874999 0.67382499375 0.61689703125 0.6716826453125 0.6044859312499999 0.67779054375 0.47949704843749996 0.76598575 0.47283804375000005 0.7781739984375 0.45865971562499996 0.7929303921875 0.4335701 0.8078378984375 0.4293090390625 0.814168925 0.4141366890625 0.8206510671875 0.409808775 0.827655021875 0.3956014109375 0.8335637953124999 0.3856841453125 0.8419891609375 0.376368559375 0.84435818125 0.37403746875 0.849542478125 0.35873141249999996 0.8573704734375 0.31250801250000004 0.8930667140624999 0.31163891875 0.9018147687500001 0.4086310734375 0.9948877109375 0.4547482734375 1 0.613942865625 1
0 0.8770228921875001 1 0.8687014468750001 0.9887400562499999 0.8551335796874999 0.979071940625 0.8367029703125001 0.9817911953125 0.7900615328125 1 0.8770228921875001 1
4 0.951033121875 0.9917438296875 0.956355059375 0.993014128125 0.9688566484375001 0.8671767046875001 0.9077836843749999 0.8604065046875 0.8830661531249999 0.8624288296874999 0.8677600968749999 0.870256825 0.8595722421875 0.879554240625 0.8551686937499999 0.9055992859374999 0.86254553125 0.9227451609375 0.8823625046875 0.9426307546875 0.951033121875 0.9917438296875
4 0.660571221875 0.67992580625 0.670479709375 0.6898686046875 0.6850794171875 0.6982904296875 0.7035390640625 0.704418790625 0.7243298015625 0.7053628562500001 0.75959531875 0.6977064359375 0.8143610984375 0.6765639203125 0.828806840625 0.6591158203124999 0.8302485765625001 0.6354637984375 0.8185816421875 0.6158013328124999 0.7948378734375 0.5988821296875 0.7700913046875 0.5920568359375 0.741914953125 0.5923350578125001 0.6792375078124999 0.601715115625 0.66110335 0.61059028125 0.6456926234375 0.6286117499999999 0.6434196078125 0.6514912828125 0.64544546875 0.658519240625 0.66047533125 0.6717511171874999 0.660571221875 0.67992580625
0 0.31847349999999996 0.5222632546875 0.362642 0.4706914359375 0.37499502812499996 0.446888303125 0.41260919218750003 0.39731126250000004 0.447098803125 0.34262548125 0.45090067031250003 0.32263678281249997 0.4322114234375 0.3096795859375 0.3048279765625 0.2574596359375 0.28463891874999997 0.2504592234375 0.2746257609375 0.25070989843749997 0.2282220609375 0.3156407046875 0.13495546249999998 0.43184464218749996 0.129328296875 0.4427866 0.1305228765625 0.44904206875 0.1429252 0.4613023328125 0.3076959171875 0.5210685140625 0.31847349999999996 0.5222632546875
2 0.55452279375 0.3946738546875 0.618386040625 0.4099174296875 0.6956165953125 0.43684790468749995 0.70537111875 0.420920775 0.7257870718749999 0.370797915625 0.7379192812500001 0.32179778125 0.7354254453125 0.3194803140625 0.725211728125 0.321749771875 0.6964715109374999 0.3185637953125 0.6296464546875 0.30571324375 0.6177033265625 0.3071106515625 0.5695384781249999 0.2983696796875 0.4860122203125 0.2891104375 0.4769930859375 0.2976353640625 0.46753501562500005 0.3197184015625 0.46166069375 0.36056784999999997 0.4674127890625 0.3666482 0.5221610125 0.3822420125 0.55452279375 0.3946738546875
2 0.7863420875 0.55643969375 0.8524493156249999 0.5399561187499999 0.8749026109375 0.5424451609375 0.9045119234375001 0.53688308125 0.93229593125 0.5222742609375 0.9483083390625 0.4981964453125 0.949253065625 0.47040730000000003 0.9381878109375 0.44468848593750004 0.9167751359375 0.4225849859375 0.8788618171874999 0.4020540125 0.8397451406249999 0.3936357296875 0.7976288375 0.39713101875 0.7719085046874999 0.40924725312500004 0.755733353125 0.42582330625000003 0.7405812593750001 0.459521228125 0.7096261015625001 0.49691001874999996 0.7056527125 0.5277651171875 0.7276961078124999 0.5526598875000001 0.7469870328125 0.5595607375 0.7863420875 0.55643969375
2 0.1764707609375 0.2241812140625 0.178581034375 0.19379992031249998 0.16551895625 0.169900765625 0.141077615625 0.1508632171875 0.11929285625 0.14164490000000002 0.09890323906250001 0.13666326875 0.0555254984375 0.134576015625 0.03606305 0.1385415640625 0.024296846875 0.2569767859375 0.11267977031250001 0.33616892656249997 0.1326014125 0.34586105 0.1624403203125 0.34712780468750004 0.1840333015625 0.3399967421875 0.1980779203125 0.32658620312500003 0.1980576609375 0.299370421875 0.18928568437499999 0.2779878578125 0.1764707609375 0.2241812140625
2 0.0677671 0.413511109375 0.040497659375 0.39552073125 0.0119289640625 0.3814683546875 0.00284736875 0.4894212140625 0.00291228125 0.5005785140625 0.028740235937500004 0.49558778906249995 0.054527421875 0.48279862656250006 0.0730336640625 0.4610382796875 0.077800515625 0.44047621562500006 0.0764431890625 0.42671898124999996 0.0677671 0.413511109375
2 0.9415932843749999 0.766866053125 0.9780155671875 0.7749856515625 0.9927233203125001 0.626941621875 0.9807801921875001 0.6283390296875 0.9410152374999999 0.653865803125 0.9090748359375 0.664612178125 0.8728733703125 0.68168958125 0.86677823125 0.6973420296875 0.8674670234375 0.7178285359375 0.878302678125 0.7367185140625 0.8951956609374999 0.7494765859375 0.9415932843749999 0.766866053125