0 0.7009939953125001 0.42988958750000006 0.6125563953125 0.2912606625 0.606202846875 0.29121073750000004 0.5438062234375 0.31572937031250004 0.38048778125 0.3706199609375 0.3851155703125 0.39393388749999997 0.395270428125 0.407191478125 0.4054070875 0.43131820000000004 0.41124654843749997 0.43617350000000005 0.4138725859375 0.446101528125 0.51241044375 0.630595440625 0.54357210625 0.6234338109374999 0.6608183359375001 0.5819361078124999 0.69642379375 0.573655140625 0.73772161875 0.5573390875 0.7484638640625 0.555595925 0.774300153125 0.538773621875 0.7697092640625 0.5270025796875 0.7009939953125001 0.42988958750000006
2 0.40386084218749996 0.17948515625 0.40147389687499996 0.194664146875 0.39572742656250004 0.268587771875 0.39659080625 0.290236915625 0.4013651921875 0.29316008125000004 0.4300479140625 0.28896081093750003 0.5223212312500001 0.2859345546875 0.6286053171875 0.27676615781249997 0.6395310609375 0.2661751140625 0.6508788937500001 0.2385620640625 0.6481239609375 0.20487452187500002 0.62930190625 0.196550615625 0.5782531140625 0.1934561984375 0.4672310421875 0.1779631671875 0.45013524687500006 0.17965640624999998 0.4087085265625 0.172212940625 0.40386084218749996 0.17948515625
2 0 0.2333667296875 0.1378243109375 0.3051734421875 0.1621288390625 0.31244561718749997 0.18137060625 0.3105398328125 0.20423557187500002 0.3002089171875 0.22550720625 0.28358265625 0.2290859984375 0.2614487125 0.2203591828125 0.2469860421875 0.1085491265625 0.158035915625 0.0754523265625 0.13550065625000002 0.059177603125 0.12098002187500001 0.019165240625 0.11929607499999999 0 0.13069499375 0 0.2333667296875
2 0 0.4605900453125 0.019548615624999998 0.44915896718750004 0.029464381249999998 0.437309540625 0.033761081250000005 0.4232998171875 0.030198365625 0.40191802499999996 0.021494271875000002 0.395308825 0.010843525 0.3759874765625 0 0.3652134875 0 0.4605900453125
2 0.9741764406250001 0.30978097187500003 0.9620547390624999 0.16155578125 0.945638825 0.1937460453125 0.8900739328125 0.2685286421875 0.8742272062499999 0.29658728125 0.875108784375 0.30736729375 0.8897625375 0.3201792953125 0.916792796875 0.3290486453125 0.9438412578125 0.3270488609375 0.9741764406250001 0.30978097187500003
1 0.672702440625 0.8048977171875 0.6752728796875 0.7808708484375 0.67516019375 0.6131176171875 0.6717445750000001 0.604626209375 0.6517290484375 0.6038917984375 0.6393525421875 0.60783445 0.6386923546875 0.66631173125 0.6385108484375001 0.8082841937499999 0.6451398921875 0.8117028718749999 0.66510031875 0.811763534375 0.672702440625 0.8048977171875
1 0.78899329375 0.7295342359375 0.7869733421875 0.7270174671875 0.7670680125 0.7276305562500001 0.7535713328125 0.7289673234375 0.74940303125 0.7334554171875001 0.769789034375 0.9494620890625001 0.7746185203125 0.9530590078125 0.7983433578125 0.9547844515625 0.8079103312499999 0.9497616484375 0.78899329375 0.7295342359375
0 0.8401916703125 0.9119247609375 0.9790498890625001 0.9059200046875 0.9854216125 0.63216480625 0.8067487796874999 0.6360825703125 0.7834096328125 0.6390733828124999 0.7785619453125 0.6463456 0.8063488718749999 0.9084846093750001 0.81387769375 0.9118141734374999 0.8401916703125 0.9119247609375
0 0.5269801015625 1 0.7251493890625 0.9803725 0.7360751296875 0.96978145625 0.7422264859375 0.956267246875 0.768814959375 0.8931842984375 0.7709264109375 0.874636553125 0.7677862859375 0.8695139 0.75272864375 0.8628547734375 0.38961944375 0.72629975625 0.3616717 0.7616698015625001 0.34644925937500004 0.78627056875 0.3428870421875 0.7981699203125 0.3341647484375 0.802429853125 0.31348853593750003 0.8268915765625 0.2782510671875 0.884039078125 0.2551065828125 0.9090869093749999 0.22091984843749998 0.89956659375 0.21079567500000002 0.9207357 0.24624856093749997 0.93255063125 0.231325146875 0.9477419171875001 0.339602809375 0.979843759375 0.383092490625 1 0.5269801015625 1
1 0.1245295296875 0.47951370937500004 0.12019593125000001 0.4819805515625 0.131654459375 0.48899615 0.1378796125 0.4985677046875 0.1580235375 0.4897804859375 0.157582746875 0.4843904796875 0.148658259375 0.47508627812500004 0.1245295296875 0.47951370937500004
0 0 0.6759677046875 0.01305394375 0.8355924046875 0.0188934046875 0.84044770625 0.0351445203125 0.8395173359375001 0.0411123796875 0.8348510062500001 0.06052181875 0.828174159375 0.077672715625 0.827154671875 0.089039246875 0.821953634375 0.0989368125 0.8209733390625 0.2642752046875 0.7685995171875 0.3513697453125 0.7355218265625 0.368759234375 0.7263282109375 0.38214571875000003 0.72364394375 0.4947828578125 0.6812443265625 0.501595396875 0.675815128125 0.3810033625 0.4656580234375 0.36434785937499997 0.4394601234375 0.35760861875 0.43469394218749996 0.3333696921875 0.437773871875 0.2084293453125 0.473920759375 0.162522428125 0.4893348984375 0.1567198671875 0.49602248125 0.1495216359375 0.49673542187499997 0.1346380203125 0.4902410875 0.1165968171875 0.482337021875 0.07004691874999999 0.4787970203125 0 0.485141053125 0 0.6759677046875
4 0.75020633125 0.42161935625 0.7420901234375 0.4332905484375 0.7382893125 0.45336402812500004 0.7437986796875 0.48745796874999997 0.7640532984374999 0.5132994 0.7779907671874999 0.517352640625 0.8707412765625 0.4979781265625 0.939087559375 0.47966229218749995 0.9547876890625 0.47199441562500005 0.963803675 0.4602341046875 0.9665212140625 0.449097621875 0.9638582765624999 0.42762671093750004 0.9507836859375001 0.41194147187499996 0.9330267078125001 0.4055496984375 0.9022138375000001 0.4058847 0.76399670625 0.4127822109375 0.75020633125 0.42161935625
3 0.8318682890625 0.5772203609375001 0.8661700796874999 0.5751813890624999 0.96965373125 0.5594982765625 0.9837104984374999 0.559464453125 0.9870586187500001 0.5618323390625 0.9878717781249999 0.5268956640625 0.980165984375 0.5272135296875 0.9001776765624999 0.547361646875 0.8732945125 0.55138268125 0.8173798343750001 0.5664296125 0.82085055 0.575594771875 0.8318682890625 0.5772203609375001
0 0.8003705609375 0.2142468828125 0.7502033453125 0.2219324828125 0.6889081953125 0.22664498906250002 0.679120825 0.2289727875 0.6574528374999999 0.24130699375 0.6667640125000001 0.3218897453125 0.6802616875 0.38711526875 0.6850911749999999 0.3907121859375 0.685752359375 0.39879719687500004 0.7126729187499999 0.4396001890625 0.7325231484375 0.43831334687499995 0.739500984375 0.43490540156249996 0.7517854953125 0.41874611718750004 0.76394160625 0.412108459375 0.9003040828125 0.4047154328125 0.8477838359375 0.23943603125 0.8318446140625 0.221996890625 0.8166216734375 0.2133165125 0.8003705609375 0.2142468828125