0 0.9131074312499999 0.7549744859375 0.9274434062499999 0.7438128046875 0.9308045500000001 0.7376135515625 0.9123830703125 0.71920328125 0.8296721921874999 0.655659421875 0.820062190625 0.644462209375 0.8101458140625001 0.6409240984375 0.8058530609375 0.6424751718749999 0.8034172875 0.6395098640625 0.77784030625 0.654305921875 0.704875996875 0.7082996640625 0.689168946875 0.7218082406249999 0.6904533765624999 0.7236229078124999 0.674347065625 0.735139409375 0.6711190109375 0.7420026890625 0.66390458125 0.7427579421875 0.6218220234375 0.7670784234375 0.6123575921875 0.7841707234374999 0.615771415625 0.7966098046875 0.7242110890625 0.8874598609375 0.7392125 0.8796183093750001 0.9131074312499999 0.7549744859375
0 0.5840134953125 0.7484095984375 0.6188074593749999 0.7566314203125 0.6327441734375 0.7434776609375 0.743460840625 0.583838046875 0.7516872859375 0.5697566671875001 0.7519936625 0.5620975671874999 0.701173790625 0.5474179375 0.678772178125 0.5367123828125 0.602542371875 0.5146929390625 0.5733443109375 0.5481729453125 0.5447714859375 0.59396023125 0.49275107343749996 0.665167990625 0.4912933546875 0.6716764515625 0.472537778125 0.6975379234375 0.47324965781249995 0.7056836421875 0.477988115625 0.7109502359375 0.5306247640625 0.7301006359375 0.5840134953125 0.7484095984375
0 0.3080698375 0.72221298125 0.319945078125 0.6528350140625 0.31812205625 0.6345514999999999 0.32951139218750003 0.56734301875 0.2987038046875 0.5652292265625001 0.198008153125 0.5681436375 0.181056875 0.57085039375 0.15589511875 0.7209403796875 0.15572182968749998 0.7292635078124999 0.1587765953125 0.73072335625 0.290146746875 0.7292587109374999 0.304309434375 0.7264201578125 0.3080698375 0.72221298125
0 0.3790835515625 0.46554446250000003 0.3938187890625 0.4563748578125 0.41392671718749996 0.38672825624999996 0.41510577812499994 0.35126625625 0.4187732984375 0.3374078984375 0.41655725625000006 0.3309450515625 0.41133289531250006 0.3278479453125 0.3953069859375 0.3213901375 0.31572227812500003 0.3193826921875 0.28549348281250003 0.3247505953125 0.2704366296875 0.40581743125 0.2591679 0.44606445 0.25466789843750004 0.4787385484375 0.25776910625 0.4850239875 0.384094425 0.4859518515625 0.3836022765625 0.47430859375 0.3790835515625 0.46554446250000003
0 0.5915980140625 0.3911791078125 0.44587940625 0.3761799453125 0.4217539 0.3706548015625 0.36107106093749997 0.568615375 0.360678040625 0.5804360421875 0.38971529375 0.5829046531250001 0.5371577953125 0.5927234046875001 0.5874043875 0.41619410468750007 0.5915980140625 0.3911791078125
4 0.9024819328125 0.651427040625 0.9313396546874999 0.6484060375 0.9491296578125 0.64069628125 0.9648367078125 0.6271877031249999 0.9719118078125 0.61195568125 0.9705746968750001 0.5915026796875 0.9622026828125 0.5772945468749999 0.9471485875000001 0.5664977625 0.9271827453125001 0.55875751875 0.8832307265624999 0.559968896875 0.854193475 0.5575002859375 0.8143144765624999 0.560658125 0.802454475 0.5657979625 0.7934295062500001 0.5758951890625 0.7906007140625 0.5847505453124999 0.794147625 0.5978536515624999 0.8632156859375 0.6392666765625 0.8805260234375 0.647539153125 0.9024819328125 0.651427040625
4 0.6531764718749999 0.5100702078125 0.6682243265625 0.5070542437500001 0.679080809375 0.5007341390625 0.7019473515625 0.49615111718750005 0.7234977578125 0.48423418281249997 0.730133396875 0.47599724062500004 0.73468608125 0.46196147343750005 0.73153843125 0.45085044375 0.7232128609374999 0.44146789999999997 0.699440175 0.433109240625 0.690189234375 0.432891259375 0.6506228515625 0.44220274374999996 0.6320807687500001 0.45075393437500005 0.6187630468750001 0.46240223281250004 0.6136780125 0.47378189531250003 0.6162531125 0.49122397500000003 0.6202394890625 0.49733200312500003 0.6357794906249999 0.5059592984375 0.6531764718749999 0.5100702078125
3 0.132131428125 0.6345308453125 0.15603096249999998 0.6297407875000001 0.16837687031249998 0.6224314625 0.17390136875 0.6040567218749999 0.173455665625 0.5972390562500001 0.16437801406250002 0.5886979453125 0.144545259375 0.5816217265625 0.1224500234375 0.56325706875 0.1166004265625 0.5478526765625 0.1103578078125 0.5442689546875 0.102391296875 0.5458656421875 0.101153309375 0.548876565625 0.106210625 0.57410954375 0.1016177375 0.5971324625000001 0.0906027015625 0.6110820453125 0.09295806875 0.6320216624999999 0.10305397499999999 0.6410493875000001 0.12168894374999999 0.6421493765624999 0.132131428125 0.6345308453125
2 0.22056433281249999 0.52908783125 0.2276858796875 0.518681403125 0.23197239062500002 0.503317584375 0.2251911828125 0.4832650140625 0.21168769062499998 0.4756109515625 0.187961446875 0.472077884375 0.031713707812500005 0.4688588171875 0.0127723640625 0.4754179328125 0.0111087953125 0.4772791484375 0.0125263796875 0.538184365625 0.0154126265625 0.5391238328125 0.0732209578125 0.5427330046875001 0.1209798234375 0.542140040625 0.17741707812500002 0.5480961078125001 0.20193560625 0.5418005875 0.22056433281249999 0.52908783125
2 0.1188344625 0.39821377812500003 0.22051440625000002 0.41858588125 0.2325539390625 0.41893565937500005 0.25490286875 0.41100287968749993 0.26675663125 0.3920503 0.26422797343750004 0.379433809375 0.19661762968750002 0.331512321875 0.16925158906249999 0.3052249671875 0.151675075 0.29562444062500004 0.13529635 0.29200014687500003 0.11502413281249999 0.2919190015625 0.09820594218749999 0.29528978437500003 0.06731795 0.3111503015625 0.046658953125 0.33670256875 0.0433040515625 0.35671456562500004 0.046451703125 0.36782559375 0.0645203625 0.389069378125 0.0846192890625 0.39747365156250003 0.1188344625 0.39821377812500003
2 0.5997190921875 0.3398210625 0.6029409078125 0.3191450375 0.6003872859375 0.251277571875 0.42632182500000004 0.292380903125 0.41995235937500003 0.30194589843749997 0.4244835671875 0.33833551875 0.4288692046875 0.34643562499999997 0.43626316562499995 0.3511699890625 0.5997190921875 0.3398210625
2 0.67331211875 0.40381096406249994 0.7136707828125 0.3846708921875 0.7433672296875 0.3766468890625 0.7694301203125 0.35968134375 0.7813303234375 0.34555435156250003 0.787959721875 0.3235046640625 0.7822834140625 0.2997771453125 0.7638619375 0.28136687656250003 0.7358831421875001 0.270397725 0.705607903125 0.2709400359375 0.6748932 0.278477425 0.6486972234375 0.2947789421875 0.6374160125 0.30740047187499997 0.6316253390625 0.3244471625 0.632656075 0.352559265625 0.626073121875 0.37943454375 0.6300657375000001 0.3993553171875 0.6407806375 0.40687758125 0.6542376875 0.409706053125 0.67331211875 0.40381096406249994
2 0.867805090625 0.5105673953125 0.9006491890625 0.5136544203125 0.9345517421875 0.5082409078125 0.9663249031250001 0.49220298281249997 0.9817657796875 0.47736635156249996 0.9926879296875001 0.45376559062500005 0.9905522921875001 0.429328434375 0.9746067890625 0.40489631875 0.9525579937499999 0.39135725 0.9189153734375 0.38428607187499997 0.8870028859374999 0.385847228125 0.868547446875 0.3902368546875 0.8508905296875 0.3986106359375 0.8257592515625 0.42022436093750004 0.8079692484375001 0.42793411875 0.787969446875 0.44299376874999996 0.771689846875 0.4628333984375 0.7700123953125 0.4728393984375 0.773246690625 0.4797888640625 0.7952954859375 0.4933279296875 0.844784484375 0.5013673 0.867805090625 0.5105673953125
1 0.391712328125 0.79040501875 0.4231756265625 0.6763498359375 0.423348915625 0.6680267062499999 0.417239384375 0.665107009375 0.4088736125 0.6647116203125 0.40347595937499997 0.6699376406249999 0.3657762828125 0.7942218453125001 0.36697406718750003 0.800198078125 0.381935278125 0.80134368125 0.388484271875 0.7972683 0.391712328125 0.79040501875
1 0.449284959375 0.6642098812499999 0.448619521875 0.6608897515625001 0.43985448906249996 0.658502284375 0.431488715625 0.6581068921875 0.42759522499999997 0.6616500421875 0.394095415625 0.7747319953125 0.3921115890625 0.7923970953125 0.40897622343749995 0.7938519046875 0.4149928671875 0.7871204203125 0.449284959375 0.6642098812499999
1 0.36962333125 0.7858531046875 0.37408313125000003 0.762166159375 0.403209784375 0.668609590625 0.4022781734375 0.6639614078125 0.39656790468750003 0.6630337890625 0.3847945484375 0.6640120625 0.3811672328125 0.668883265625 0.3467822546875 0.782142628125 0.3437337296875 0.7944955234375 0.34718775625 0.7979474468750001 0.365290378125 0.7963913328125 0.365110846875 0.79090171875 0.36962333125 0.7858531046875
1 0.34490930937500003 0.6533571609375 0.337029440625 0.65079228125 0.325522259375 0.6530986078125001 0.3216287671875 0.6566417578125 0.323368628125 0.7847632 0.3371784953125 0.784758159375 0.3470019859375 0.7786450874999999 0.34490930937500003 0.6533571609375