1 0.7237191375 0 0.6775232375 0.045373492187499996 0.67993823125 0.05402908125 0.69604915625 0.0644421765625 0.7343057890625 0.016287093750000002 0.7540328734374999 0 0.7237191375 0
1 0.47871053906250005 0.67020009375 0.4764814984375 0.6771440125 0.4841103453125 0.68271979375 0.4996072046875 0.684351365625 0.506527515625 0.679794621875 0.6168423203125 0.5363197125 0.61556396875 0.5309786640625 0.5923437921875 0.5224203078125 0.58457025 0.52771551875 0.47871053906250005 0.67020009375
1 0.6693174609375 0.48445515625 0.666613075 0.49754155625 0.675425803125 0.50710738125 0.6855671046875 0.50979225625 0.7232449578125 0.50512115 0.73338924375 0.49490852500000004 0.733533940625 0.48403753125 0.7132041015625 0.47799227968749997 0.683299790625 0.4773681734375 0.6693174609375 0.48445515625
0 1 0.3479107125 0.9977841312500001 0.3162223140625 0.98958546875 0.3154380125 0.948828334375 0.31489400624999997 0.9218615984375 0.31745850781249996 0.906648153125 0.31987994375 0.89702644375 0.3246255890625 0.8780449562499999 0.6354878640625 0.8819774703125001 0.639964509375 0.9376144140625 0.646256065625 1 0.64798611875 1 0.3479107125
0 0.475210259375 0.23193699687499997 0.447868628125 0.21619998593749998 0.4250735703125 0.2137211453125 0.3357857578125 0.2179283421875 0.2594351140625 0.2259825171875 0.24654219375 0.2357085390625 0.239382715625 0.24978527499999997 0.24260370468749998 0.25702689375 0.2655847171875 0.27510524062499997 0.27378039374999996 0.2887870421875 0.2802696078125 0.3039457828125 0.2848102078125 0.342998946875 0.2891678421875 0.3535551078125 0.34716358125 0.40651925 0.35739935312500004 0.41055512656250004 0.37587803750000004 0.42894830937500006 0.40122979687500004 0.44210924531250007 0.4272398671875 0.47762470468749996 0.43273713281250004 0.478597909375 0.440743865625 0.48957770468749995 0.4614043546875 0.50035146875 0.45950596250000003 0.5120238968749999 0.471684375 0.5179603453125 0.47902681718749995 0.5323806156249999 0.4955628640625 0.548873228125 0.5003515937499999 0.539713903125 0.5103511875 0.5403722734375 0.5335301046875001 0.5224601328125 0.5421598640624999 0.503528953125 0.5476098953124999 0.5038266546875 0.55092834375 0.499521778125 0.5627761046875001 0.500729715625 0.60444266875 0.462518259375 0.6902320546875 0.42122143437500004 0.6996175828125 0.4130982828125 0.6991452265625 0.4063432640625 0.6451292359374999 0.3585312703125 0.53894243125 0.27635434999999997 0.475210259375 0.23193699687499997
0 0.2735233 0.3756920265625 0.239831171875 0.359720284375 0.22812511406249997 0.3605388515625 0.22182484374999997 0.34808211718750004 0.187090540625 0.330146834375 0.1647678421875 0.33442300937499997 0.15604659999999998 0.3391056859375 0.1175537890625 0.38388326093749997 0.0684915671875 0.432793940625 0.0687749828125 0.4368469515625 0.093509690625 0.454123865625 0.20116976250000002 0.5185488421875 0.2658496359375 0.56357873125 0.27623010312499996 0.5567436140625001 0.34449448125000004 0.47187114531249996 0.3605611578125 0.4687112390625 0.38435115 0.47247812031249997 0.3985254109375 0.4551956453125 0.3981947625 0.4504671328125 0.3791934984375 0.43754093125000004 0.3492449390625 0.423343825 0.2735233 0.3756920265625
0 0.602142490625 0.571966665625 0.5051457296875 0.71179506875 0.506329609375 0.7157851125 0.520403425 0.7229466328124999 0.7832120765624999 0.8450818421875 0.7969582281250001 0.8346173515625 0.827771965625 0.7964859921875 0.8990241421875 0.7025801359375 0.9054720984375001 0.691268375 0.9042409828125001 0.6866028281250001 0.6489637203124999 0.581589896875 0.6118586703125 0.5685720265625 0.602142490625 0.571966665625
4 0.372550625 0.4719456828125 0.348949575 0.4708808109375 0.3403700375 0.47758999218750003 0.2911158875 0.5366961671875 0.26636922812499997 0.57100925 0.2583565203125 0.5858244531250001 0.262903096875 0.59908261875 0.2707208859375 0.6073604078125 0.2933240125 0.6200347421875 0.3163080125 0.6252155921875 0.3342228546875 0.6226052546874999 0.370578109375 0.599020103125 0.45206008124999997 0.5349451203125 0.45400570937499996 0.5239481921875 0.449884253125 0.516769540625 0.43150004218750004 0.49972736093750003 0.40321070781249996 0.48337781562500004 0.372550625 0.4719456828125
4 0.5311169609374999 0.9149780140624999 0.5132021171875001 0.917588353125 0.49741885625000004 0.9248012687499999 0.4838144125 0.9372922640624999 0.46024998437500003 0.9922709859375001 0.5176114515625 0.9912697375 0.6074969109375 0.9849843343750001 0.6055130140625 0.9566132625 0.5981233328125 0.941517490625 0.5780326609374999 0.9259522484374999 0.5465665859375 0.9159340859375 0.5311169609374999 0.9149780140624999
1 0.325285778125 0.740663415625 0.3251410859375 0.7515344093749999 0.37790205781249997 0.8978608515625 0.3823069265625 0.9090925125 0.38804037187499996 0.9134432234375 0.40330105312500003 0.9116972890625 0.4118333515625 0.9043126046875001 0.4031210734375 0.8703027859375 0.36229635625 0.7523302828125 0.3529640375 0.735333940625 0.325285778125 0.740663415625
2 0.2511880796875 0.6385936828125 0.21881855 0.6415359875 0.20384128124999998 0.64733493125 0.18478680625 0.6595282250000001 0.13355174375 0.6773658296875 0.056152953125 0.709251465625 0.04169528125 0.7224809296875 0.036195025 0.7344052249999999 0.0357639296875 0.7541207078125 0.039221098437500004 0.764739834375 0.05111310625 0.7795207734375 0.0700198984375 0.791095971875 0.0829098328125 0.7942674484375 0.10272007812499999 0.79288218125 0.2194559453125 0.7541730015625 0.2588874953125 0.7487004578125 0.2808323109375 0.7390202718750001 0.29784967500000004 0.7235754015625 0.3048674453125 0.7074721640625 0.305298540625 0.6877566796875 0.2965360390625 0.6659688578125 0.2753559578125 0.6477645765625 0.2511880796875 0.6385936828125
2 0.18732913906249998 0.5276623296875 0.17614865468750002 0.5101164171875 0.1630697765625 0.504242934375 0.0347815125 0.49420719062499996 0.008518515625 0.4880254375 0.0086550609375 0.49584810625 0.0164146578125 0.606815503125 0.05978170625 0.5929221078125 0.14182154687499998 0.5756456421875 0.16841039687499998 0.5676771265625 0.1860448125 0.54811628125 0.18732913906249998 0.5276623296875
2 0.3810338359375 0 0.3802870328125 0.013211503125 0.38630090156249997 0.0345127234375 0.40392635468750004 0.053644375 0.46191313125000005 0.1453010109375 0.48119780937499995 0.162280225 0.5006271812499999 0.168388440625 0.538493978125 0.1664193421875 0.550817084375 0.16148479843750002 0.535275975 0.1462802234375 0.5261296125 0.1448833859375 0.5206825687500001 0.1316881875 0.5306379156250001 0.11877355468749999 0.530971553125 0.11060456874999999 0.5455236984375 0.09872610625 0.5659097375 0.0667543625 0.5775685562499999 0.06526029375 0.584488865625 0.0607035515625 0.5779494281249999 0.05776680937499999 0.5571502203125 0.032069040625 0.545355671875 0.0057416078125 0.5378373234375 0 0.3810338359375 0
2 0.1340665 0.2965203765625 0.1400008375 0.2519831 0.132560934375 0.2491093234375 0.1322775203125 0.2450563140625 0.1170670609375 0.234580253125 0.102715809375 0.197570725 0.10295796406249999 0.1751532359375 0.11040384218749999 0.1522320109375 0.12950854218750002 0.12781671875 0.1467148484375 0.11507385625 0.145483734375 0.11040831250000001 0.1039235921875 0.09838077656250001 0.056532546875 0.093549025 0.021414384375 0.096004725 0.0018113031250000002 0.10376944531250001 0.0020925015625000002 0.11987934062500001 0.007237134375 0.12618469999999998 0.030279751562500002 0.287486540625 0.035159965625 0.2925757203125 0.0877176265625 0.29365216250000004 0.11340302499999999 0.2986441140625 0.1340665 0.2965203765625
2 0.27538502343750004 0.15159904375 0.2663885125 0.1694735953125 0.2621997796875 0.18835650625 0.2298055421875 0.2502893484375 0.22554130312499998 0.2506301125 0.221268453125 0.2591195421875 0.2567175015625 0.22988629375 0.3349177734375 0.2140302484375 0.3359217796875 0.208292021875 0.3268528859375 0.189563275 0.2737586421875 0.146793475 0.2664181171875 0.1257234984375 0.2647663 0.12468999218750002 0.267936209375 0.140447209375 0.27538502343750004 0.15159904375
2 0.27026235625 0.15201020468749998 0.267936209375 0.140447209375 0.255595990625 0.1219723125 0.2067726 0.106995965625 0.1651744734375 0.11242542656250001 0.1487168796875 0.12450093437500001 0.10499288124999999 0.16720604375 0.107176778125 0.2225707328125 0.16672042812500001 0.25533061875 0.22554130312499998 0.2506301125 0.2663885125 0.1694735953125 0.27026235625 0.15201020468749998
0 0.766171921875 0 0.7257067593750001 0.0257196453125 0.683876803125 0.0754838921875 0.6939110656249999 0.0758700265625 0.9799461546874999 0.277775165625 0.982759671875 0.276767290625 0.9772373671875 0.022389884375 0.9756717140625 0 0.766171921875 0
0 0.56629425 0.0709591421875 0.88988066875 0.3100389609375 0.979830509375 0.27781659375 0.6834970015625 0.0759357359375 0.683876803125 0.0754838921875 0.56629425 0.0709591421875
0 0.8883718593750001 0.3105794546875 0.8898129484374999 0.3100632203125 0.5833924171875 0.089279159375 0.5490036703125 0.09601938125000001 0.857407790625 0.3298939953125 0.8561678625000001 0.330975059375 0.8883718593750001 0.3105794546875
0 0.8041511625 0.3639185484375 0.8296177203124999 0.34778993593749996 0.5422909546875 0.113379478125 0.5147161671875 0.1380849875 0.8041511625 0.3639185484375
3 0.31134090312499996 0.71495200625 0.3365990828125 0.7302814796875 0.41057583124999997 0.6580765546875 0.34479203125 0.7424361625 0.3740623453125 0.753222865625 0.420740475 0.7465783640625 0.43120784843750004 0.7058274812499999 0.42704893750000006 0.68337426875 0.44079407656249997 0.65703056875 0.5037349203125 0.5622172796875 0.404340671875 0.6634379671875 0.3659541109375 0.6789760625000001 0.3371518359375 0.6721004875000001 0.31134090312499996 0.71495200625