0 0.2400722015625 0.28571428593750003 0.2788808671875 0.2769126609375 0.2806859203125 0.27420446875 0.3104693140625 0.2660798921875 0.45848375468749997 0.2112389984375 0.45848375468749997 0.198375084375 0.427797834375 0.15030467187500002 0.3718411546875 0.0717670953125 0.362815884375 0.0663507109375 0.1759927796875 0.12525389375 0.077617328125 0.1597833453125 0.0866426 0.17806364218749998 0.12635379062500002 0.23155044062500002 0.1633574 0.2789438046875 0.1895306859375 0.3067027765625 0.20758122812500002 0.3026404875 0.2400722015625 0.28571428593750003
0 0.56768953125 0.4400812453125 0.5767148015625 0.43534190937500006 0.5767148015625 0.4218009484375 0.5703971125 0.4075829390625 0.5731046937500001 0.40419769843750003 0.5685920578125 0.37508463124999997 0.5487364625 0.290453621875 0.5288808671874999 0.2938388625 0.2509025265625 0.3127962078125 0.2400722015625 0.314827353125 0.239169675 0.3175355453125 0.2626353796875 0.4400812453125 0.27166065 0.450914015625 0.2707581234375 0.4624238328125 0.2788808671875 0.4685172640625 0.5496389890625 0.4427894375 0.56768953125 0.4400812453125
1 0.3095667875 0.5071090046875 0.26895306875 0.5016926203125001 0.10559566718749999 0.48341232187500005 0.099277978125 0.48544346718750003 0.09657039687499999 0.49424509062500005 0.0974729234375 0.5037237640625001 0.1299638984375 0.5084631015625 0.3023465703125 0.52606635 0.3095667875 0.525389303125 0.31227436875 0.51997291875 0.3095667875 0.5071090046875
1 0.292418771875 0.527420446875 0.2707581234375 0.5213270140625 0.091155234375 0.5037237640625001 0.07851985624999999 0.5037237640625001 0.0740072203125 0.51523358125 0.074909746875 0.525389303125 0.1678700359375 0.5321597828125 0.2671480140625 0.542992553125 0.287003609375 0.5436696000000001 0.29151624531250003 0.5409614078125 0.292418771875 0.527420446875
1 0.2888086640625 0.5599187546875 0.289711190625 0.5497630328125 0.287003609375 0.547054840625 0.2373646203125 0.542992553125 0.23104693125 0.5402843609375 0.088447653125 0.5267433984375 0.075812275 0.5267433984375 0.0712996390625 0.5348679749999999 0.07220216562500001 0.5463777921874999 0.0866426 0.5463777921874999 0.0920577625 0.549085984375 0.2761732859375 0.5646580906249999 0.287003609375 0.5639810421875 0.2888086640625 0.5599187546875
1 0.2861010828125 0.6059580234374999 0.10469314062499999 0.553825321875 0.0920577625 0.552471225 0.0821299640625 0.5660121874999999 0.0821299640625 0.5707515234375 0.0947653421875 0.5761679078124999 0.2671480140625 0.622884225 0.28249097500000003 0.6242383203124999 0.287003609375 0.617467840625 0.2861010828125 0.6059580234374999
0 0.72563176875 0.49356804375 0.699458484375 0.4895057546875 0.446750903125 0.4590385921875 0.43501804999999993 0.47867298593749996 0.41155234687500003 0.5917400140625 0.41155234687500003 0.6093432640625001 0.419675090625 0.6194989843750001 0.6588447656249999 0.640487475 0.71480144375 0.6425186187499999 0.7310469312500001 0.49763033125 0.72563176875 0.49356804375
4 0.6164259921874999 0.2207176703125 0.6308664265624999 0.20920785312499998 0.6407942234374999 0.1882193640625 0.6407942234374999 0.17535545 0.6353790609375001 0.161137440625 0.6146209390624999 0.14082599843750002 0.5956678703125 0.132701421875 0.5794223828125 0.1299932296875 0.5523465703125 0.1340555171875 0.5415162453125 0.139471903125 0.5288808671874999 0.15098172031249998 0.49729241875 0.20920785312499998 0.49638989218749996 0.2207176703125 0.5009025265625 0.23155044062500002 0.5171480140625 0.2450914015625 0.5333935015625 0.24915369062499998 0.5604693140625 0.2450914015625 0.6164259921874999 0.2207176703125
4 0.704873646875 0.42586323593750003 0.72021660625 0.417738659375 0.7301444046875 0.404874746875 0.7319494578125 0.38794854375 0.7247292421875 0.37440758281250003 0.70938628125 0.36357481406250003 0.69855595625 0.36086662187499996 0.661552346875 0.3615436703125 0.610108303125 0.369668246875 0.5947653421875 0.3777928234375 0.5830324906250001 0.3974272171875 0.5848375453125 0.412322275 0.5956678703125 0.4218009484375 0.6001805046875 0.43534190937500006 0.6164259921874999 0.4427894375 0.6407942234374999 0.44346648593750004 0.704873646875 0.42586323593750003
2 0.7442842953125 0.314827353125 0.77978339375 0.316858496875 0.8095667875 0.30941096875 0.825812275 0.29790115156249997 0.835740071875 0.28571428593750003 0.8429602890625001 0.2701421796875 0.8447653421875 0.25321597812499996 0.8420577625 0.23764387343750001 0.8339350187499999 0.2200406234375 0.8176895312499999 0.20379146874999998 0.7933213 0.1922816515625 0.77436823125 0.1888964109375 0.7518050546875 0.1888964109375 0.7274368234375 0.1970209890625 0.7111913359375001 0.2078537578125 0.6579422375 0.2633717 0.6462093859375 0.2789438046875 0.6462093859375 0.2924847671875 0.653429603125 0.306025728125 0.675090253125 0.3209207859375 0.694043321875 0.3215978328125 0.7442842953125 0.314827353125
2 0.908844765625 0.47596479374999995 0.9232851984374999 0.4603926875 0.930505415625 0.43737305312499997 0.9268953062499999 0.415707515625 0.9151624546875 0.398104265625 0.8925992781250001 0.3832092078125 0.8727436828125 0.37846987187500003 0.8420577625 0.3811780640625 0.804151625 0.3974272171875 0.7319494578125 0.4163845640625 0.7166064984375 0.429925525 0.7193140796875 0.45633039999999997 0.7283393499999999 0.4664861203125 0.8483754515624999 0.4895057546875 0.8700361015625001 0.4908598515625 0.8916967515625001 0.48612051406249995 0.908844765625 0.47596479374999995
2 0.9187725625000001 0.5402843609375 0.8727436828125 0.52403520625 0.8023465703125 0.5064319562499999 0.7445848374999999 0.6377792828125 0.7436823109375 0.6425186187499999 0.7472924187500001 0.645903859375 0.7644404328125 0.654705484375 0.8023465703125 0.6662153015625 0.8212996390624999 0.66892349375 0.9187725625000001 0.5402843609375
2 0.688628159375 0.9431279625 0.7129963906250001 0.943805009375 0.7409747296875 0.9350033859375 0.7635379062500001 0.9180771828125 0.7788808671874999 0.8930264046874999 0.77978339375 0.8679756265625 0.7716606500000001 0.851049425 0.7554151625000001 0.8361543671874999 0.7102888093749999 0.8205822609375 0.653429603125 0.790792146875 0.6362815890625 0.7846987140625 0.6218411546875 0.7833446171875 0.6010830328125001 0.790792146875 0.5875451265625 0.8083953953125 0.5866426 0.8178740687499999 0.5911552343750001 0.8307379828125001 0.639891696875 0.8957345968749999 0.6498194953125 0.920785375 0.664259928125 0.9350033859375 0.688628159375 0.9431279625
3 0.33393501875 0.8747461062499999 0.4151624546875 0.9113067031250001 0.4259927796875 0.9079214625 0.4079422375 0.8937034531249999 0.395306859375 0.8889641171875 0.3880866421875 0.8821936359375 0.33393501875 0.851049425 0.32310469375 0.840893703125 0.3185920578125 0.8314150296875 0.319494584375 0.8158429249999999 0.314079421875 0.80501015625 0.308664259375 0.7995937718749999 0.2879061375 0.7901150984374999 0.27166065 0.78943805 0.25631768906249996 0.79620853125 0.2490974734375 0.805687203125 0.2481949453125 0.8199052124999999 0.2328519859375 0.8219363578125 0.218411553125 0.8320920781250001 0.21750902499999997 0.8415707515624999 0.22382671406250002 0.8564658093749999 0.2463898921875 0.8686526750000001 0.26895306875 0.8700067703125001 0.29061371875 0.8612051453125 0.33393501875 0.8747461062499999
2 0.48104693125000003 0.9404197703125 0.49909747343750005 0.939742721875 0.5207581234374999 0.9316181453124999 0.54061371875 0.9113067031250001 0.5433213 0.8896411640625 0.5108303249999999 0.8253215984375 0.5018050546875 0.7975626265625 0.49368231093750004 0.7867298578125 0.46480144375 0.773188896875 0.446750903125 0.7718347999999999 0.42689530624999994 0.7745429921875 0.4079422375 0.781990521875 0.3944043328125 0.7921462421875 0.379061371875 0.8131347328125 0.3781588453125 0.8307379828125001 0.38447653437499996 0.84427894375 0.4052346578125 0.865267434375 0.45306859218750006 0.928909953125 0.4620938625 0.9356804328124999 0.48104693125000003 0.9404197703125
0 0.5063321296875001 0.7409641171875 0.5174458484375 0.7561976984375 0.7551435015625 0.7825721062500001 0.7809061374999999 0.6695172640625 0.5415162453125 0.6364251859375 0.5063321296875001 0.7409641171875
0 0.41404332187500004 0.6570737984374999 0.1594846578125 0.6106987140625 0.157235975 0.612816475 0.0993574 0.758736628125 0.364175090625 0.7943019640625 0.41404332187500004 0.6570737984374999