1 0.5523465703125 0.685172646875 0.5361010828125 0.685172646875 0.5270758125 0.6932972234375 0.5270758125 0.70412999375 0.5370036093749999 0.7122545703125 0.547833934375 0.713608665625 0.5595667875 0.70819228125 0.5631768953125 0.6973595125000001 0.5523465703125 0.685172646875
1 0.7861010828125 0.5646580906249999 0.7788808671874999 0.555856465625 0.7707581234374999 0.5551794171875 0.5875451265625 0.6167907921875 0.5848375453125 0.6188219359375 0.5875451265625 0.626269465625 0.5956678703125 0.637102234375 0.6227436828124999 0.6310088015625 0.7833935015625 0.575490859375 0.7861010828125 0.5646580906249999
1 0.8745487359374999 0.4536222078125 0.8664259921875 0.45633039999999997 0.8592057765625001 0.470548409375 0.8619133578125 0.47393365000000004 0.8862815890625001 0.48341232187500005 0.9990974734375 0.5145565328124999 0.9990974734375 0.490182803125 0.8745487359374999 0.4536222078125
0 0 0.8483412328125001 0.0054151625 0.8490182796875001 0.0090252703125 0.8571428578125 0.01353790625 0.8591740015625 0.0288808671875 0.8876100203125 0.029783393749999998 0.9106296546875001 0.0270758125 0.9180771828125 0.032490975 0.9505754906250001 0.037003609375 0.9519295874999999 0.04061371875 0.9600541640625 0.0496389890625 0.9675016921875 0.059566787499999996 0.9661475968750001 0.0848375453125 0.9546377796875 0.2942238265625 0.847664184375 0.33393501875 0.8307379828125001 0.42870036093749997 0.7786052812500001 0.44133574062500003 0.768449559375 0.2942238265625 0.5741367640624999 0.2680505421875 0.55044008125 0.26173285156250004 0.551794178125 0.25631768906249996 0.5477318890625 0.2481949453125 0.5477318890625 0.22653429531249997 0.557887609375 0.21750902499999997 0.557887609375 0.20848375468749997 0.552471225 0.188628159375 0.5633039953125001 0.17779783437500002 0.55924170625 0.1624548734375 0.5633039953125001 0.1462093859375 0.575490859375 0.0929602890625 0.63168585 0.06498195 0.63371699375 0.0379061375 0.639133378125 0.030685920312499997 0.6425186187499999 0.027978339062500003 0.6472579546875 0.0198555953125 0.6486120515625 0.0090252703125 0.6431956671875 0.010830325 0.637102234375 0.0045126359375000005 0.6425186187499999 0.0054151625 0.6486120515625 0 0.6492891000000001 0 0.8483412328125001
2 0 0.5409614078125 0.0685920578125 0.58090724375 0.0848375453125 0.5842924843749999 0.10740072187500001 0.5836154359375 0.1407942234375 0.5748138125 0.1633574 0.55924170625 0.1687725625 0.5511171296875 0.17148014375 0.5132024375 0.1624548734375 0.4996614765625 0.1498194953125 0.490182803125 0.134476534375 0.488151659375 0.1227436828125 0.48138117812500003 0.093862815625 0.47528774531250007 0.027978339062500003 0.44888287031249996 0.0036101078125 0.44346648593750004 0 0.44346648593750004 0 0.5409614078125
2 0.22833935 0.412322275 0.24729241875 0.4116452265625 0.2590252703125 0.380501015625 0.26353790625 0.37576167968749996 0.2888086640625 0.364928909375 0.2933213 0.35748138125 0.292418771875 0.33987813125 0.2969314078125 0.316858496875 0.29061371875 0.29790115156249997 0.27346570468750003 0.2802979015625 0.2409747296875 0.26811103593749996 0.18501805 0.26675693906250003 0.1471119140625 0.2802979015625 0.1245487359375 0.2999322953125 0.11371841093749999 0.32227488125 0.1146209390625 0.3446174671875 0.1281588453125 0.364928909375 0.142599278125 0.37508463124999997 0.1895306859375 0.3906567359375 0.204873646875 0.40352065000000004 0.22833935 0.412322275
2 0.18231046875 0.2660798921875 0.19855595625 0.264048746875 0.2445848375 0.26743398749999997 0.2707581234375 0.2769126609375 0.3375451265625 0.2769126609375 0.3420577625 0.27420446875 0.3456678703125 0.2505077859375 0.3447653421875 0.224779959375 0.3420577625 0.21056195 0.33393501875 0.205145565625 0.239169675 0.1888964109375 0.1570397109375 0.17806364218749998 0.131768953125 0.1692620171875 0.123646209375 0.17129316249999998 0.118231046875 0.176709546875 0.110108303125 0.2024373734375 0.110108303125 0.23425863281249998 0.1173285203125 0.264048746875 0.120938628125 0.2714962765625 0.1335740078125 0.27826675624999997 0.142599278125 0.279620853125 0.18231046875 0.2660798921875
2 0.6471119140625 0.33310765 0.66064981875 0.327691265625 0.6705776171875 0.318889640625 0.7193140796875 0.24847664218749999 0.7283393499999999 0.2396750171875 0.7382671484375 0.21665538281250002 0.7355595671875 0.200406228125 0.7265342953125 0.18618821875 0.7084837546875 0.17129316249999998 0.688628159375 0.16316858437499998 0.648014440625 0.1597833453125 0.626353790625 0.1624915375 0.599277978125 0.17332430625 0.5821299640625 0.1888964109375 0.5767148015625 0.2010832765625 0.5767148015625 0.21936357499999998 0.5848375453125 0.2383209203125 0.5929602890625 0.3195666890625 0.6010830328125001 0.32701421875 0.618231046875 0.33310765 0.6471119140625 0.33310765
2 0.8583032484374999 0.4292484765625 0.8772563171875 0.41435341875000004 0.8998194953124999 0.37508463124999997 0.9422382671875 0.3229519296875 0.944043321875 0.3121191609375 0.9395306859374999 0.29790115156249997 0.9187725625000001 0.2802979015625 0.9043321296875 0.2748815171875 0.8745487359374999 0.272850371875 0.8601083031250001 0.2769126609375 0.841155234375 0.28706838125 0.7987364625 0.3283683140625 0.7590252703125 0.36086662187499996 0.7509025265625 0.37373053437500003 0.7518050546875 0.3974272171875 0.7644404328125 0.412322275 0.782490975 0.42586323593750003 0.814079421875 0.43601895781250005 0.8321299640625 0.43534190937500006 0.8583032484374999 0.4292484765625
4 0.7238267140625 0.44820582187499997 0.7265342953125 0.43737305312499997 0.7102888093749999 0.4116452265625 0.69314079375 0.400135409375 0.675090253125 0.3974272171875 0.5487364625 0.44414353437500004 0.5388086640624999 0.45159106250000003 0.5415162453125 0.4698713609375 0.5649819500000001 0.5037237640625001 0.5947653421875 0.52403520625 0.6064981953124999 0.52606635 0.696750903125 0.47122545625 0.7238267140625 0.44820582187499997
0 0.46299639062500003 0.4211239 0.4720216609375 0.42789438124999996 0.5009025265625 0.46716316874999997 0.5108303249999999 0.47325660156250005 0.5207581234374999 0.47325660156250005 0.5370036093749999 0.46716316874999997 0.5397111906250001 0.44820582187499997 0.555956678125 0.43872714999999995 0.5767148015625 0.43534190937500006 0.656137184375 0.400135409375 0.6462093859375 0.3845633046875 0.5135379062500001 0.2437373046875 0.3998194953125 0.29180771875 0.3880866421875 0.2999322953125 0.379061371875 0.31550440156250004 0.3781588453125 0.3229519296875 0.3998194953125 0.3425863234375 0.3998194953125 0.3480027078125 0.40884476562499994 0.3527420453125 0.41335740000000004 0.3642518625 0.46299639062500003 0.4211239
0 0.7102888093749999 0.8733920109375 0.704873646875 0.8300609343750001 0.6922382671875 0.8239675015625 0.47472924218749996 0.8124576843750001 0.37454873593750004 0.8117806359375 0.330324909375 0.8375084625 0.32039711249999997 0.8767772515625 0.314079421875 0.92349356875 0.31227436875 0.9993229515625 0.7111913359375001 0.9993229515625 0.715703971875 0.9959377109374999 0.7184115531249999 0.9641164515625 0.715703971875 0.8842247796875 0.7102888093749999 0.8733920109375
0 0.8212996390624999 0.8307379828125001 0.841155234375 0.8273527421875 0.93501805 0.796885578125 0.9548736468750001 0.78740690625 0.9548736468750001 0.781990521875 0.9449458484375001 0.7657413671875 0.8212996390624999 0.5795531484375 0.7861010828125 0.587677725 0.6407942234374999 0.6323628984375 0.6389891703125 0.6431956671875 0.6416967515625001 0.6492891000000001 0.7490974734375 0.8381855109374999 0.7590252703125 0.849695328125 0.7870036093749999 0.84427894375 0.8212996390624999 0.8307379828125001
3 0.7653429609375 0.5247122546874999 0.7788808671874999 0.5226811109375 0.8023465703125 0.5138794859375 0.8276173281249999 0.5247122546874999 0.8528880859375001 0.5226811109375 0.8763537906250001 0.5084631015625 0.8799638984374999 0.49492213906250004 0.8781588453125 0.48408937031250004 0.8736462093749999 0.47799593749999997 0.8564981953125 0.47393365000000004 0.849277978125 0.4685172640625 0.8510830328125 0.4590385921875 0.8447653421875 0.4502369671875 0.8375451265624999 0.44685172656249994 0.8203971125 0.44482058281250003 0.8014440437499999 0.44685172656249994 0.7788808671874999 0.461746784375 0.7752707578125 0.4698713609375 0.7788808671874999 0.48679756249999995 0.7734657046875 0.4928909953125 0.7626353796875 0.49763033125 0.7509025265625 0.507786053125 0.6525270765625 0.5565335140625 0.6489169671874999 0.562626946875 0.6570397109375 0.5660121874999999 0.6868231046875 0.5599187546875 0.7454873640625 0.534190928125 0.7554151625000001 0.53283683125 0.7653429609375 0.5247122546874999
0 0.4620938625 0.6709546375000001 0.54061371875 0.61205145625 0.6146209390624999 0.5646580906249999 0.6227436828124999 0.555856465625 0.6146209390624999 0.547054840625 0.48285198593749995 0.45565335156250003 0.406137184375 0.3920108328125 0.395306859375 0.3865944484375 0.32039711249999997 0.3845633046875 0.308664259375 0.3811780640625 0.29151624531250003 0.37034529374999997 0.2707581234375 0.37508463124999997 0.2653429609375 0.37846987187500003 0.2572202171875 0.3920108328125 0.23465703906250002 0.4597156390625 0.2355595671875 0.4874746109375 0.2463898921875 0.5016926203125001 0.2509025265625 0.5138794859375 0.4395306859375 0.67772511875 0.4503610109375 0.6784021671875 0.4620938625 0.6709546375000001