0 0.5273533359375 0.16300357031249998 0.7560624171875 0.2516959359375 0.8534889187499999 0.1091349640625 0.610090015625 0.0196257484375 0.6085010734375 0.021921353125 0.5265636015624999 0.1476312765625 0.5273533359375 0.16300357031249998
0 0.5901977578125 0.43006316718750004 0.7219307046875 0.33364457812500004 0.5369212343750001 0.17960454374999998 0.40555405312500004 0.27847646406250004 0.5901977578125 0.43006316718750004
4 0.6238695140625 0.42397623125 0.6085899203125 0.439013884375 0.6059151484374999 0.4462059515625 0.606917578125 0.46041823437499996 0.6148955015625 0.472325121875 0.6268943734375 0.480274734375 0.6518593890625 0.48306292968750003 0.6854986109375 0.4826338609375 0.7092893250000001 0.47669851875 0.7243067140624999 0.4664785703125 0.7337675328125 0.44880819687500006 0.7307050734375 0.43282361874999997 0.7144054765625001 0.4199873328125 0.6993705109375 0.41654562500000003 0.6666258078125 0.41685428125 0.649892134375 0.414324440625 0.6238695140625 0.42397623125
4 0.8467423484375001 0.2055785578125 0.821442375 0.2205986796875 0.7575501140625 0.2804394859375 0.7502308703125 0.2937223671875 0.7507816453125 0.30457944375 0.758669240625 0.31581529062499997 0.7665480437500001 0.3202203078125 0.7786284593749999 0.32201013437500003 0.8035846859375001 0.317967503125 0.8945371484375 0.29001050156249997 0.9212560484375001 0.26523455625 0.926966915625 0.253534584375 0.9282955125000001 0.24310772187500002 0.92236004375 0.21931147499999998 0.9099095171875 0.20800665624999998 0.8878902656250001 0.20003951562500003 0.8715179125000001 0.20019384375 0.8467423484375001 0.2055785578125
1 0.395337746875 0.329713771875 0.39335925625 0.321781690625 0.32432302812499997 0.20809867187500003 0.3156400328125 0.2044851078125 0.3009751796875 0.2105583921875 0.3018784875 0.21726880624999997 0.37261342656249996 0.3300399546875 0.377899003125 0.335477259375 0.3885429109375 0.33336124843750004 0.395337746875 0.329713771875
1 0.3706437234375 0.328938703125 0.2972164390625 0.20969796562499998 0.2929157109375 0.204811290625 0.2863830796875 0.203641065625 0.2710043671875 0.211176846875 0.3384234296875 0.3196119484375 0.3434380140625 0.323036128125 0.34291360625 0.332671534375 0.35070208125 0.33640551093750004 0.3706437234375 0.328938703125
1 0.34856050625 0.340793003125 0.34917524375000003 0.3318286375 0.2716366828125 0.2158741359375 0.26769728125 0.213671625 0.25195724531249997 0.2185232421875 0.2508005203125 0.22346135937499997 0.2580645890625 0.23683074375 0.326640375 0.34032772968749997 0.332639809375 0.344302534375 0.34856050625 0.340793003125
1 0.2336415578125 0.23806879687500002 0.2706733078125 0.3710904578125 0.272823671875 0.3735337953125 0.28194953125 0.3736717375 0.2933976296875 0.37076427343749996 0.2595010921875 0.2407365796875 0.2514416265625 0.23498947656250002 0.2336415578125 0.23806879687500002
0 0.24421905625 0.3234114625 0.2358798078125 0.308820409375 0.229880371875 0.30484560312500003 0.21816128125 0.3057399453125 0.07783835156249999 0.34580845781249997 0.078741659375 0.3525188734375 0.1549779890625 0.4993927171875 0.293963534375 0.4629202375 0.3023667484375 0.45768985000000006 0.24421905625 0.3234114625
0 0.44437226562500004 0.6127903390625 0.45046203125 0.617436184375 0.45591948281250005 0.617384740625 0.5718921359375 0.5655636656249999 0.5902254 0.5596797671875 0.6097153890625 0.54885775 0.5219318421875 0.3973895 0.501855925 0.37003113125 0.333919575 0.43499600312500003 0.33419935624999997 0.4438399546875 0.3388614046875 0.45141079375000004 0.44437226562500004 0.6127903390625
0 0.38278955312499996 0.5206496125 0.256155415625 0.5609250421875001 0.2771522171875 0.6086554796875 0.319119453125 0.6836238703124999 0.32826289218750004 0.69742346875 0.33820173124999997 0.7036007828125 0.3570769796875 0.70174313125 0.440782953125 0.6740784 0.4566045296875 0.663066996875 0.45515044531250004 0.6454995078125 0.444570503125 0.627794075 0.43307846406249995 0.596547403125 0.4007151078125 0.5455646437499999 0.38782171718749997 0.537735446875 0.390143953125 0.5346900375 0.38278955312499996 0.5206496125
3 0.0880896796875 0.45579026718750004 0.0799398828125 0.449372125 0.06875398906249999 0.4474618875 0.051405575 0.4538964140625 0.044709857812499997 0.465045759375 0.044366110937499995 0.4760232484375 0.0498411390625 0.4896334609375 0.06443323906250001 0.4965507890625 0.079042915625 0.517129771875 0.08060490625 0.5490299578125 0.0931281859375 0.5473441625000001 0.094890859375 0.5266108515625 0.10532774062500001 0.502660278125 0.12401353749999999 0.49262971718750004 0.13714276718750001 0.47514872812500003 0.1336374421875 0.4626397703125 0.1220814375 0.4512145375 0.1072271328125 0.44911491249999996 0.0880896796875 0.45579026718750004
2 0.2657304859375 0.632055425 0.23987973906249999 0.6362184703125 0.1518178625 0.685648796875 0.1095220109375 0.702956784375 0.0949562765625 0.7165319390625 0.089426071875 0.72957399375 0.0864890984375 0.741583765625 0.0897322203125 0.758910428125 0.0944846 0.7671523109375 0.11373875 0.781640478125 0.12448177812500001 0.7870263375000001 0.14971778593750001 0.791827659375 0.184784725 0.7884735953125 0.1970370125 0.7847746765625 0.2236743703125 0.7661585203125 0.2374183375 0.739713165625 0.290107128125 0.66430046875 0.291878590625 0.6503979859375 0.2858703671875 0.6395923515625 0.2657304859375 0.632055425
2 0.6556923375 0.6806752687500001 0.65019094375 0.6465725734375 0.6368922875 0.601905075 0.6313357171875 0.5944546484375001 0.5614000796874999 0.6161665078125 0.55128936875 0.6154779390625 0.47356525468750005 0.6334558203125 0.46525237031250005 0.63935725 0.46356244843749994 0.6470999468749999 0.46682315 0.6780882625 0.47516239687499995 0.6926793171875001 0.6556923375 0.6806752687500001
2 0.787634521875 0.52422433125 0.7595342921875 0.5184421703125001 0.7240157015625 0.518441025 0.664959809375 0.512726690625 0.6529785140625 0.518438734375 0.6419005296875 0.5308611937500001 0.644791115625 0.552334515625 0.66486703125 0.5796928828125 0.6734860625 0.6031278875 0.685403390625 0.6172372859374999 0.6953422296875 0.6234146 0.720045040625 0.6310205 0.7347186828125001 0.6317780421875 0.7588707203125 0.628526865625 0.7874865703125 0.6178427921874999 0.8094706671875 0.5984866234374999 0.8197356750000001 0.5800247921875 0.8189866625000001 0.5541639796875 0.8085873796874999 0.5378006296875 0.787634521875 0.52422433125
2 0.9062956265625 0.336767546875 0.8839326296875001 0.339777896875 0.8622019468750001 0.3474855328125 0.851024840625 0.352406121875 0.8321671703125 0.367925428125 0.7922838859375 0.3828590515625 0.7838806703125 0.3880894375 0.76181503125 0.4136053921875 0.76138095625 0.42391184062500004 0.765238815625 0.4322741375 0.7915587921875 0.4451279515625 0.837738871875 0.45667474375 0.8693356375000001 0.46813503437500004 0.8939393296875 0.4682390625 0.9266752437499999 0.46109958124999995 0.9580561953125001 0.44389448125 0.979227315625 0.418498940625 0.9852819265624999 0.3958214765625 0.979789321875 0.368549609375 0.964736778125 0.35144624687500003 0.940476834375 0.3403647265625 0.9062956265625 0.336767546875
2 0.1437425578125 0.5271264078125 0.012730590625 0.5792892453125 0.02284551875 0.6543218203125 0.2222397203125 0.586233884375 0.22114112187499999 0.5389273078125 0.2014110734375 0.528386515625 0.1728797953125 0.5185768390625001 0.1437425578125 0.5271264078125