2 0.32942238281249997 0.21868652656249998 0.33844765312499997 0.21394719062499998 0.349277978125 0.2010832765625 0.3501805046875 0.1902505078125 0.3104693140625 0.079891671875 0.304151625 0.0717670953125 0.2879061375 0.067027759375 0.25631768906249996 0.06431956718750001 0.2427797828125 0.067027759375 0.2319494578125 0.077860528125 0.22382671406250002 0.077860528125 0.204873646875 0.10697359531249999 0.204873646875 0.11848341250000001 0.2220216609375 0.1340555171875 0.26985559531250003 0.2146242390625 0.2861010828125 0.22410291093749998 0.3023465703125 0.22410291093749998 0.32942238281249997 0.21868652656249998
2 0 0.272173325 0.047833934375 0.32566012187500004 0.05866425937500001 0.3283683140625 0.064079421875 0.3351387953125 0.091155234375 0.3378469875 0.1064981953125 0.334461746875 0.1092057765625 0.33107650624999996 0.1362815890625 0.32566012187500004 0.1444043328125 0.31076506406250004 0.1416967515625 0.30060934375000004 0.1444043328125 0.272850371875 0.1380866421875 0.2329045359375 0.134476534375 0.22410291093749998 0.1245487359375 0.218009478125 0.1362815890625 0.189573459375 0.1362815890625 0.17738659375000002 0.1308664265625 0.1658767765625 0.10830324843750001 0.15098172031249998 0.074909746875 0.1428571421875 0.034296028125 0.14150304687499998 0.0054151625 0.14556533437500002 0 0.14691943125 0 0.272173325
2 0.648014440625 0.3209207859375 0.6624548734375 0.3067027765625 0.6895306859375 0.2613405546875 0.6850180499999999 0.255247121875 0.54061371875 0.18618821875 0.5099277984375 0.1658767765625 0.49638989218749996 0.17129316249999998 0.47833935 0.1888964109375 0.4620938625 0.21327014218749998 0.44855595625 0.24576845 0.4476534296875 0.259986459375 0.45126353750000003 0.2660798921875 0.468411553125 0.26811103593749996 0.5108303249999999 0.2802979015625 0.6416967515625001 0.32227488125 0.648014440625 0.3209207859375
2 0.9431407937499999 0.4597156390625 0.9512635375 0.450914015625 0.9666064984375 0.4427894375 0.9990974734375 0.41706161093749994 0.9990974734375 0.26743398749999997 0.9620938625000001 0.26811103593749996 0.946750903125 0.272173325 0.9314079421875 0.28097495 0.924187725 0.290453621875 0.9205776171875 0.3114421125 0.8971119140624999 0.35748138125 0.8564981953125 0.4238320921875 0.8555956671875 0.43534190937500006 0.8592057765625001 0.44346648593750004 0.8772563171875 0.4590385921875 0.8989169671875 0.4664861203125 0.9259927796874999 0.4664861203125 0.9431407937499999 0.4597156390625
0 0 0.7406905890625 0.04061371875 0.7474610703125 0.0658844765625 0.7474610703125 0.075812275 0.7515233578125 0.158844765625 0.759647934375 0.19314079374999998 0.7677725125 0.21480144375000002 0.764387271875 0.22382671406250002 0.7474610703125 0.2942238265625 0.547054840625 0.2969314078125 0.5172647265625 0.303249096875 0.5132024375 0.30685920625 0.4996614765625 0.3104693140625 0.49695328437499997 0.3131768953125 0.470548409375 0.316787003125 0.46513202500000006 0.3095667875 0.4603926875 0.2590252703125 0.4536222078125 0.1949458484375 0.450914015625 0.174187725 0.44549762968750006 0.0767148015625 0.43805010156249996 0.059566787499999996 0.45836154375 0.0045126359375000005 0.5551794171875 0 0.5673662828125 0 0.7406905890625
0 0.7554151625000001 0.735951253125 0.5577617328125 0.6418415703125 0.5397111906250001 0.637102234375 0.32942238281249997 0.865267434375 0.32942238281249997 0.8713608671875 0.3456678703125 0.8821936359375 0.5469314078124999 0.9993229515625 0.580324909375 0.9993229515625 0.7472924187500001 0.755585646875 0.7554151625000001 0.735951253125
0 0.6407942234374999 0.450914015625 0.6435018046875001 0.442112390625 0.661552346875 0.43601895781250005 0.7310469312500001 0.4610697359375 0.7373646203125 0.465809071875 0.7942238265625 0.48408937031250004 0.7987364625 0.48341232187500005 0.8104693140625001 0.463777928125 0.8637184109374999 0.3378469875 0.8564981953125 0.3303994578125 0.81498195 0.323628978125 0.7463898921875 0.3067027765625 0.7129963906250001 0.3019634390625 0.69314079375 0.3053486796875 0.6796028875 0.3209207859375 0.5974729234375 0.45429925468750004 0.5956678703125 0.4590385921875 0.599277978125 0.4624238328125 0.626353790625 0.470548409375 0.631768953125 0.4644549765625 0.6335740078125001 0.45497630312500004 0.6407942234374999 0.450914015625
4 0.7734657046875 0.56804333125 0.79061371875 0.5660121874999999 0.8023465703125 0.5572105625 0.8203971125 0.529451590625 0.825812275 0.5138794859375 0.824909746875 0.50236966875 0.81227436875 0.49356804375 0.6579422375 0.43601895781250005 0.6498194953125 0.4400812453125 0.6389891703125 0.45497630312500004 0.6173285203125001 0.49356804375 0.6164259921874999 0.501015571875 0.6308664265624999 0.516587678125 0.631768953125 0.525389303125 0.623646209375 0.5368991203125 0.7445848374999999 0.5639810421875 0.7734657046875 0.56804333125
1 0.430505415625 0.562626946875 0.2671480140625 0.71293161875 0.2671480140625 0.7176709546875 0.29061371875 0.7305348687500001 0.3023465703125 0.7251184828125 0.43501804999999993 0.5991875421875 0.435920578125 0.5761679078124999 0.430505415625 0.562626946875
1 0.4638989171875 0.711577521875 0.467509025 0.70412999375 0.45848375468749997 0.69058903125 0.4503610109375 0.6844955984375 0.188628159375 0.794854434375 0.188628159375 0.8016249156249999 0.19675090312500002 0.8171970203125 0.202166065625 0.8205822609375 0.20938628124999997 0.819228165625 0.435920578125 0.7244414359375 0.4638989171875 0.711577521875
3 0.7301444046875 0.6242383203124999 0.7364620937499999 0.63168585 0.7481949453125 0.6364251859375 0.7518050546875 0.6425186187499999 0.7617328515625 0.6472579546875 0.7716606500000001 0.6614759640625001 0.782490975 0.667569396875 0.7888086640624999 0.6780636421875 0.78519855625 0.7014218015625 0.79061371875 0.7163168578125 0.797833934375 0.7244414359375 0.8104693140625001 0.7332430609375 0.835740071875 0.7427217328125 0.8583032484374999 0.744752878125 0.8718411546875 0.7420446859375 0.8826714796875 0.7318889640624999 0.8880866421875 0.71293161875 0.9043321296875 0.7102234265625 0.9169675093749999 0.7007447531250001 0.9178700359375 0.6844955984375 0.9124548734375001 0.6736628296875 0.9043321296875 0.6662153015625 0.8736462093749999 0.6486120515625 0.8537906140624999 0.6445497625 0.8294223828125 0.6486120515625 0.77436823125 0.6289776578125 0.653429603125 0.5565335140625 0.645306859375 0.5585646578125 0.645306859375 0.5639810421875 0.6570397109375 0.575490859375 0.685920578125 0.593094109375 0.688628159375 0.5991875421875 0.69855595625 0.6025727828125 0.7301444046875 0.6242383203124999
0 0.19675090312500002 0.44685172656249994 0.2373646203125 0.44888287031249996 0.2725631765625 0.4339878125 0.37545126406249996 0.382532159375 0.4819494578125 0.3358158421875 0.48646209375 0.327691265625 0.48646209375 0.3175355453125 0.4819494578125 0.310088015625 0.414259928125 0.26743398749999997 0.3700361015625 0.2437373046875 0.360108303125 0.24306025781249999 0.0920577625 0.34867975625000003 0.088447653125 0.3547731890625 0.1010830328125 0.3730534875 0.172382671875 0.43805010156249996 0.180505415625 0.43872714999999995 0.18411552343749998 0.4427894375 0.19675090312500002 0.44685172656249994
2 0.9711191328125001 0.6540284359374999 0.9990974734375 0.658090725 0.9990974734375 0.51117129375 0.9476534296875 0.542992553125 0.9160649812500001 0.555856465625 0.9016245484375001 0.5761679078124999 0.900722021875 0.5917400140625 0.9061371843750001 0.60731211875 0.9223826718750001 0.6269465125 0.93772563125 0.639133378125 0.9548736468750001 0.647935003125 0.9711191328125001 0.6540284359374999
0 0.3006164265625 0.5246865265625 0.303037003125 0.53267569375 0.4288980140625 0.550106296875 0.42986642656249996 0.536670278125 0.43277075781249996 0.5268652671875 0.4414846578125 0.5101604609375 0.457943140625 0.4992660796875 0.47730685937499995 0.49127691249999994 0.50586823125 0.486192959375 0.5402373640625 0.49018754218750005 0.56831498125 0.4992660796875 0.5818691328125001 0.5101604609375 0.61285018125 0.324709546875 0.6133348375 0.31566012187500003 0.48553610156250004 0.311302640625 0.485052346875 0.312754909375 0.4884404328125 0.323286390625 0.4874729234375 0.334180771875 0.34999277968750003 0.39582802968749997 0.3345018046875 0.43831618125 0.3267563171875 0.4375314828125 0.3262725625 0.441889640625 0.327240975 0.45532565937499997 0.3044891703125 0.5192389984375 0.3006164265625 0.5246865265625
1 0.569282490625 0.43468449531250003 0.5663781593749999 0.4252430609375 0.328693140625 0.43976845000000003 0.325788809375 0.44921056249999997 0.32820938593750004 0.4608307375 0.33111371875 0.46373595156249997 0.5658944046875 0.451025728125 0.569282490625 0.4481211921875 0.569282490625 0.43468449531250003
1 0.6312454875 0.5287393359375 0.6302770765625 0.5156655375 0.622532490625 0.5058612046875 0.608009928125 0.5033188890625 0.4623005421875 0.579579553125 0.4710135375 0.5850264046875 0.48553610156250004 0.5915633046875 0.5034476531250001 0.5944685171875 0.6235 0.5323703453124999 0.6312454875 0.5287393359375
4 0.5116768953124999 0.6474001359375 0.5358808671874999 0.6373195671875 0.588646209375 0.5737691265625 0.598812275 0.5552484765625 0.6007481953125 0.544354096875 0.628824909375 0.5280128640624999 0.6331823109375 0.5218395390625 0.6283411546875 0.5123974265625 0.621079421875 0.5054976296875 0.6075252703125 0.5029559921875 0.5842897109375 0.513850371875 0.5760595671875001 0.506587 0.5591173281249999 0.49569262031249994 0.532976534375 0.4898828703125 0.5039314078125 0.48734055468750004 0.4744025265625 0.4938774546875 0.454070396875 0.50222951875 0.437128159375 0.5189343265625 0.4303510828125 0.5349126609375 0.43083483749999996 0.5621482734375001 0.4443889890625 0.6183486796875 0.4497138984375 0.625611375 0.4623005421875 0.6383215984375 0.4831155234375 0.6455842921875 0.5116768953124999 0.6474001359375