2 0.5604693140625 0.2985781984375 0.577617328125 0.2938388625 0.58935018125 0.28706838125 0.5956678703125 0.2769126609375 0.596570396875 0.2613405546875 0.5740072203125 0.176709546875 0.574909746875 0.152335815625 0.572202165625 0.1442112390625 0.56227436875 0.1333784703125 0.5469314078124999 0.12660798906249998 0.5270758125 0.123899796875 0.4945848375 0.1279620859375 0.47021660625 0.1374407578125 0.4503610109375 0.15098172031249998 0.43501804999999993 0.17332430625 0.4341155234375 0.1848341234375 0.438628159375 0.1956668921875 0.4557761734375 0.20920785312499998 0.5306859203125 0.295192959375 0.545126353125 0.2985781984375 0.5604693140625 0.2985781984375
2 0.346570396875 0.3994583609375 0.35649819531250004 0.387271496875 0.3501805046875 0.3764387265625 0.3267148015625 0.3547731890625 0.3095667875 0.3425863234375 0.30054151562500003 0.341232228125 0.1362815890625 0.4218009484375 0.1380866421875 0.42654028437499997 0.16606498125 0.450914015625 0.20667870000000002 0.4827352734375 0.22382671406250002 0.49221394687500003 0.25812274375 0.4631008796875 0.346570396875 0.3994583609375
2 0 0.61205145625 0.0902527078125 0.60324983125 0.09837545156250001 0.5991875421875 0.10379061406250001 0.5917400140625 0.10740072187500001 0.562626946875 0.099277978125 0.547054840625 0.085740071875 0.5396073125 0.0487364625 0.538253215625 0 0.538253215625 0 0.61205145625
2 0 0.8348002703124999 0.034296028125 0.8287068375000001 0.0767148015625 0.8259986453125 0.1110108296875 0.8131347328125 0.13537906093750002 0.8097494921875 0.1525270765625 0.7880839546875 0.1416967515625 0.7427217328125 0.1308664265625 0.7440758296875 0.1200361015625 0.740013540625 0.1146209390625 0.7339201078124999 0.0487364625 0.71902505 0.027978339062500003 0.704807040625 0.0054151625 0.6980365609375 0 0.698713609375 0 0.8348002703124999
1 0.3944043328125 0.6838185515624999 0.39079422343750003 0.6736628296875 0.2996389890625 0.570074475 0.287003609375 0.5646580906249999 0.27346570468750003 0.57210561875 0.2725631765625 0.5775220046875 0.2788808671875 0.5863236296875 0.36823104687499997 0.6878808390625 0.37274368281250003 0.6919431281249999 0.39079422343750003 0.6885578875 0.3944043328125 0.6838185515624999
1 0.7779783390625 0.68178740625 0.7770758125 0.6770480703125 0.639891696875 0.562626946875 0.626353790625 0.552471225 0.6173285203125001 0.5545023703124999 0.6092057765625001 0.56127285 0.607400721875 0.5660121874999999 0.6119133578125 0.5734597156250001 0.7454873640625 0.6878808390625 0.75812274375 0.6919431281249999 0.7707581234374999 0.689911984375 0.7779783390625 0.68178740625
1 0.8727436828125 0.7494922140625 0.8763537906250001 0.7481381171875 0.8727436828125 0.7373053484375001 0.7933213 0.5781990515625 0.78519855625 0.5734597156250001 0.7635379062500001 0.5788761 0.7653429609375 0.5958023015625 0.8176895312499999 0.6980365609375 0.82851985625 0.7122545703125 0.8438628156249999 0.7481381171875 0.8537906140624999 0.7515233578125 0.8727436828125 0.7494922140625
1 0.83935018125 0.303994584375 0.83935018125 0.3215978328125 0.8646209390624999 0.324306025 0.9990974734375 0.30941096875 0.9990974734375 0.2877454296875 0.8601083031250001 0.2999322953125 0.83935018125 0.303994584375
4 0.661552346875 0.41096817812499997 0.69314079375 0.371699390625 0.695848375 0.364928909375 0.69314079375 0.354096140625 0.6841155234375 0.343263371875 0.6678700359375 0.332430603125 0.6471119140625 0.3263371703125 0.6353790609375001 0.32701421875 0.58393501875 0.3601895734375 0.5270758125 0.40419769843750003 0.5261732859375 0.4129993234375 0.54602888125 0.4346648609375 0.572202165625 0.450914015625 0.599277978125 0.4603926875 0.6308664265624999 0.44482058281250003 0.661552346875 0.41096817812499997
4 0.6868231046875 0.5707515234375 0.69855595625 0.56804333125 0.7166064984375 0.555856465625 0.7238267140625 0.53283683125 0.7229241875 0.48612051406249995 0.715703971875 0.4698713609375 0.6976534296875 0.45429925468750004 0.6768953062499999 0.44685172656249994 0.664259928125 0.44549762968750006 0.6362815890625 0.44685172656249994 0.623646209375 0.4502369671875 0.5974729234375 0.4644549765625 0.5830324906250001 0.48544346718750003 0.5821299640625 0.4996614765625 0.5866426 0.5138794859375 0.5983754515624999 0.5280974953124999 0.650722021875 0.56804333125 0.6633574 0.5707515234375 0.6868231046875 0.5707515234375
0 0.5379061375 0.640487475 0.5487364625 0.63168585 0.6055956671875 0.5443466484374999 0.6010830328125001 0.5321597828125 0.5866426 0.5172647265625 0.5812274375 0.501015571875 0.5821299640625 0.48612051406249995 0.588447653125 0.4719025046875 0.5947653421875 0.4664861203125 0.58393501875 0.4610697359375 0.3718411546875 0.40690589062500004 0.346570396875 0.404874746875 0.2671480140625 0.534190928125 0.26353790625 0.545023696875 0.27978339375 0.552471225 0.3456678703125 0.5761679078124999 0.38447653437499996 0.5870006765625 0.5261732859375 0.6384563296875 0.5379061375 0.640487475
0 0.8212996390624999 0.711577521875 0.8176895312499999 0.70412999375 0.805956678125 0.7007447531250001 0.48104693125000003 0.647935003125 0.45938628125000003 0.6465809078125 0.452166065625 0.6553825328125 0.4232851984375 0.7352742046875 0.40342960312500004 0.8090724437500001 0.4016245484375 0.8253215984375 0.4151624546875 0.8300609343750001 0.7635379062500001 0.9085985109375001 0.782490975 0.9106296546875001 0.7870036093749999 0.900473934375 0.8212996390624999 0.711577521875
0 0.4052346578125 0.92755585625 0.424187725 0.92349356875 0.419675090625 0.9018280296875 0.38176895312500003 0.8117806359375 0.3781588453125 0.790792146875 0.32942238281249997 0.6682464453125 0.3131768953125 0.6641841578125 0.2211191328125 0.6966824640625 0.1462093859375 0.7271496281250001 0.1444043328125 0.7332430609375 0.150722021875 0.7637102234375 0.20126353749999998 0.9627623562500001 0.2111913359375 0.9898442796875001 0.2707581234375 0.9729180765625 0.4052346578125 0.92755585625
0 0.48014440468749997 0.42654028437499997 0.4900722015625 0.4238320921875 0.5009025265625 0.42721733281249996 0.5009025265625 0.43534190937500006 0.5117328515625 0.4400812453125 0.52978339375 0.4326337171875 0.5315884468750001 0.4238320921875 0.5225631765625 0.412322275 0.5234657046875 0.40419769843750003 0.574909746875 0.364928909375 0.5812274375 0.3534190921875 0.5866426 0.350033853125 0.58393501875 0.3297224109375 0.446750903125 0.2701421796875 0.42870036093749997 0.2714962765625 0.422382671875 0.2748815171875 0.3610108296875 0.3297224109375 0.351985559375 0.343263371875 0.3528880859375 0.36086662187499996 0.360108303125 0.3656059578125 0.3808664265625 0.3730534875 0.41606498125 0.39675016875 0.465703971875 0.4211239 0.48014440468749997 0.42654028437499997
3 0.8004584843749999 0.37991739999999996 0.8110027078125001 0.37520582187499996 0.836490975 0.3765788765625 0.862443140625 0.3629932296875 0.8734395312500001 0.33730534843750004 0.86020306875 0.3231448890625 0.8428799640625 0.322060934375 0.81677436875 0.3449620859375 0.781434115625 0.3822369671875 0.7746976531249999 0.3878591734375 0.7746976531249999 0.3828199046875 0.767208484375 0.3799085984375 0.7765451265625 0.38353215937499996 0.8292463906249999 0.3243845640625 0.8205180500000001 0.3105497625 0.7969070390625 0.30937576093749997 0.7717220218749999 0.32383683125 0.7608528875 0.33576845 0.760128159375 0.34604468593750004 0.7670758125 0.3556350703125 0.7727761734375 0.3623188890625 0.7669638984375 0.37347325625 0.7656741874999999 0.37903249843750003 0.7009747296875 0.455732565625 0.7124097468749999 0.4651753546875 0.7771191328125 0.398687203125 0.7899792421875 0.3869837515625 0.796338446875 0.386391334375 0.8004584843749999 0.37991739999999996
2 0.7490974734375 0.314827353125 0.782490975 0.3121191609375 0.814079421875 0.29316181406249997 0.824909746875 0.2762356125 0.824909746875 0.264048746875 0.8113718406249999 0.22816519999999998 0.79061371875 0.1428571421875 0.7788808671874999 0.131347325 0.7671480140625 0.12660798906249998 0.7382671484375 0.12593094062500002 0.70938628125 0.134732565625 0.695848375 0.1442112390625 0.68772563125 0.15572105625 0.6949458484375 0.2498307375 0.6922382671875 0.28571428593750003 0.695848375 0.2945159109375 0.704873646875 0.3033175359375 0.7292418765625001 0.3127962078125 0.7490974734375 0.314827353125
0 0.9990974734375 0.49492213906250004 0.8799638984374999 0.42315504375 0.8718411546875 0.4211239 0.865523465625 0.4238320921875 0.7274368234375 0.5132024375 0.7265342953125 0.52403520625 0.7400722015625 0.5368991203125 0.9368231046875 0.68178740625 0.9494584843749999 0.6790792140625 0.9990974734375 0.6472579546875 0.9990974734375 0.49492213906250004