0 0.9024979312499999 0.9679965609375 0.9839255390625 0.9092692046874999 0.984672909375 0.8664524078125 0.81817095625 0.9733922484375 0.9024979312499999 0.9679965609375
0 0.816552178125 0.9721285484375001 0.9846772421875001 0.8662041500000001 0.9889562171874999 0.621061828125 0.9525635375 0.5967199625 0.6654694296875 0.82604650625 0.5854253468749999 0.8087602828125 0.6645295546875001 0.8276872765625001 0.66727965 0.8555990093749999 0.816552178125 0.9721285484375001
0 0.8273293531249999 0.534160690625 0.952634196875 0.59367336875 0.7501305968749999 0.48537235 0.738784334375 0.47853921406250005 0.4692276203125 0.7054074671875 0.47592991093750003 0.7177889125 0.5465790968750001 0.764556509375 0.8273293531249999 0.534160690625
0 0.99150100625 0.4752709734375 0.980491046875 0.160467259375 0.739685371875 0.23415344999999999 0.8224097468749999 0.5283120953125 0.8784862125 0.5470113343749999 0.9905016140624999 0.532526140625 0.99150100625 0.4752709734375
0 0.48403453281250003 0.3653279015625 0.7586513578125 0.1854484984375 0.60380928125 0.0458449015625 0.3460798640625 0.232936996875 0.48403453281250003 0.3653279015625
0 0 0.6434839640625001 0.09545181875 0.7064213968749999 0.297533525 0.53129559375 0.270785146875 0.5142711281250001 0.22566837343750001 0.511774715625 0.1331118015625 0.435603690625 0 0.5908213734375 0 0.6434839640625001
0 0.443416425 0.4528637984375 0.4161984171875 0.4474098890625 0.38135116875 0.399502971875 0.19685974687500002 0.6577521328125 0.20605880468749999 0.7104749640625 0.1637174078125 0.764894678125 0.1799743484375 0.7881788625 0.3890853109375 0.76556629375 0.61398976875 0.5088447265625 0.44761169218749997 0.4531506828125 0.18126858125 0.7840286671875 0.443416425 0.4528637984375
4 0.33361145312499996 0.458557609375 0.3403084609375 0.4432302609375 0.3390518609375 0.4331523640625 0.3315986234375 0.4268570609375 0.2258230625 0.375384221875 0.18736707187499999 0.3615915609375 0.1675205484375 0.3628614453125 0.14705549843750002 0.3722975484375 0.1303170671875 0.3848813015625 0.1208428203125 0.39835469375 0.11872728125000001 0.4154205578125 0.1319004265625 0.4301537296875 0.21941691562500001 0.5024342640625 0.23517824375 0.513615728125 0.24339180625 0.5157990625 0.267630740625 0.5108620265625 0.30217514218749997 0.490366753125 0.33361145312499996 0.458557609375
4 0.3202201546875 0.02396199375 0.349895409375 0.0193543328125 0.3773883203125 0.0040507921875 0.37821953750000004 0.001965946875 0.27898692187499996 0.008315375 0.2965761140625 0.0200571046875 0.3202201546875 0.02396199375
1 0.329913459375 0.27526760625 0.3292240359375 0.2814067 0.47477490156249996 0.4102464640625 0.48303572812500006 0.4137812125 0.5042611 0.40023314218749995 0.50594716875 0.3967391578125 0.49564579062499997 0.38656277499999997 0.3632444375 0.271780471875 0.3494763953125 0.2658892265625 0.33691768906249997 0.268724459375 0.329913459375 0.27526760625
1 0.572340990625 0.43380134843749996 0.6058137625 0.43436846406249996 0.6308130203125 0.4253194578125 0.6304821671874999 0.41585954843749995 0.62295803125 0.4075371234375 0.583788984375 0.3992078453125 0.5666724375000001 0.40098027187499996 0.5544682125 0.4139511234375 0.5576472015625 0.42729211562499997 0.572340990625 0.43380134843749996
1 0.154009278125 0.23505416875 0.1569755765625 0.24231378750000002 0.175230559375 0.24724071875 0.18876227968749998 0.24637488593749998 0.18919175 0.2328030078125 0.19424995625000002 0.2223210546875 0.2108197765625 0.07565853125000001 0.21006354374999997 0.054035878125000006 0.200876971875 0.04988314375 0.1819325640625 0.05109530625000001 0.175590040625 0.0765582765625 0.154009278125 0.23505416875
2 0 0.350870284375 0.033511298437499996 0.3572144484375 0.06192586875 0.3682635140625 0.0962062265625 0.366070075 0.11318097812500001 0.36024339843750003 0.126405478125 0.350593365625 0.1394409234375 0.33553766875 0.14865521718750002 0.3146314890625 0.14581116875 0.2850157875 0.1362701140625 0.2707274328125 0.11675853124999999 0.255722609375 0.0948241921875 0.24899944375 0.0432618625 0.24823535625 0 0.241861553125 0 0.350870284375
2 0 0.5329002484375 0.042933289062500005 0.5232077 0.052572964062500005 0.5144642625 0.0602429828125 0.5011063140625 0.058490109375 0.4768385515625 0.049945695312499996 0.46519530937500003 0.0315252859375 0.45553842343750006 0 0.45396851250000003 0 0.5329002484375
2 0.5927601484375 0.862529525 0.5920275484374999 0.84158258125 0.579425665625 0.8173317765625001 0.5428448015625 0.8054507937500001 0.522001634375 0.8040755703125001 0.49629341250000003 0.7928533390625 0.46922997187500004 0.794585 0.4505455171875 0.8032299500000001 0.43487462656250003 0.8204859390625 0.41772626874999996 0.8730519015624999 0.411600525 0.87886161875 0.370756771875 0.9519058984375001 0.366100315625 0.973874884375 0.36740417812500004 0.9853041953125 0.372232709375 0.9954655718750001 0.4956379 0.9940296234374999 0.5105291046875 0.9930768046875 0.5323770921875 0.9456278953125 0.544652215625 0.934684165625 0.565928940625 0.8967528874999999 0.5817888890625 0.8849025656249999 0.5927601484375 0.862529525
2 0.07026305000000001 0.7876064578124999 0.0509364375 0.8037419187499999 0.0389449015625 0.822794140625 0.0340521234375 0.8380060453124999 0.03582863125 0.862949515625 0.0409536421875 0.8802293109375 0.051444076562499996 0.8958113578125 0.07017170625 0.91425244375 0.103404065625 0.933797103125 0.1496246046875 0.9369346453125 0.179252596875 0.9309755703124999 0.192642521875 0.9260554921875 0.207647621875 0.91561430625 0.2267142796875 0.892046059375 0.23688204375000002 0.846698953125 0.25195803906249997 0.838284890625 0.256185025 0.8298877843750001 0.26679771093750004 0.8231137484375 0.2642845140625 0.80295795625 0.288192596875 0.7885610109375001 0.288858390625 0.781746209375 0.2446547703125 0.7845745921875 0.23748511875 0.7863877859375 0.2366775328125 0.7891483375 0.18051009843750002 0.7859700265625 0.1627082171875 0.768146928125 0.150957096875 0.76822160625 0.102384696875 0.775392846875 0.086288425 0.780486090625 0.07026305000000001 0.7876064578124999
2 0.10361675625 0.9398784718750001 0.10886401875 0.9348021843750001 0.0693404875 0.9163372890625 0.052440721875 0.898456465625 0.039980631249999996 0.8782599078125 0.033622653125 0.8515779265625 0.03806641875 0.8235275703125 0.053548253125 0.8008659203124999 0.07023941875 0.78693075 0.0718545921875 0.7814096421875 0.05794884375 0.745729528125 0.024688760937500002 0.7512437828125 0.0005916203125 0.760235065625 0.008059407812499999 0.973758759375 0.03588316875 0.9679151265625 0.0671499640625 0.9571106500000001 0.10361675625 0.9398784718750001
3 0.1718347921875 0.253552978125 0.156900590625 0.2660212859375 0.156660178125 0.2849988296875 0.1661776015625 0.2986114765625 0.18281741406250002 0.3090595125 0.1955888140625 0.3123056484375 0.2136311046875 0.3111512078125 0.22870710156250001 0.30273714687500003 0.24418484375 0.3058101171875 0.25256383125 0.31272340625 0.2598280125 0.3136130453125 0.3160622515625 0.34455310156249996 0.3217112625 0.350963846875 0.37991515625 0.38651841249999996 0.38898356875 0.387292609375 0.3913826921875 0.3783352390625 0.3753850421875 0.36039669375 0.346781415625 0.34394196718750003 0.3271989375 0.326910015625 0.31338363125 0.319667353125 0.2632515046875 0.2822418703125 0.2656310859375 0.246874171875 0.262593890625 0.23758742968750002 0.2550933875 0.22994071093750001 0.2449101703125 0.22314286718749998 0.2239015765625 0.2170376890625 0.1970271953125 0.2241750140625 0.1909250828125 0.2306604390625 0.189546234375 0.242938625 0.1827074328125 0.254211728125 0.1718347921875 0.253552978125