2 0.8778269296874999 0.61975353125 0.8819036078125 0.6275094765625 0.9465177359375 0.6635260859375001 0.99176210625 0.684687671875 0.9928707328125 0.5894124796875 0.93654006875 0.5702180109375 0.9202422296874999 0.5703798359375 0.9122507875 0.573157946875 0.89051165 0.58874175 0.8786841828125 0.6034025171875 0.8778269296874999 0.61975353125
2 0.7372264609375 0.64776238125 0.726833478125 0.60940821875 0.713514409375 0.614038403125 0.681194315625 0.619082153125 0.5840371921874999 0.6308418984374999 0.5456458875 0.6405188328125 0.5293086796875001 0.6400063578124999 0.5222970375 0.64404915625 0.5191696640625 0.6680692015624999 0.52066570625 0.693692584375 0.526037140625 0.7081076140625 0.5877817328125 0.7104931609375 0.68549003125 0.70817360625 0.736539996875 0.7135890015624999 0.7408090859375001 0.709123640625 0.7372264609375 0.64776238125
2 0.2454400578125 0.8210182156249999 0.2729398875 0.810999634375 0.28590463125 0.800300753125 0.29146403906249996 0.786901675 0.286131975 0.773160946875 0.285970059375 0.7548709453125 0.2933837015625 0.6490958250000001 0.2893857609375 0.6426884796875 0.2781399640625 0.636278134375 0.2425261453125 0.6314591265625 0.215026315625 0.6414777093749999 0.20911258125 0.6488080921875 0.1496342390625 0.7628216343750001 0.132479146875 0.779334471875 0.1306420921875 0.7944207999999999 0.14141989375 0.8083323546875001 0.1582295375 0.8169364218749999 0.1821295609375 0.8228462921874999 0.2148433484375 0.8245455406250001 0.2454400578125 0.8210182156249999
2 0 0.6050713828125 0.007804440625000001 0.7387415921875 0.031975614062500005 0.7337787578125 0.0476829109375 0.7235024390625 0.11691988281250001 0.621461465625 0.14672476406249998 0.588855346875 0.14652347968749999 0.5698910453125 0.135666940625 0.55463089375 0.122500909375 0.5463654734375 0.0919391328125 0.5349742953125001 0.0681965875 0.531761625 0.043006245312500004 0.5347854734374999 0.0251818703125 0.539835221875 0.0094745734375 0.550111540625 0.0019161953125 0.560306946875 0 0.568338965625 0 0.6050713828125
4 0.4045812921875 0.5519607703125 0.4038288328125 0.5235562765624999 0.3950849328125 0.49792989375 0.3524988421875 0.4978279828125 0.3212328515625 0.489892215625 0.2525991640625 0.50916516875 0.21710789218749998 0.5219618609375 0.20664948437500003 0.5290375078125 0.20261661250000002 0.5375486656249999 0.20058271093750002 0.54926349375 0.20646594999999998 0.5724444171874999 0.21524478125000002 0.583152296875 0.23009482343749998 0.5892269921875 0.3022584546875 0.5838625937499999 0.3885634765625 0.5724354968750001 0.396476178125 0.5683087859375 0.4045812921875 0.5519607703125
0 0.5018132859375 0.66561774375 0.457394009375 0.556534040625 0.43211605468750003 0.5270236859375 0.413976721875 0.5266790375 0.4069257109375 0.5300475359375 0.4048568765625 0.55668086875 0.39823893125 0.5674666609375 0.391266659375 0.5721837578125 0.2707606828125 0.5874738296875 0.2681756078125 0.5897484656249999 0.3489567234375 0.7164628671875 0.439215878125 0.6951760140625 0.4635445296875 0.692910378125 0.48924223749999995 0.68305961875 0.5005229671875 0.6745514625 0.5018132859375 0.66561774375
0 0.40691683593750005 0.49886193125 0.540864996875 0.6362182984375 0.5666808125 0.6283904390624999 0.6425579203125 0.5935276828125 0.7408040796875001 0.5538699171875 0.74319230625 0.548223784375 0.713207759375 0.500168690625 0.61522330625 0.35810722500000003 0.603701921875 0.34697678125000003 0.6001370453125 0.34798673281250003 0.6022541234375 0.3532133046875 0.5978669265625001 0.3556557640625 0.5863106109375 0.359443825 0.5771425203125 0.3575857515625 0.5746755546875 0.3618832875 0.5521096578125 0.36330679843749997 0.4503773625 0.4053231140625 0.45137047499999994 0.45336620781250003 0.43809521250000005 0.4742634953125 0.41012738593750003 0.491783284375 0.40691683593750005 0.49886193125
1 0.73605368125 0.5190580765624999 0.741775003125 0.5239489984375 0.7607366578125 0.5228611375 0.765045115625 0.5190700765625 0.79278503125 0.38902917187499997 0.791761425 0.3714973828125 0.7743263078125 0.3676973234375 0.7654731734375 0.371233646875 0.7614009328125 0.3790705046875 0.7362854609375 0.5075110734375 0.73605368125 0.5190580765624999
0 0.8085012046875001 0.409938459375 0.8137151609375 0.42165628593750004 0.8202981765624999 0.425788996875 0.9879044218749999 0.4413668796875 0.9933107890624999 0.4408634046875 0.9764606390624999 0.1522631921875 0.9711330125 0.1541152671875 0.92778171875 0.2184913765625 0.91967660625 0.2348393921875 0.9223054875000001 0.2488318578125 0.919877890625 0.25380369062499997 0.9022897328124999 0.26289923437499996 0.893790925 0.2725042546875 0.8085012046875001 0.409938459375
0 0.602746090625 0 0.5753215109375 0.016060523437499998 0.5146094015625 0.0623923703125 0.459264290625 0.10754644687499999 0.45515267968749995 0.1147090015625 0.44978568281250003 0.11588677812499999 0.4363529421875 0.13408686718750001 0.4284008703125 0.1375392765625 0.421586075 0.14495357343749998 0.42139366718750004 0.157174878125 0.4297000640625 0.1597911609375 0.43855763437500006 0.171847640625 0.4516055546875 0.17809016093750002 0.4814281859375 0.20785525468750002 0.4806846046875 0.21063636406250003 0.4975336171875 0.21991473125 0.49776983281250003 0.22396052968750002 0.5378978328125 0.259545578125 0.59675570625 0.3055897734375 0.6677255062499999 0.3728789 0.6826149203125 0.37962789531249996 0.6897840375000001 0.3782822953125 0.722020953125 0.35629714687499997 0.736201715625 0.35090874843750003 0.8995821109375 0.2475581703125 0.9080415484375 0.2372788515625 0.9038467625 0.227500009375 0.76593559375 0.06881779375 0.753395040625 0.055748365625 0.750731228125 0.056674403124999995 0.7456353796874999 0.0469794703125 0.7401502734375 0.0461343484375 0.740775746875 0.041330337499999995 0.7369352859375 0.037620190625 0.7342714734375 0.0385462265625 0.7281564546875 0.0269123109375 0.70237860625 0 0.602746090625 0
1 0.44680805 0.39074026093750003 0.46933457812499996 0.38864245 0.4744653578125 0.383418878125 0.46281642187500005 0.1994190109375 0.447651421875 0.1879499171875 0.43331318281250003 0.19064111718750001 0.42547921874999994 0.1961164265625 0.4403780765625 0.373711946875 0.4429675890625 0.3870301140625 0.44680805 0.39074026093750003
1 0.33371571875 0.3002552140625 0.343706128125 0.300680775 0.3480933265625 0.2982383125 0.3588228828125 0.28028996093749997 0.43168128437500003 0.100623625 0.4360246734375 0.0819140625 0.41384803281250004 0.0744877703125 0.40209486875 0.07490433125 0.3148677359375 0.28777317343750003 0.3152220609375 0.29384186875 0.33371571875 0.3002552140625
0 0 0.1665752875 0.0948385953125 0.3984331359375 0.1003630703125 0.399952559375 0.1579916140625 0.3939078609375 0.1650819953125 0.3912136625 0.317400696875 0.3777067515625 0.3244123375 0.373663953125 0.2782646734375 0.11084295156249999 0.2663540296875 0.10856231406250001 0.0745067453125 0.1277842734375 0.057268476562500004 0.1273557125 0.011353728125 0.1323095484375 0 0.13509046875 0 0.1665752875
4 0.41004864531249996 0.4904346859375 0.42936018750000005 0.47982271875000004 0.44228556250000006 0.4684495359375 0.45019382812500003 0.44873002343749996 0.44057492343750004 0.377083446875 0.425523596875 0.35204445 0.40773415156250004 0.34217569531250003 0.387635221875 0.33930167187500004 0.3633459390625 0.342241609375 0.3527694234375 0.34729435625 0.3313452390625 0.3682725546875 0.292341775 0.4295319046875 0.28850575 0.44141455937499996 0.2894112484375 0.45692345 0.29944546875 0.4736161140625 0.32021368125 0.48795322968750005 0.3405488296875 0.4948730484375 0.3597467015625 0.497830984375 0.39312533125 0.4954005203125 0.41004864531249996 0.4904346859375
3 0.0607125109375 0.5277128281250001 0.083593365625 0.5316837109375 0.099773096875 0.5294989875 0.1149730296875 0.5260495765625001 0.1324430765625 0.5149311328125 0.13917469531249999 0.490575434375 0.1552363171875 0.4863678109375 0.1612287890625 0.48038602968750005 0.2091774390625 0.4637173625 0.2822770625 0.443350546875 0.288308903125 0.4380430640625 0.28881626875 0.43121615625 0.2841534859375 0.42893851875 0.203687896875 0.44727943437500006 0.15111583125 0.46234476718749995 0.13748180625 0.46158055468750003 0.124573896875 0.4654944828125 0.08619562343750001 0.45211936250000007 0.0608871734375 0.45312031406250003 0.0439244875 0.4574118484375 0.033426709375 0.4638131953125 0.023165150000000002 0.474260340625 0.021170618750000002 0.4866494671875 0.023405803125 0.49389893906250004 0.05032396875 0.5049514687500001 0.0512688359375 0.52113465625 0.0607125109375 0.5277128281250001
1 0 0.5118594 0.0249018453125 0.519522321875 0.04033355625 0.5045259062499999 0.04193883125 0.5009865828125 0.021288728125 0.4886723671875 0 0.48256997031250004 0 0.5118594