2 0.718242696875 0.941336025 0.7211969171875 0.9353398828125 0.7376539078125 0.9304930203125 0.774534421875 0.9121276999999999 0.7757948828125001 0.9033615984375001 0.7686141296875 0.8800689593750001 0.740253553125 0.8445157015625 0.7020888703125 0.7835450828125 0.6866244781249999 0.7640293515625001 0.6668902609375 0.760629340625 0.62033564375 0.7725574875000001 0.6100549515625 0.7810085625000001 0.60789246875 0.7897431609375001 0.6599775 0.9081268765624999 0.6634950171875 0.9326469828124999 0.6712823578125 0.9410513703125 0.7099590578125 0.9451129343750001 0.718242696875 0.941336025
2 0.316050728125 0.9245789375 0.34991401875 0.9359271140625 0.373339046875 0.93742291875 0.3978315265625 0.9348897953125 0.4198660890625 0.9261715140625 0.4420936578125 0.9127160625 0.4566166015625 0.8888260062500001 0.45640388437499996 0.8718760359375001 0.43870215 0.8407612421874999 0.4409749234375 0.8293196890625 0.43283700156249993 0.8073490234375 0.42761786874999996 0.8024228390625 0.4271845734375 0.790886778125 0.4152179828125 0.7742040140625 0.3627903609375 0.775083821875 0.35005175 0.777349740625 0.339881346875 0.7830938609375 0.34157510625 0.785863821875 0.334488921875 0.8045919874999999 0.31709447812499997 0.832447965625 0.2974351171875 0.8493816187500001 0.2878082984375 0.8639548453125 0.28684327187499997 0.8876407000000001 0.29432731875 0.9034892125 0.306404196875 0.9174650234374999 0.316050728125 0.9245789375
2 0.7971360171875 0.6899532046875 0.8151764765625 0.6905832546874999 0.8607383656250001 0.5478240234375 0.8611795203125 0.536996203125 0.8568899812499999 0.5314247812499999 0.829258134375 0.5223273390625 0.7952018390625 0.5157163328125 0.77902056875 0.513795809375 0.7698073328125 0.5182179546875 0.6922689171874999 0.6476617984375 0.6867189171875 0.6508564781249999 0.6874555078125 0.6549484109375 0.7167535390625 0.667492553125 0.7533229 0.6789352390625 0.7971360171875 0.6899532046875
0 0.42076798281250005 0.7710093359375 0.4180814953125 0.6374082875 0.4111134625 0.6310656203125 0.3668867640625 0.630198734375 0.32424353125 0.6348087640625 0.3026225515625 0.6333759625 0.21490574375 0.6357341265625001 0.21301898125 0.6377013375 0.11814113281250001 0.638454003125 0.10783286875 0.6475818171875 0.1139383078125 0.6972672671875 0.1246562890625 0.7667671515625 0.13047415 0.779168965625 0.42076798281250005 0.7710093359375
0 0 0.4470424265625 0.0448014171875 0.487476003125 0.051907312500000004 0.49043498124999996 0.1319983484375 0.5643907765625 0.144323378125 0.5722759374999999 0.172959678125 0.6010618078125 0.189739675 0.6104579609375 0.2035378828125 0.6265269906250001 0.21165609062500002 0.6268105125 0.21283383437499998 0.6200746296874999 0.2378501875 0.60468346875 0.3348235234375 0.5524986609375 0.3421224234375 0.550720465625 0.358847278125 0.5614700953125 0.374402246875 0.5565917296875 0.37454010625 0.5532080359375 0.364428778125 0.5464167375 0.345249934375 0.5183000125 0.327733346875 0.5048119265625 0.3287732296875 0.5014597359375 0.1616782671875 0.3458519953125 0.1473561890625 0.34264100000000003 0.14008485937499998 0.3437424578125 0.043765398437500005 0.40204941562499996 0 0.43052822187500006 0 0.4470424265625
0 0.602562915625 0.6323302484375 0.7361291875 0.5244964859375 0.7222482640625 0.510457671875 0.48440949531250005 0.36186707500000004 0.47989938125 0.3617095625 0.462126784375 0.3766760046875 0.397322984375 0.437439028125 0.3493897578125 0.483204109375 0.3482120125 0.4899399921875 0.590671184375 0.6359811484375 0.596083321875 0.6361701625 0.602562915625 0.6323302484375
1 0.40132494531249996 0.40572681718750003 0.40061592656249995 0.40095814374999994 0.3799245421875 0.3988801078125 0.357649690625 0.3913251578125 0.3435481875 0.3827002515625 0.20819745312500001 0.35696446875 0.199941384375 0.360064640625 0.19843277343750002 0.3749213890625 0.392820728125 0.4149176375 0.39735841562499996 0.4143984109375 0.40132494531249996 0.40572681718750003
1 0.1318563625 0.3461658890625 0.1356850328125 0.340877990625 0.177178090625 0.34232710625 0.306911828125 0.328560025 0.310712928125 0.3239488625 0.30773899375 0.3082578640625 0.3042411921875 0.3054249 0.2725876703125 0.3063525265625 0.23344224218749998 0.3137955203125 0.1182235890625 0.32603642499999996 0.102723765625 0.329561315625 0.10394879531250001 0.3438358328125 0.108293475 0.348053778125 0.1254594859375 0.3479755890625 0.1318563625 0.3461658890625
1 0.554755696875 0.6306606140625 0.554184540625 0.6225082468750001 0.5398900328125 0.6186205124999999 0.3694155453125 0.5903026546875 0.36468485156249997 0.5955590515625 0.363314103125 0.6070321062499999 0.535427203125 0.639473403125 0.5498319984375 0.6406541828125001 0.554755696875 0.6306606140625
4 0.376371596875 0.3974006203125 0.4060556375 0.40047042031249996 0.4288543625 0.3951673359375 0.44547678749999997 0.3862600390625 0.46073632187499997 0.36646191875 0.4633123890625 0.347576240625 0.45430001718749996 0.3248973359375 0.438615046875 0.3107955171875 0.41907383593749997 0.302658334375 0.393053028125 0.2983610671875 0.363010546875 0.3040888703125 0.3435166203125 0.316962090625 0.330990728125 0.3361779796875 0.33021870625 0.35512666406250004 0.341937146875 0.3779000765625 0.357704834375 0.3899716796875 0.376371596875 0.3974006203125
4 0.617459884375 0.39972115 0.623994625 0.394527759375 0.6707933953125 0.310094065625 0.678781603125 0.2913974015625 0.67646154375 0.2818285515625 0.66069385625 0.26975694843750003 0.6358232218750001 0.25940053750000003 0.6232776171875 0.2569292828125 0.6069860593749999 0.2577157171875 0.589296178125 0.270651940625 0.5334574640625 0.33308346875 0.5163111687499999 0.3548487984375 0.51693746875 0.3616476890625 0.5584226671875 0.3854606859375 0.5976429515625 0.3983513546875 0.617459884375 0.39972115
2 0.7350614703125 0.21813805468749997 0.7560837234375 0.212095228125 0.7719144140624999 0.20044947500000002 0.7853699 0.1805883484375 0.8296398921874999 0.1360507359375 0.843040234375 0.1175430875 0.8462150296875001 0.10613303593750001 0.8440328312500001 0.0931804953125 0.8277767062500001 0.07092630625 0.8110242796874999 0.06085341875 0.794843009375 0.05893289375000001 0.77497093125 0.058916578124999994 0.7556975828125 0.0663758875 0.6969952234375001 0.11040945937499999 0.677694303125 0.118545509375 0.6618084671875 0.131544740625 0.6510314765625 0.1521771125 0.6501215953124999 0.1745094890625 0.6626869140625 0.1986678828125 0.6935408421875 0.21736567812500002 0.7350614703125 0.21813805468749997
1 0.5964925203125 0.094023140625 0.546581825 0.010955846875 0.514108996875 0.0098217546875 0.51735865 0.018745368749999998 0.5908440859375 0.14397579375 0.6166246015625 0.13199983125 0.5964925203125 0.094023140625
2 0.8654609359375 0.2545441453125 0.8118477109375 0.2845237171875 0.8023036078124999 0.297066728125 0.800684709375 0.31463043125 0.805683265625 0.3249705265625 0.8135257499999999 0.3320214375 0.836675053125 0.340284628125 0.8674541234375001 0.338648759375 0.898969784375 0.34110482656249996 0.9213273546874999 0.346629559375 0.9447799531250001 0.3474486265625 0.9702020296875 0.3442702640625 0.9858121421874999 0.338038421875 0.992625846875 0.3342787640625 0.9951287859375 0.2267422953125 0.9939972171875 0.22582580624999998 0.9716947906250001 0.21894759531250002 0.9392495375 0.217136765625 0.8981622015624999 0.22790044687500002 0.8749774671875 0.2426778734375 0.8654609359375 0.2545441453125
3 0.5378335812499999 0.2478458953125 0.570018834375 0.21169635156250002 0.58100854375 0.20801395 0.5981194078125001 0.2092892390625 0.6099835687499999 0.2063150765625 0.6296980734375001 0.1880279453125 0.6340781859375 0.1692052734375 0.6265941390624999 0.15335675937499998 0.6071468656250001 0.14672735625 0.5499895328125 0.2171131 0.593001828125 0.142274896875 0.5753908265625001 0.130350359375 0.5442697546875 0.1342167984375 0.5281633421875 0.1526299375 0.52629629375 0.176284290625 0.5406932296875 0.19982895 0.5004922015625 0.25535189375 0.47516469375000003 0.300551059375 0.47368365468749996 0.3147310703125 0.48166400156250005 0.31839828593749997 0.48625683124999997 0.3165255828125 0.5378335812499999 0.2478458953125
0 0.675628359375 0.30230060625 0.6209220234374999 0.39935005156250003 0.6046719703125001 0.40018198437499997 0.5930719125 0.4244763734375 0.8447128046874999 0.5121065359375 0.9278157171875 0.39429934218749996 0.675628359375 0.30230060625
0 0.4056720796875 0.29889665781249997 0.44252835 0.1772995859375 0.1708906875 0.11778895625000001 0.1343106125 0.26821358125 0.3459064796875 0.3111603953125 0.3546600859375 0.3052712375 0.37223575625 0.300991371875 0.3860800859375 0.2993001328125 0.4056720796875 0.29889665781249997