0 0.9586637390625 0.92966581875 0.9842776703125 0.9065494812500001 0.9851757109375001 0.8551007515625001 0.8753242015625 0.943832371875 0.9586637390625 0.92966581875
0 0.8735576640625 0.9427487578125 0.9851914765625001 0.8541976046875 0.990147434375 0.5702709765625 0.9632634828125 0.556336240625 0.7052533546875 0.8137156171875001 0.6234143390625 0.8049468281250001 0.7045172140625 0.8154405984374999 0.7106598749999999 0.842825584375 0.8735576640625 0.9427487578125
0 0.8308907609375 0.5074074000000001 0.962962390625 0.5533083671875 0.748044859375 0.46710895937499997 0.7359097640625001 0.4615207328125 0.4950687546875 0.714629203125 0.5032545390625 0.7262037578125 0.5793300703125001 0.7651835859375 0.8308907609375 0.5074074000000001
0 0.992036028125 0.4620734984375 0.9378890249999999 0.1209021234375 0.7070090203125 0.219135121875 0.8252772531250001 0.5021233109375001 0.8834146031250001 0.514799028125 0.991563921875 0.4891204578125 0.992036028125 0.4620734984375
0 0.4683514796875 0.37591589999999997 0.7199622359375 0.1688645109375 0.5487032140625 0.0466473671875 0.3147933265625 0.2590839109375 0.4683514796875 0.37591589999999997
0 0.274096265625 0.545879740625 0.22885140937499998 0.548122065625 0.127368903125 0.4822814 0.0093273125 0.6565469515625 0.01627694375 0.700335425 0.1228772265625 0.7547158984375 0.30281592968750004 0.5599615359375 0.274096265625 0.545879740625
0 0.4385654625 0.4669485921875 0.41078881562499997 0.4643872953125 0.370236390625 0.4205345140625 0.2179545703125 0.6958606578125 0.2335462390625 0.7471698203125 0.19800576718750001 0.8055503171874999 0.21703825000000002 0.82693515625 0.422574865625 0.7826520359375 0.6152980593749999 0.5046148671874999 0.4427793140625 0.46679436562500004 0.217821384375 0.8226852046875001 0.4385654625 0.4669485921875
4 0.32988383906249996 0.4840746546875 0.3346857953125 0.46817843124999997 0.3322052953125 0.45831828750000003 0.3240135890625 0.4528562359375 0.21237523125000002 0.4128842546875 0.1723877640625 0.403230696875 0.15277363593749999 0.406564821875 0.13353911406250002 0.41805985312500005 0.118400446875 0.4322859109375 0.11060604999999998 0.446634453125 0.11057964218750001 0.463775259375 0.12549774375 0.4770048078125 0.2214854875 0.5395153046875001 0.2385485953125 0.5489529625 0.2469962765625 0.5502587890624999 0.270538509375 0.542829675 0.30244890468749996 0.5188981312500001 0.32988383906249996 0.4840746546875
4 0.263554090625 0.054603659375 0.29255156250000003 0.046932684375 0.31807105468749997 0.0288856734375 0.318644815625 0.026731784375 0.22057417968749998 0.0434024171875 0.23952631875 0.053204421875 0.263554090625 0.054603659375
1 0.30385152031249996 0.3027420875 0.3039133390625 0.3089006546875 0.46460501093750006 0.42141768749999997 0.4732645515625 0.424058403125 0.49275504375 0.40840714375 0.4940084984375 0.404766809375 0.48250655781249996 0.395754734375 0.3366270578125 0.2957997984375 0.322194490625 0.29139860624999997 0.31003056406249996 0.2955226625 0.30385152031249996 0.3027420875
1 0.56466190625 0.4345693421875 0.598073021875 0.43163173125 0.6218712296875 0.42004638749999995 0.6203882125 0.41070214375 0.6118787140624999 0.40323775156249997 0.571847134375 0.39907531406249996 0.5550135890625 0.402622234375 0.5444386078125001 0.41675798124999996 0.5492318578125001 0.4296522515625 0.56466190625 0.4345693421875
1 0.12373146406249999 0.2812655609375 0.1275713453125 0.2881528140625 0.1463557390625 0.2911288046875 0.1597290078125 0.28885553750000004 0.1585019640625 0.27535506249999997 0.16226232499999999 0.2644340625 0.16088465000000002 0.1172959046875 0.157494896875 0.0959376265625 0.147837875 0.09278101718750001 0.1291153 0.0959635921875 0.1259022921875 0.12187150937499999 0.12373146406249999 0.2812655609375
2 0 0.4134608828125 0.018599525 0.41497802968749997 0.048250279687499995 0.422961421875 0.082129228125 0.417202475 0.09832719375 0.409650878125 0.110323375 0.398700809375 0.12147211718749999 0.382411171875 0.1281012890625 0.3607207234375 0.12165727500000001 0.3316561953125 0.1104113078125 0.318487890625 0.089146415625 0.3056517578125 0.066478028125 0.30127963125 0.015024028125 0.305913375 0 0.305298378125 0 0.4134608828125
2 0 0.594913596875 0.048224457812499996 0.5785635859375 0.0567603640625 0.56888716875 0.062771659375 0.55484173125 0.0580666359375 0.53096521875 0.048135937499999996 0.5203151484374999 0.028610034375 0.5126670343749999 0 0.514242521875 0 0.594913596875
2 0.5448991125 1 0.5712847171875 0.9955148171875001 0.587261825 0.9461881453125001 0.5981545953125 0.9340547359375 0.61472316875 0.8942238609375 0.6290762140624999 0.8808168015625 0.6372766265625 0.85748835625 0.6339928031250001 0.8367975265625001 0.6184832359375 0.8140721828125 0.5805966609375 0.8061178609375 0.5596672609375 0.8069337546875 0.5326911609375 0.7984957125000001 0.505944621875 0.803042246875 0.488387275 0.8135667296875001 0.474881665625 0.8323133609375001 0.464209753125 0.8862218453124999 0.4588163328125 0.8926222734374999 0.42703857031250003 0.9693111328124999 0.425079015625 0.9915787187499999 0.4271042984375 1 0.5448991125 1
2 0.10768588906250001 0.8378389109375 0.090402215625 0.8558568531249999 0.08078060312499999 0.8759996171875001 0.07776174999999999 0.8915927390625 0.0825727046875 0.9161366984375 0.089784634375 0.93273254375 0.10213401250000001 0.9470841875 0.12303700312500002 0.9634091031249999 0.1585226 0.9793115374999999 0.20494508281249998 0.977589440625 0.23373069531250001 0.968583575 0.2464683859375 0.9623056296874999 0.260141740625 0.9503850140625 0.2762601859375 0.9250251609375001 0.2808589859375 0.8790035484375001 0.2948501296875 0.8690852687499999 0.298036728125 0.860318159375 0.30778197500000004 0.8524925281250001 0.3028209796875 0.8327722468750001 0.324880196875 0.8159988874999999 0.32471245 0.8091728734375 0.2810264390625 0.8165988828125 0.2741058875 0.819146184375 0.27363805625 0.821967521875 0.21730257968750002 0.824689234375 0.197397071875 0.8088802140625001 0.1857009765625 0.8101829328125 0.1381927875 0.8223713765625 0.12278044375 0.829103975 0.10768588906250001 0.8378389109375
2 0.135432546875 1 0.15947596875 0.9853185515625 0.1640837671875 0.979737121875 0.1224632390625 0.9655629921875001 0.10344928281250002 0.949602421875 0.08857529374999999 0.9308817546875 0.0789887953125 0.9050932156249999 0.07999498125 0.8768186140625 0.09265315156250001 0.852732415625 0.1075799578125 0.8371714640624999 0.10851562343750001 0.8315287937500001 0.090313696875 0.797608415625 0.05785595 0.8065530421875 0.03494929375 0.8179868328125 0.0638364390625 1 0.135432546875 1
3 0.143742903125 0.29774202656250004 0.13038733593750002 0.31166498125 0.1324618203125 0.330505025 0.14360185781249998 0.343005884375 0.16145058750000002 0.351624546875 0.17456788437499998 0.3535075078125 0.1923989078125 0.3504764828125 0.20639005312499997 0.34055820468750003 0.222182003125 0.3419865109375 0.2313711921875 0.347964459375 0.2387154609375 0.348086940625 0.29850250625 0.3728820734375 0.3049111125 0.378647228125 0.36722276875 0.4078113796875 0.376350140625 0.4076307609375 0.3776477078125 0.3984993078125 0.359525303125 0.3823871828125 0.3290271078125 0.36906422499999997 0.30744442968749996 0.35422575156249997 0.292800003125 0.3484896671875 0.238300446875 0.3166266609375 0.236358303125 0.2813132546875 0.2322006328125 0.2724236625 0.22379706562499999 0.2656267171875 0.2128247734375 0.25995187343750004 0.191153865625 0.25609564375 0.16525476875 0.2659817484375 0.1599672765625 0.2730496234375 0.1600909109375 0.28536675625 0.1546533765625 0.29725830468750003 0.143742903125 0.29774202656250004