0 0.607400721875 0.29722410312499997 0.593862815625 0.29587000625000004 0.4232851984375 0.3067027765625 0.398014440625 0.31076506406250004 0.3962093859375 0.341909275 0.4025270765625 0.5463777921874999 0.5523465703125 0.547054840625 0.6146209390624999 0.542992553125 0.6146209390624999 0.429925525 0.607400721875 0.29722410312499997
1 0.3808664265625 0.3378469875 0.36823104687499997 0.3337846984375 0.3583032484375 0.3425863234375 0.29061371875 0.45497630312500004 0.2888086640625 0.46716316874999997 0.308664259375 0.4719025046875 0.37635379062499996 0.36628300625 0.3862815890625 0.3466486125 0.3862815890625 0.341232228125 0.3808664265625 0.3378469875
2 0.25270758125000004 0.2112389984375 0.2707581234375 0.20920785312499998 0.2942238265625 0.1990521328125 0.3104693140625 0.1882193640625 0.3185920578125 0.17738659375000002 0.31768953125 0.169939065625 0.24187725625 0.0480704125 0.23104693125 0.0352065 0.22021660625 0.0304671625 0.215703971875 0.025050778125 0.20938628124999997 0.025050778125 0.1570397109375 0.0392687875 0.1552346578125 0.044685171875 0.1435018046875 0.050101557812499996 0.134476534375 0.058903182812499996 0.1254512640625 0.060934326562499995 0.1227436828125 0.056194990624999996 0.120938628125 0.0595802296875 0.11642599218750001 0.07244414375 0.1191335734375 0.07921462500000001 0.1444043328125 0.095463778125 0.1498194953125 0.10765064375 0.2445848375 0.20853080624999998 0.25270758125000004 0.2112389984375
2 0.6525270765625 0.2660798921875 0.675090253125 0.2153012859375 0.6543321296875 0.20379146874999998 0.5956678703125 0.185511171875 0.47743682343750005 0.1421800953125 0.47021660625 0.148950575 0.45848375468749997 0.169939065625 0.43772563125 0.22884224843749998 0.4395306859375 0.2450914015625 0.46299639062500003 0.24576845 0.542418771875 0.2633717 0.6353790609375001 0.2789438046875 0.642599278125 0.277589709375 0.6525270765625 0.2660798921875
2 0 0.3568043328125 0.0207581234375 0.359512525 0.03519855625 0.3581584296875 0.069494584375 0.36628300625 0.07220216562500001 0.369668246875 0.091155234375 0.37034529374999997 0.10830324843750001 0.3615436703125 0.110108303125 0.35545023750000004 0.12635379062500002 0.3425863234375 0.134476534375 0.3249830734375 0.0956678703125 0.277589709375 0.0866426 0.2762356125 0.075812275 0.262017603125 0.053249096875 0.24170616093750003 0.03519855625 0.2329045359375 0.0036101078125 0.22681110312500002 0 0.22748815156250002 0 0.3568043328125
0 0 0.525389303125 0.080324909375 0.582261340625 0.091155234375 0.5863236296875 0.0956678703125 0.5924170609375 0.1064981953125 0.589031821875 0.150722021875 0.552471225 0.1579422375 0.55044008125 0.161552346875 0.552471225 0.1624548734375 0.5436696000000001 0.1687725625 0.5348679749999999 0.2111913359375 0.49492213906250004 0.2626353796875 0.45429925468750004 0.289711190625 0.42721733281249996 0.289711190625 0.41909275625 0.2788808671875 0.4096140828125 0.1543321296875 0.33310765 0.1462093859375 0.33107650624999996 0.1272563171875 0.345294515625 0 0.4603926875 0 0.525389303125
0 0.3971119140625 0.7488151656250001 0.4097472921875 0.7501692624999999 0.430505415625 0.744752878125 0.435920578125 0.7373053484375001 0.43501804999999993 0.7271496281250001 0.3862815890625 0.5727826671875 0.36166245468749997 0.5057664187500001 0.3518835734375 0.4886574140625 0.329882671875 0.49415707500000006 0.33395667812499996 0.5118767765625 0.16772563125 0.5454840890625 0.24187725625 0.7745429921875 0.2671480140625 0.773188896875 0.36462093906250004 0.7569397421875 0.3971119140625 0.7488151656250001
1 0.5108303249999999 0.58564658125 0.52436823125 0.5639810421875 0.50812274375 0.5605958015625 0.43321299687500003 0.689911984375 0.43231046875 0.69532836875 0.438628159375 0.7007447531250001 0.45126353750000003 0.7020988484374999 0.4566787 0.6966824640625 0.5072202171875 0.6140825999999999 0.5108303249999999 0.58564658125
1 0.542418771875 0.696005415625 0.5604693140625 0.68178740625 0.564079421875 0.6716316859375 0.547833934375 0.6607989171875001 0.5433213 0.6614759640625001 0.4052346578125 0.759647934375 0.4043321296875 0.7637102234375 0.41064981874999995 0.7725118484375 0.41877256249999995 0.7758970890625 0.42689530624999994 0.7725118484375 0.5207581234374999 0.7068381859375 0.542418771875 0.696005415625
4 0.8167870031250001 0.5104942453125 0.819494584375 0.4827352734375 0.81498195 0.474610696875 0.8077617328125 0.470548409375 0.685920578125 0.44482058281250003 0.66064981875 0.442112390625 0.6489169671874999 0.4576844953125 0.6380866421875 0.49424509062500005 0.637184115625 0.51997291875 0.6416967515625001 0.5267433984375 0.7229241875 0.53283683125 0.7942238265625 0.534190928125 0.8068592062500001 0.5267433984375 0.8167870031250001 0.5104942453125
0 0.7707581234374999 0.4624238328125 0.795126353125 0.465809071875 0.849277978125 0.2999322953125 0.8538366421875001 0.2857650640625 0.8564981953125 0.2660798921875 0.8510830328125 0.2633717 0.8438628156249999 0.26540284375 0.835740071875 0.2613405546875 0.72021660625 0.2450914015625 0.707581228125 0.24441435312499998 0.68597563125 0.24115910624999998 0.623646209375 0.4312796203125 0.6227436828124999 0.4414353421875 0.6254512640625001 0.44346648593750004 0.653429603125 0.44685172656249994 0.656137184375 0.44346648593750004 0.674187725 0.4400812453125 0.7707581234374999 0.4624238328125
3 0.81498195 0.605280975 0.8231046937500001 0.610697359375 0.825812275 0.6201760328125 0.8366426 0.6323628984375 0.8555956671875 0.6411645234375001 0.8880866421875 0.6398104265625 0.903429603125 0.6310088015625 0.9079422375 0.6242383203124999 0.908844765625 0.6134055515625 0.8888754515624999 0.5974170609375 0.9151624546875 0.5917400140625 0.9151624546875 0.580230196875 0.903429603125 0.5673662828125 0.8898916968749999 0.5619498984375 0.8745487359374999 0.5599187546875 0.8528880859375001 0.5619498984375 0.8240072203125001 0.58090724375 0.7617328515625 0.5781990515625 0.677797834375 0.56804333125 0.6597472921875001 0.5693974265625 0.66064981875 0.5761679078124999 0.6669675093749999 0.5795531484375 0.6976534296875 0.5870006765625 0.7879061375 0.6005416390625 0.8023465703125 0.605280975 0.81498195 0.605280975
0 0.7761732859375 0.6723087343749999 0.631768953125 0.622884225 0.6110108296875 0.6411645234375001 0.58393501875 0.6486120515625 0.5027075812499999 0.78740690625 0.5018050546875 0.790792146875 0.5063176890625 0.7941773859375 0.5252707578125 0.8016249156249999 0.6588447656249999 0.8503723765625001 0.6732851984375 0.8530805687499999 0.7761732859375 0.6723087343749999
4 0.6110108296875 0.6384563296875 0.631768953125 0.62085308125 0.6380866421875 0.608666215625 0.6380866421875 0.589031821875 0.626353790625 0.5693974265625 0.6055956671875 0.5551794171875 0.5848375453125 0.5497630328125 0.5631768953125 0.5497630328125 0.5397111906250001 0.555856465625 0.5198555953125 0.5714285718750001 0.5108303249999999 0.5897088687500001 0.5117328515625 0.6113744078125001 0.5207581234374999 0.6255924171875 0.5379061375 0.6384563296875 0.561371840625 0.645903859375 0.58393501875 0.6465809078125 0.6110108296875 0.6384563296875
4 0.8176895312499999 0.5091401484375 0.819494584375 0.4820582265625 0.81227436875 0.472579553125 0.797833934375 0.46784021718749996 0.6841155234375 0.44414353437500004 0.66064981875 0.442112390625 0.6489169671874999 0.45700744687499995 0.6380866421875 0.49356804375 0.637184115625 0.520649965625 0.642599278125 0.527420446875 0.79061371875 0.5348679749999999 0.7987364625 0.53283683125 0.8113718406249999 0.5213270140625 0.8176895312499999 0.5091401484375
2 0.9566787 0.3865944484375 0.9990974734375 0.3832092078125 0.9990974734375 0.26066350781250003 0.9882671484375001 0.2586323625 0.9593862812499999 0.26066350781250003 0.9259927796874999 0.27420446875 0.9061371843750001 0.2911306703125 0.8862815890625001 0.32227488125 0.8537906140624999 0.3581584296875 0.854693140625 0.3730534875 0.8610108296875 0.3832092078125 0.8664259921875 0.38862559218750004 0.884476534375 0.39675016875 0.9124548734375001 0.39675016875 0.9566787 0.3865944484375
2 0.9756317687499999 0.5741367640624999 0.9990974734375 0.570074475 0.9990974734375 0.47596479374999995 0.9530685921875 0.47325660156250005 0.9268953062499999 0.47799593749999997 0.903429603125 0.49424509062500005 0.8944043328125 0.5118483406250001 0.8962093859375001 0.5389302640625 0.903429603125 0.55044008125 0.9160649812500001 0.5605958015625 0.9296028875 0.56804333125 0.9503610109375 0.5734597156250001 0.9756317687499999 0.5741367640624999
1 0.9079422375 0.60731211875 0.91064981875 0.6181448890625 0.9990974734375 0.7427217328125 0.9990974734375 0.6966824640625 0.930505415625 0.599864590625 0.9079422375 0.60731211875