2 0.1539859859375 0.5471779984375 0.07979733125 0.4953415109375 0.0362742109375 0.4596025640625 0.029561259375 0.4620364671875 0.0156573578125 0.49074357968750004 0.0029382749999999997 0.50504659375 0.0041225484375 0.7086059359375 0.046502092187499997 0.715218965625 0.060190189062499996 0.7151713390625 0.0727216203125 0.7101727234374999 0.1229352265625 0.621879096875 0.156841275 0.5530605140625 0.1539859859375 0.5471779984375
2 0.302967865625 0.76921480625 0.347205890625 0.7756841328124999 0.4042134703125 0.7775264484375 0.41562435156250005 0.7701028375 0.40866275781250005 0.7573945453125 0.409022440625 0.7418603921875 0.366281559375 0.7628869921875 0.345864284375 0.7599011890625 0.285858065625 0.6084808890625 0.23392716562500002 0.727944853125 0.220642390625 0.736393040625 0.25362507343749996 0.761998959375 0.302967865625 0.76921480625
2 0.4049482078125 0.7334708625 0.4142958515625 0.746774696875 0.4978581765625 0.7392648984375 0.51404568125 0.722148190625 0.5067568390625 0.699000421875 0.4049482078125 0.7334708625
2 0.8048822078125 0.8609629109375 0.8709917828125 0.864482634375 0.9015933578125 0.8607603390625 0.9104565656249999 0.8559084046875001 0.911359828125 0.849209296875 0.90143906875 0.8416104125 0.8771954875000001 0.7711192812500001 0.8461110265625 0.6634223796875001 0.7676594609375 0.6567315359375 0.7591575578125 0.6589038265625 0.7470689703125 0.667382803125 0.7436541484375 0.679179584375 0.73830098125 0.8068233250000001 0.736042825 0.8235710968750001 0.728779125 0.83685438125 0.734137184375 0.844469140625 0.7496957671875 0.850843134375 0.8048822078125 0.8609629109375
2 0.9959726078125 0.5869687046875 0.97637570625 0.590250953125 0.9519363406249999 0.602388725 0.9436966281249999 0.609381196875 0.9412666078124999 0.620638875 0.9556421625 0.642551628125 0.9804364906249999 0.7021933765624999 0.9959726078125 0.5869687046875
0 0.74958931875 0.6554552140625 0.6743631328124999 0.645137325 0.66399074375 0.6408879953125 0.654340965625 0.6312793796875 0.64515160625 0.6114912921875 0.641148440625 0.5938278703125001 0.643849440625 0.5805604609375 0.6404521937500001 0.5786974078125 0.63570884375 0.5800531078125 0.6167906109375 0.612125646875 0.616601171875 0.6202953859375 0.6227545906249999 0.635540778125 0.6191679046874999 0.641847465625 0.6067267984375 0.6461761703125 0.5915934828125 0.6569423703124999 0.5795136828125 0.6585914328125 0.5504125046875 0.6782449078125 0.6673001078125 0.7110502046875 0.7474302749999999 0.664703159375 0.74958931875 0.6554552140625
4 0.659970003125 0.6368844046875 0.6736493109375 0.643666696875 0.7561216187500001 0.6543611312500001 0.8472764796875 0.661543453125 0.8700899734374999 0.6614640781250001 0.8874550828125001 0.6544398546875 0.9004469343749999 0.63926176875 0.905577953125 0.614736678125 0.9017554406249999 0.5957334359375 0.88316970625 0.5779868312499999 0.81699616875 0.554647271875 0.6993947406250001 0.5203713421875 0.6827434546875 0.5288661953125 0.65139290625 0.558437525 0.644481725 0.575871084375 0.6447263390625 0.5943510984375 0.6467599015625 0.613092728125 0.653003646875 0.627668209375 0.659970003125 0.6368844046875
1 0.5236109734375 0.579371778125 0.5576010078125 0.5843424484375 0.5720117140625 0.5789355359374999 0.57426108125 0.5690176796874999 0.5874526125 0.32912227656250004 0.581118540625 0.31521670468749996 0.5652889796875 0.3108524453125 0.5489174593749999 0.3105076484375 0.5371901765625 0.31630698125 0.528781046875 0.3854386109375 0.511729403125 0.5660211859375 0.513599890625 0.5724428046875001 0.5236109734375 0.579371778125
1 1 0.46658177500000003 0.9667937875 0.45837375781249995 0.7693043625 0.4212956421875 0.727986671875 0.4097884203125 0.6754836531249999 0.400061065625 0.66455173125 0.41349103437499996 0.6620225953125 0.43224853906250005 0.6663958546875001 0.44040239999999997 0.9950117265625 0.49938880937499996 1 0.49528673124999995 1 0.46658177500000003
0 1 0.07180197656250001 0.95683199375 0.0654891265625 0.8053318546874999 0.302919528125 0.749850515625 0.3829284828125 0.745704296875 0.40691446875 0.7484692578125001 0.41346689531249997 0.7596457937500001 0.418516940625 0.9305719640625 0.44966110937500003 1 0.46505298437500003 1 0.07180197656250001
0 0.388279696875 0.20982355312499998 0.410921325 0.20425408437499998 0.4505579703125 0.20116994843749997 0.481611175 0.1940980984375 0.5166851234375 0.19102983906249998 0.82128200625 0.144035715625 0.8309493625 0.1399845 0.8408789062500001 0.14075346875 0.8578827109375 0.1364088859375 0.8602224046875 0.12582111875 0.854276003125 0.0887461578125 0.853072953125 0.050315498437499995 0.5300986109375 0.0030840234375 0.06535663124999999 0.00038023437500000004 0.0449909265625 0.1514238734375 0.10887994375000001 0.2120009546875 0.13060073125 0.22679042656249998 0.1640488078125 0.23578056093750002 0.18220927656250002 0.23638697187500002 0.388279696875 0.20982355312499998
0 0.6186004859375 0.617400325 0.6302235625 0.587459315625 0.6487588109375 0.5544727671875 0.6830208578125 0.5254085046875 0.7263212453125 0.49360963125 0.75535708125 0.47919637968749995 0.6039100078125 0.54953653125 0.6119151421875 0.5223119390625001 0.618526625 0.505430234375 0.6390504031249999 0.4978849203125 0.6631912296875 0.487623059375 0.7030790140625001 0.46506095781249995 0.6751361375 0.45529515624999994 0.6207024703124999 0.46518338750000005 0.5877277546874999 0.4847000828125 0.5826181265625 0.49044317968750006 0.5738013640624999 0.5719063140625 0.5559299390625 0.5838965546875 0.53786334375 0.5812545109375 0.5161898703125 0.5732170890625 0.5175844171875 0.5628743328125 0.51885461875 0.4811184625 0.451506521875 0.3617448890625 0.41930203906249996 0.35946929375000003 0.3556629671875 0.4215570203125 0.3059837390625 0.5408543234375001 0.27329635625000004 0.5536467328125 0.3461298203125 0.765528625 0.373029503125 0.7589150359375 0.622006184375 0.640367559375 0.6186004859375 0.617400325
0 0.1479348046875 0.5395964531249999 0.186387634375 0.5598228203125 0.2298225359375 0.5913251328125 0.24026559218750002 0.5701358390625 0.26087643125 0.5780178640625 0.26558644062500003 0.5511222609375 0.27482922187500003 0.5549078749999999 0.31131368125000003 0.533470484375 0.3910540046875 0.3439302203125 0.2456072078125 0.28939704375 0.18824993125 0.256669596875 0.14203681562499998 0.23774233125 0.1052902859375 0.212897578125 0.051238212500000005 0.171729884375 0.046373528125 0.151546821875 0.0027112390625 0.466022375 0.0028917734375 0.49705373125 0.0186439484375 0.48580281562499994 0.0225929078125 0.47258811093749997 0.029310712500000002 0.454911090625 0.0773088046875 0.4927595 0.10491976875 0.513023453125 0.1479348046875 0.5395964531249999