1 0.055956678125000006 0 0.055956678125000006 0.00203114375 0.1272563171875 0.215978334375 0.131768953125 0.22139471875 0.1462093859375 0.22139471875 0.1624548734375 0.21733243125 0.1633574 0.21259309375000002 0.09657039687499999 0 0.055956678125000006 0
1 0.2490974734375 0.1604603921875 0.1471119140625 0 0.1064981953125 0.001354096875 0.21660649843750002 0.1726472578125 0.2247292421875 0.18009478750000002 0.2373646203125 0.17738659375000002 0.25180505468750003 0.169939065625 0.2490974734375 0.1604603921875
1 0.1525270765625 0 0.1525270765625 0.0027081921875000002 0.2481949453125 0.154366959375 0.2481949453125 0.1584292484375 0.2599277984375 0.1672308734375 0.28519855625 0.1577522 0.281588446875 0.1462423828125 0.2292418765625 0.0649966140625 0.19223826718749998 0 0.1525270765625 0
1 0.1949458484375 0 0.1949458484375 0.0027081921875000002 0.20126353749999998 0.0081245765625 0.204873646875 0.018957345312500002 0.289711190625 0.1584292484375 0.2987364625 0.169939065625 0.30685920625 0.169939065625 0.327617328125 0.1618144890625 0.32851985625 0.1577522 0.2355595671875 0 0.1949458484375 0
0 0 0.404874746875 0.1064981953125 0.382532159375 0.1633574 0.3689911984375 0.18321299687499998 0.3615436703125 0.059566787499999996 0.10765064375 0.055956678125000006 0.10358835468750001 0.04602888125 0.1015572109375 0.00270758125 0.1103588359375 0 0.11103588281250001 0 0.404874746875
0 0.653429603125 0.5220040625 0.5018050546875 0.24238320937500002 0.45397111875 0.25660121875 0.2445848375 0.33107650624999996 0.2400722015625 0.334461746875 0.2436823109375 0.345294515625 0.379061371875 0.547054840625 0.4232851984375 0.6079891671875 0.620938628125 0.5362220718749999 0.653429603125 0.5220040625
0 0.454873646875 0 0.349277978125 0.0819228171875 0.349277978125 0.0907244421875 0.3916967515625 0.131347325 0.406137184375 0.14082599843750002 0.4079422375 0.1462423828125 0.41696750937499993 0.1496276234375 0.4259927796875 0.159106296875 0.4395306859375 0.166553825 0.44314079375000004 0.1740013546875 0.457581228125 0.18212593125 0.46119133593750006 0.1888964109375 0.48465703906249996 0.2064996609375 0.49729241875 0.222748815625 0.5027075812499999 0.235612728125 0.618231046875 0.3371699390625 0.6299638984375 0.3446174671875 0.637184115625 0.343263371875 0.8005415156250001 0.2329045359375 0.81498195 0.2254570078125 0.8240072203125001 0.22681110312500002 0.825812275 0.22951929531249998 0.8447653421875 0.2200406234375 0.8456678703125 0.21665538281250002 0.830324909375 0.1956668921875 0.661552346875 0.01963439375 0.6471119140625 0.0054163843750000005 0.637184115625 0 0.454873646875 0
0 0.9548736468750001 0 0.7662454875 0.001354096875 0.879061371875 0.060257278125 0.8971119140624999 0.0649966140625 0.911552346875 0.05687203749999999 0.9232851984374999 0.044008124999999995 0.9548736468750001 0
4 0.9990974734375 0.062288421875 0.9936823109375 0.06296547031250001 0.9205776171875 0.10426540312499999 0.8989169671875 0.12186865312499999 0.8898916968749999 0.13811780625 0.8916967515625001 0.16452268125 0.8989169671875 0.1746784015625 0.9133574 0.184157075 0.93772563125 0.1888964109375 0.9990974734375 0.1888964109375 0.9990974734375 0.062288421875
4 0.7996389890625 0.4366960046875 0.824909746875 0.4224779953125 0.838447653125 0.40419769843750003 0.83935018125 0.380501015625 0.8267148015625001 0.3615436703125 0.77436823125 0.334461746875 0.7400722015625 0.3229519296875 0.7193140796875 0.3215978328125 0.7003610109375 0.32566012187500004 0.6850180499999999 0.332430603125 0.674187725 0.341232228125 0.6732851984375 0.3493568046875 0.6570397109375 0.36086662187499996 0.6543321296875 0.3676371015625 0.6543321296875 0.3906567359375 0.6678700359375 0.41029113125 0.6850180499999999 0.4211239 0.7463898921875 0.43737305312499997 0.77436823125 0.44075829375 0.7996389890625 0.4366960046875
0 0.2788808671875 0.722410290625 0.41064981874999995 0.6844955984375 0.430505415625 0.6736628296875 0.42870036093749997 0.6533513875 0.3998194953125 0.595125253125 0.36732852031249996 0.5416384562500001 0.357400721875 0.516587678125 0.3185920578125 0.4603926875 0.3077617328125 0.4603926875 0.1380866421875 0.5016926203125001 0.1245487359375 0.5125253890625 0.1227436828125 0.518618821875 0.1272563171875 0.5301286390625 0.20848375468749997 0.6560595796875 0.2481949453125 0.72579553125 0.25812274375 0.7271496281250001 0.2788808671875 0.722410290625
2 0.6064981953124999 0.7102234265625 0.674187725 0.704807040625 0.7030685921875001 0.704807040625 0.7129963906250001 0.70819228125 0.715703971875 0.7061611375 0.7084837546875 0.6560595796875 0.69314079375 0.603926878125 0.6850180499999999 0.5870006765625 0.6055956671875 0.605280975 0.54061371875 0.6134055515625 0.5072202171875 0.6222071765625 0.45126353750000003 0.63168585 0.44494584843749996 0.637102234375 0.446750903125 0.6784021671875 0.45397111875 0.7014218015625 0.4620938625 0.7109004734375 0.54602888125 0.7109004734375 0.5947653421875 0.7075152328125001 0.6064981953124999 0.7102234265625
2 0.8240072203125001 0.645903859375 0.8637184109374999 0.6418415703125 0.903429603125 0.6255924171875 0.9268953062499999 0.6059580234374999 0.9404332125 0.5815842921875001 0.9422382671875 0.553825321875 0.9287003609375001 0.5280974953124999 0.9025270765625001 0.5104942453125 0.8736462093749999 0.5016926203125001 0.8510830328125 0.5016926203125001 0.7870036093749999 0.47799593749999997 0.7481949453125 0.470548409375 0.7283393499999999 0.47528774531250007 0.70397111875 0.49763033125 0.704873646875 0.52877454375 0.7319494578125 0.5693974265625 0.7436823109375 0.6046039265625 0.75812274375 0.622884225 0.782490975 0.6377792828125 0.8240072203125001 0.645903859375
2 0 0.8111035890625 0.01895306875 0.8171970203125 0.062274368749999996 0.8199052124999999 0.083032490625 0.8171970203125 0.10559566718749999 0.8104265406250001 0.131768953125 0.7941773859375 0.1471119140625 0.7718347999999999 0.148014440625 0.7413676375 0.16606498125 0.6892349359375001 0.17689530625 0.66892349375 0.1796028875 0.6418415703125 0.166967509375 0.6269465125 0.1462093859375 0.617467840625 0.11642599218750001 0.6154366953125 0.0956678703125 0.622884225 0 0.6919431281249999 0 0.8111035890625
2 0.0685920578125 0.49424509062500005 0.05234657031249999 0.470548409375 0.027978339062500003 0.45497630312500004 0.0018050546875 0.44685172656249994 0 0.566689234375 0.029783393749999998 0.555856465625 0.05866425937500001 0.5409614078125 0.0685920578125 0.52877454375 0.0712996390625 0.51523358125 0.0685920578125 0.49424509062500005
2 0.9990974734375 0.43060257343749997 0.9990974734375 0.28165199687500003 0.9620938625000001 0.28571428593750003 0.914259928125 0.29790115156249997 0.8962093859375001 0.3087339203125 0.8835740078125 0.3263371703125 0.8808664265624999 0.3466486125 0.8853790609375001 0.362897765625 0.919675090625 0.38388625625 0.9503610109375 0.398104265625 0.9873646203125 0.42789438124999996 0.9990974734375 0.43060257343749997