2 0.719863765625 0.7331785562500001 0.7360949625 0.7342334546875 0.7859776171874999 0.617570059375 0.7954741578125 0.5907050218750001 0.7937993546875 0.58321738125 0.7776863203125 0.575393721875 0.7309983812499999 0.5607641328125 0.7147671859375 0.5597092375 0.711122178125 0.561655859375 0.6342978125000001 0.6702435828125 0.62230679375 0.684861840625 0.6159428015625 0.6874223359375 0.6167742953124999 0.6915045953125001 0.64180488125 0.705630153125 0.6902267015625 0.7243630015625 0.719863765625 0.7331785562500001
2 0.5631533828124999 0.9705972812500001 0.579360946875 0.97300593125 0.6452590218750001 0.97318526875 0.65351050625 0.9659286406250001 0.6536286671875 0.9591598781249999 0.6665102593750001 0.9452394953125 0.6659269046875 0.9269428375000001 0.651058925 0.8995107671874999 0.6457154859375 0.895323503125 0.6013242390625 0.8008435234375 0.5860899609375 0.7943946171875 0.569846946875 0.79401659375 0.5354025328125 0.802017940625 0.5189468296874999 0.8138236890625 0.518675059375 0.829391840625 0.5452075703125 0.912621778125 0.5524192359375 0.9649302578125001 0.5631533828124999 0.9705972812500001
2 0.2441608359375 0.9889051468750001 0.27209946406249996 0.9915868124999999 0.3010231984375 0.989551346875 0.3282484953125 0.9813819921875 0.36476946093749996 0.9578545 0.37693772187499996 0.93308309375 0.37737491875 0.908038675 0.3571044171875 0.8798037234375 0.341428578125 0.8469356421875001 0.3352063796875 0.8413736234375 0.3203265859375 0.8146184312500001 0.31228779218749997 0.8096912875 0.252694628125 0.8103358343749999 0.23344904375 0.8268167140625 0.21140612656250002 0.9001131921875001 0.197551246875 0.9180738328125001 0.194619571875 0.930871478125 0.19599896875 0.9552810234375 0.20038094062499998 0.96283166875 0.2208404984375 0.9802366015624999 0.2441608359375 0.9889051468750001
1 0.4891076140625 0.6614473750000001 0.4873973625 0.6559903625 0.4640533953125 0.6486755703125 0.30033839375000004 0.61507079375 0.29301293125 0.6209946703125 0.2918860359375 0.6338343171874999 0.47535907968749996 0.673316128125 0.48440660781249995 0.6721723890625 0.4891076140625 0.6614473750000001
1 0.36686144375 0.4243080359375 0.3651157453125 0.42088165312500003 0.3311557921875 0.40113107187499997 0.165895965625 0.35259301875000004 0.1505553421875 0.352235996875 0.1439432125 0.36901089531250003 0.3550004015625 0.4314806578125 0.36221951875 0.43164866718750006 0.36686144375 0.4243080359375
1 0.261084071875 0.3297537265625 0.2773507171875 0.328777996875 0.2802114953125 0.320041609375 0.27774065000000003 0.30644108281250004 0.261533084375 0.30403243125 0.03761048125 0.3062697671875 0.034856048437499995 0.3089142671875 0.0355221171875 0.3224727921875 0.03992771875 0.328669684375 0.050744578124999995 0.32959857656249997 0.261084071875 0.3297537265625
0 0 0.5367935296875 0.004562925000000001 0.5445350296875 0.03560301875 0.576406378125 0.0622965921875 0.598696453125 0.08177104843750001 0.6208185171875 0.10490232656250001 0.640317084375 0.1165388625 0.646005109375 0.1192814796875 0.644037484375 0.1246721859375 0.6455172453125 0.1329473015625 0.6369068640625 0.2757686359375 0.5745470640625 0.291964384375 0.577632590625 0.3008464859375 0.5859651171875 0.313598103125 0.579490371875 0.303017565625 0.56502395625 0.304014484375 0.5596299484375 0.29960888125 0.55343305625 0.28185649218750003 0.5360911265625 0.27840054375 0.52720773125 0.26248838124999996 0.507877175 0.23491605 0.484212346875 0.2199299109375 0.4635490390625 0.16906261250000001 0.40090629218749996 0.1552725296875 0.39229769999999997 0.1420439046875 0.3743839015625 0.1075124109375 0.3356597859375 0.098571228125 0.330711640625 0.08228094999999999 0.33304112343750003 0.07405309843749999 0.3389439984375 0.0077060125 0.364485959375 0.0021262484375 0.3738362171875 0 0.4956365671875 0 0.5367935296875
0 0.6847992703125 0.5698462156249999 0.684003225 0.563733328125 0.6768431890625 0.5601809359375001 0.6759998796875 0.5567755546875001 0.62610413125 0.519048171875 0.5166817531250001 0.42644048593750006 0.4685553359375 0.3907857328125 0.4583809109375 0.4047691203125 0.436416340625 0.421863871875 0.3947291765625 0.4310509609375 0.3783443703125 0.438795453125 0.3609390140625 0.45328770625 0.353684446875 0.45515032499999997 0.3033795 0.4925772015625 0.2941429140625 0.5045509609375001 0.2958886140625 0.50797734375 0.5143154421875 0.665419790625 0.5295615375 0.67119181875 0.6847992703125 0.5698462156249999
0 0.75733310625 0.5518969031250001 0.7672475765625 0.5528047921875 0.7862922859375 0.5478308078125 0.7945319546875 0.5412510578124999 0.8590344484375001 0.4662341296875 0.8654102578125 0.4629967578125 0.866454440625 0.4548952453125 0.6642749890624999 0.3492944140625 0.6597157765625 0.3518969125 0.6577692046875 0.35997742499999996 0.6300003640625 0.3992830859375 0.6271395859375 0.40801947031249997 0.617997528125 0.414578221875 0.6114799265624999 0.425938109375 0.592269790625 0.4403883609375 0.5733786890625 0.43656295468749995 0.5604380156250001 0.4538677171875 0.563062471875 0.4586688546875 0.694638478125 0.5233517703125 0.727404365625 0.5339330171875 0.75733310625 0.5518969031250001
4 0.580585990625 0.43740783906249997 0.597743209375 0.4371299859375 0.620787409375 0.40990309375 0.6615678203125 0.3492314109375 0.669961096875 0.33385227031250003 0.6683571921875 0.322303371875 0.646983428125 0.3055543125 0.6254796859375 0.2962508921875 0.6029553937500001 0.293695234375 0.5947866234375 0.296213728125 0.5076534921875 0.37476688125 0.4984523546875 0.3847100109375 0.49832237656249995 0.39215564999999997 0.517903178125 0.40818582968749995 0.546519690625 0.42374914375 0.580585990625 0.43740783906249997
4 0.3749829515625 0.4244970484375 0.404726359375 0.42722071718750004 0.4300877984375 0.422393740625 0.450153059375 0.41067199531250004 0.46399612343749996 0.39338823125 0.4671050390625 0.37043744375 0.4549324140625 0.3437452546875 0.44337859062499996 0.333319096875 0.42278905624999996 0.32335980000000003 0.38766675625 0.3184794984375 0.3541011 0.3278555953125 0.3403880140625 0.337693721875 0.3311868765625 0.3476368515625 0.32554803125 0.3603714921875 0.3260959375 0.380698778125 0.3365701296875 0.4012570796875 0.3499051 0.41307899375 0.3749829515625 0.4244970484375
2 1 0.33211451875 0.9933237984375 0.323771925 0.9728169765624999 0.309074496875 0.9521565437499999 0.30317645625 0.9277802078124999 0.3032863 0.8515777328125 0.32453598906250003 0.8144852281249999 0.3290899484375 0.7890883421875 0.335947553125 0.779981734375 0.34047567500000003 0.7698427578125 0.35242843281249997 0.7669701625 0.361841696875 0.7685386203125 0.3754212234375 0.7809239375 0.389929640625 0.79617003125 0.3957016703125 0.8151083968749999 0.3968195734375 0.913043484375 0.4234762484375 0.9382867609375 0.4254180359375 0.9500532749999999 0.4236604234375 0.9800684546875 0.41081593906249997 1 0.38958990937500004 1 0.33211451875
2 0.7081288671875 0.267702575 0.7397952171875 0.2636994828125 0.7671386765625 0.24876136875000002 0.8634536765625 0.21308242812499997 0.878128234375 0.1998809234375 0.88654514375 0.18314803125 0.8876720390624999 0.1703083828125 0.882529471875 0.154614221875 0.8638865093750001 0.13657441718750002 0.8486640484375 0.12944863281250002 0.8279090859375 0.12896560625 0.7417330609375 0.1526917859375 0.69560484375 0.157712609375 0.680146059375 0.16412434843749998 0.6609122921874999 0.179928353125 0.65247175 0.19801500156250001 0.6520581859375 0.2217056671875 0.6633875031249999 0.24499247343750002 0.6785154343750001 0.2575332671875 0.7081288671875 0.267702575
1 0.6296240578125001 0.16227140625 0.570979271875 0.005161796875 0.539395634375 0.004426753125 0.54020349375 0.0098627640625 0.60055853125 0.17242938593749998 0.626822359375 0.16762341249999999 0.6296240578125001 0.16227140625
3 0.5164441531249999 0.2849103546875 0.565027034375 0.2427033421875 0.5813645765625 0.237666353125 0.6020840875 0.2401800109375 0.6120458234374999 0.23838039531250002 0.631267775 0.22325326875 0.6387468484375 0.2085300015625 0.63633508125 0.19154509375 0.6283671843749999 0.182556690625 0.6167070156250001 0.17822241875 0.6132274343749999 0.170692775 0.5472718953125 0.2399986484375 0.599691590625 0.17037775625 0.601626346875 0.1629741203125 0.5989428109375 0.16155736406250001 0.5854896796875 0.1565042125 0.570160871875 0.155470315625 0.5538351453125 0.15983042812499998 0.5400984265625 0.1710223046875 0.534459584375 0.183756946875 0.5333090546875 0.1979503453125 0.5420257312500001 0.2157591375 0.5188042890625 0.253139175 0.47651450312500004 0.2968469484375 0.475517584375 0.30224095625 0.45520418593749995 0.328177103125 0.45596478124999995 0.33632061874999997 0.46496504375000003 0.3378843828125 0.4741189171875 0.3306487578125 0.5164441531249999 0.2849103546875
0 0.38405719843749997 0.31839549375 0.3886400421875 0.3144392421875 0.4467859984375 0.1898423421875 0.3248408734375 0.1423123453125 0.15887953125 0.082246396875 0.094097815625 0.2249719453125 0.088388075 0.24176784218749997 0.0901455890625 0.2445173484375 0.3271593875 0.3197799203125 0.3541365484375 0.3258249671875 0.38405719843749997 0.31839549375
0 0 0.8146041296875 0.25546087812499996 0.8070144578124999 0.301459115625 0.8094392718750001 0.32772294375 0.8046332968750001 0.3314624796875 0.7972716640625 0.3434565859375 0.679049340625 0.3427550703125 0.66752144375 0.3383612828125 0.660647675 0.1876504 0.6578173484375001 0.133112 0.6619652921875 0.110911834375 0.6580628734375 0.1000477109375 0.6598414890625001 0.09649723437499999 0.6563731015625 0 0.65610148125 0 0.8146041296875