0 0 0.8259986453125 0.2545126359375 0.98239675 0.2788808671875 0.992552471875 0.28519855625 0.9993229515625 0.289711190625 0.9993229515625 0.33393501875 0.9512525390625 0.43321299687500003 0.8307379828125001 0.5063176890625 0.7481381171875 0.5306859203125 0.7163168578125 0.5315884468750001 0.7088693296875 0.4025270765625 0.6377792828125 0.0712996390625 0.47122545625 0.05234657031249999 0.4664861203125 0.0433213 0.4685172640625 0.0090252703125 0.5091401484375 0 0.520649965625 0 0.675693975 0.00270758125 0.6770480703125 0 0.6824644546874999 0 0.8259986453125
4 0.6299638984375 0.5639810421875 0.6570397109375 0.5565335140625 0.677797834375 0.545023696875 0.69314079375 0.5321597828125 0.715703971875 0.5213270140625 0.7355595671875 0.505754909375 0.7481949453125 0.4895057546875 0.7572202171875 0.46784021718749996 0.7554151625000001 0.43737305312499997 0.7490974734375 0.42315504375 0.7364620937499999 0.40690589062500004 0.7012635375 0.3832092078125 0.6588447656249999 0.37034529374999997 0.629061371875 0.3689911984375 0.604693140625 0.37102234218749996 0.5649819500000001 0.3832092078125 0.5306859203125 0.40690589062500004 0.5198555953125 0.42315504375 0.5144404328125 0.43872714999999995 0.5144404328125 0.472579553125 0.54061371875 0.5213270140625 0.5649819500000001 0.549085984375 0.575812275 0.5565335140625 0.5983754515624999 0.5639810421875 0.6299638984375 0.5639810421875
2 0.3555956671875 0 0.322202165625 0.014218009374999998 0.297833934375 0.0304671625 0.2806859203125 0.0487474609375 0.26895306875 0.075829384375 0.26985559531250003 0.09952606562500001 0.2761732859375 0.1137440765625 0.2888086640625 0.130670278125 0.3104693140625 0.1475964796875 0.3962093859375 0.2938388625 0.4079422375 0.3019634390625 0.435920578125 0.31076506406250004 0.46931407968750005 0.310088015625 0.49097472968750006 0.3026404875 0.5063176890625 0.29316181406249997 0.5153429609375 0.27826675624999997 0.5379061375 0.12593094062500002 0.5523465703125 0.1015572109375 0.5577617328125 0.0819228171875 0.5550541515625 0.0555179421875 0.54061371875 0.0324983078125 0.5216606500000001 0.0169262015625 0.48555956718750004 0 0.3555956671875 0
2 0.795126353125 0.3987813140625 0.825812275 0.39336492968750003 0.8528880859375001 0.3811780640625 0.8772563171875 0.35748138125 0.884476534375 0.341232228125 0.884476534375 0.32566012187500004 0.9738267140625 0.1692620171875 0.9774368234375 0.1536899125 0.9747292421875 0.1387948546875 0.9503610109375 0.11103588281250001 0.9368231046875 0.102234259375 0.9187725625000001 0.095463778125 0.8736462093749999 0.0873392015625 0.838447653125 0.09004739375000001 0.8023465703125 0.10358835468750001 0.7788808671874999 0.12593094062500002 0.7012635375 0.2701421796875 0.6814079421875 0.29316181406249997 0.669675090625 0.31550440156250004 0.669675090625 0.3385240359375 0.6814079421875 0.3581584296875 0.6949458484375 0.3723764390625 0.7211191328125001 0.38862559218750004 0.7635379062500001 0.3987813140625 0.795126353125 0.3987813140625
1 0.5207581234374999 0.8314150296875 0.5126353796875 0.833446175 0.49277978281249996 0.8537576171874999 0.49097472968750006 0.860528096875 0.5009025265625 0.8700067703125001 0.6814079421875 0.9993229515625 0.7635379062500001 0.9993229515625 0.599277978125 0.882870684375 0.5207581234374999 0.8314150296875
1 0.851985559375 0.9350033859375 0.8637184109374999 0.9390656734375 0.8727436828125 0.938388625 0.8763537906250001 0.9505754906250001 0.8862815890625001 0.9532836828125 0.8925992781250001 0.9593771156249999 0.9205776171875 0.9742721734374999 0.924187725 0.9722410296874999 0.93501805 0.974949221875 0.9476534296875 0.9661475968750001 0.9557761734374999 0.9512525390625 0.9494584843749999 0.938388625 0.650722021875 0.759647934375 0.6299638984375 0.750846309375 0.6055956671875 0.7745429921875 0.604693140625 0.7792823296875 0.634476534375 0.8023019640625 0.7527075812499999 0.8733920109375 0.7734657046875 0.8821936359375 0.7987364625 0.9018280296875 0.851985559375 0.9350033859375
3 0.957581228125 0.3568043328125 0.9485559562500001 0.3622207171875 0.9485559562500001 0.36831415 0.9548736468750001 0.3764387265625 0.9990974734375 0.415707515625 0.9990974734375 0.3832092078125 0.962996390625 0.35748138125 0.957581228125 0.3568043328125
0 0.2761732859375 0.9993229515625 0.2707581234375 0.9939065671874999 0.218411553125 0.9695328375000001 0.20848375468749997 0.9620853078125 0.19675090312500002 0.9587000671875 0.18501805 0.9600541640625 0.174187725 0.9708869328124999 0.169675090625 0.9708869328124999 0.134476534375 0.9498984421875001 0.12635379062500002 0.9546377796875 0.1173285203125 0.9661475968750001 0.1110108296875 0.9742721734374999 0.1146209390625 0.9796885578125 0.12635379062500002 0.9898442796875001 0.137184115625 0.9939065671874999 0.139891696875 0.9993229515625 0.2761732859375 0.9993229515625
2 0 0.45700744687499995 0.0270758125 0.44414353437500004 0.05866425937500001 0.4238320921875 0.032490975 0.3940419765625 0.0009025265625000001 0.364928909375 0 0.45700744687499995
0 0.8167870031250001 0.4773188890625 0.7364620937499999 0.5484089375 0.626353790625 0.6540284359374999 0.6245487359374999 0.6607989171875001 0.6353790609375001 0.6696005421875 0.9990974734375 0.8943805015624999 0.9990974734375 0.5748138125 0.8510830328125 0.4928909953125 0.8167870031250001 0.4773188890625
0 0.5369774375 0.404046715625 0.23680776250000002 0.2177197015625 0.046280685937499996 0.3584786734375 0.3528231046875 0.5787041296875 0.36528519843749996 0.5871936359375 0.5169169671875 0.47038997968749996 0.51622111875 0.4235849703125 0.5369774375 0.404046715625
1 0.8724548734375001 0.9993229515625 0.9437229234375 0.9993229515625 0.6272563171875001 0.80060934375 0.6015550546874999 0.8290534875000001 0.8724548734375001 0.9993229515625
1 0.7766227437500001 0.9993229515625 0.852253609375 0.9993229515625 0.6404503609375001 0.8673486796875001 0.61835469375 0.889809071875 0.7766227437500001 0.9993229515625