2 0.7084837546875 0.2518618828125 0.7247292421875 0.2329045359375 0.7653429609375 0.17332430625 0.795126353125 0.1387948546875 0.803249096875 0.11577522031250001 0.8023465703125 0.10697359531249999 0.7662454875 0.0873392015625 0.75 0.0819228171875 0.7472924187500001 0.075829384375 0.7391696750000001 0.0717670953125 0.7003610109375 0.0744752875 0.6922382671875 0.0825998640625 0.68772563125 0.10697359531249999 0.6308664265624999 0.2234258625 0.6326714796874999 0.23222748750000002 0.642599278125 0.2410291125 0.688628159375 0.254570075 0.7084837546875 0.2518618828125
2 0.362815884375 0.2207176703125 0.37274368281250003 0.22681110312500002 0.38537906093749996 0.22951929531249998 0.43772563125 0.23222748750000002 0.4503610109375 0.215978334375 0.45126353750000003 0.20446851718749998 0.4566787 0.19972918125 0.465703971875 0.17806364218749998 0.4638989171875 0.166553825 0.48285198593749995 0.1360866625 0.4837545125 0.11916046093749999 0.47021660625 0.0947867296875 0.44855595625 0.0805687203125 0.42689530624999994 0.07109004687500001 0.4025270765625 0.0677048078125 0.379061371875 0.0683818546875 0.3447653421875 0.0785375765625 0.3348375453125 0.08530805625 0.322202165625 0.09884901874999999 0.314079421875 0.1144211234375 0.314079421875 0.13811780625 0.32310469375 0.1530128640625 0.3420577625 0.1706161140625 0.3583032484375 0.1990521328125 0.36462093906250004 0.218009478125 0.362815884375 0.2207176703125
2 0.841155234375 0.4983073796875 0.8691335734375001 0.490182803125 0.8736462093749999 0.48476641875000004 0.8736462093749999 0.47393365000000004 0.8339350187499999 0.3297224109375 0.8158844765625 0.3297224109375 0.7716606500000001 0.3392010828125 0.7346570390625 0.3493568046875 0.704873646875 0.36086662187499996 0.70397111875 0.364928909375 0.70938628125 0.36831415 0.7815884468750001 0.5003385234375 0.79061371875 0.5050778609375 0.8068592062500001 0.5037237640625001 0.841155234375 0.4983073796875
0 0.341155234375 0.36831415 0.3835740078125 0.37440758281250003 0.427797834375 0.37508463124999997 0.43501804999999993 0.3689911984375 0.44314079375000004 0.235612728125 0.153429603125 0.21733243125 0.1471119140625 0.22951929531249998 0.1335740078125 0.2985781984375 0.1254512640625 0.3480027078125 0.13537906093750002 0.35748138125 0.2301444046875 0.3615436703125 0.2319494578125 0.36357481406250003 0.319494584375 0.3689911984375 0.341155234375 0.36831415
0 0.166967509375 0.6513202437500001 0.3402527078125 0.5016926203125001 0.33935018125 0.4983073796875 0.357400721875 0.48544346718750003 0.37770758125000004 0.4580230203125 0.3880866421875 0.45159106250000003 0.3880866421875 0.44820582187499997 0.37274368281250003 0.4427894375 0.3555956671875 0.452945159375 0.3483754515625 0.450914015625 0.25361010781250004 0.3953960734375 0.2292418765625 0.37914691875 0.22833935 0.3723764390625 0.22021660625 0.3723764390625 0.20577617343750002 0.38794854375 0.188628159375 0.39675016875 0.158844765625 0.424509140625 0.1462093859375 0.43195666875 0.06317689531250001 0.503046715625 0.055956678125000006 0.505754909375 0.0090252703125 0.545023696875 0.0045126359375000005 0.5531482734375001 0.0072202171875 0.5599187546875 0.05144404375 0.591062965625 0.145306859375 0.652674340625 0.1525270765625 0.6540284359374999 0.166967509375 0.6513202437500001
0 0.7337545125 0.5064319562499999 0.7481949453125 0.4928909953125 0.6191335734375001 0.380501015625 0.612815884375 0.3764387265625 0.607400721875 0.3764387265625 0.35920577656249997 0.5138794859375 0.360108303125 0.520649965625 0.406137184375 0.56804333125 0.468411553125 0.6310088015625 0.48555956718750004 0.6465809078125 0.4900722015625 0.6465809078125 0.7337545125 0.5064319562499999
1 0.4079422375 0.6046039265625 0.40884476562499994 0.599864590625 0.4052346578125 0.591062965625 0.40072202187499995 0.5903859171875 0.204873646875 0.6235612734375 0.20577617343750002 0.6384563296875 0.2138989171875 0.6418415703125 0.3501805046875 0.62085308125 0.36462093906250004 0.6127285031249999 0.387184115625 0.6059580234374999 0.4079422375 0.6046039265625
1 0.311371840625 0.6939742718749999 0.31498195 0.6784021671875 0.311371840625 0.6736628296875 0.18231046875 0.6553825328125 0.1407942234375 0.6553825328125 0.137184115625 0.649966146875 0.1308664265625 0.647935003125 0.11371841093749999 0.6472579546875 0.1092057765625 0.6513202437500001 0.10740072187500001 0.665538253125 0.1227436828125 0.6696005421875 0.2373646203125 0.6858496953125 0.2761732859375 0.6946513203125 0.3077617328125 0.6966824640625 0.311371840625 0.6939742718749999
1 0.566787003125 0.37034529374999997 0.5523465703125 0.37102234218749996 0.379061371875 0.3974272171875 0.3799638984375 0.40893703437499995 0.38447653437499996 0.41435341875000004 0.555956678125 0.3920108328125 0.5703971125 0.38862559218750004 0.5712996390625 0.380501015625 0.566787003125 0.37034529374999997
4 0.4422382671875 0.696005415625 0.45848375468749997 0.6824644546874999 0.468411553125 0.66012186875 0.46660649843749996 0.6411645234375001 0.452166065625 0.62085308125 0.435920578125 0.6113744078125001 0.41335740000000004 0.605280975 0.3835740078125 0.60731211875 0.36462093906250004 0.6140825999999999 0.3483754515625 0.6255924171875 0.335740071875 0.647935003125 0.335740071875 0.66689235 0.34747292343749997 0.68652674375 0.3664259921875 0.7000677046875 0.3962093859375 0.7068381859375 0.422382671875 0.7034529453125 0.4422382671875 0.696005415625
4 0.637184115625 0.75423155 0.6624548734375 0.744752878125 0.6787003609375 0.7332430609375 0.6814079421875 0.7237643874999999 0.674187725 0.704807040625 0.6308664265624999 0.6188219359375 0.6245487359374999 0.6134055515625 0.604693140625 0.6140825999999999 0.5649819500000001 0.6255924171875 0.5225631765625 0.647935003125 0.5216606500000001 0.654705484375 0.5379061375 0.6770480703125 0.5911552343750001 0.7413676375 0.6083032484374999 0.7549085984375 0.6245487359374999 0.7562626953125 0.637184115625 0.75423155
2 0.7680505421875 0.9593771156249999 0.7879061375 0.9600541640625 0.804151625 0.9587000671875 0.8212996390624999 0.9492213953125 0.838447653125 0.92755585625 0.841155234375 0.91469194375 0.838447653125 0.9031821265625 0.825812275 0.8842247796875 0.7833935015625 0.8381855109374999 0.7707581234374999 0.8178740687499999 0.7554151625000001 0.805687203125 0.7346570390625 0.7989167234375001 0.69314079375 0.798239675 0.661552346875 0.8158429249999999 0.648014440625 0.8395396078124999 0.648014440625 0.86188219375 0.6579422375 0.882870684375 0.6732851984375 0.8964116453125 0.6922382671875 0.9052132703125 0.7490974734375 0.9512525390625 0.7680505421875 0.9593771156249999
1 0.5090252703125 0.9905213265624999 0.5054151625000001 0.9993229515625 0.5379061375 0.9993229515625 0.5911552343750001 0.9180771828125 0.612815884375 0.8808395390625 0.5875451265625 0.8679756265625 0.5090252703125 0.9905213265624999
2 0.9386281593750001 0.8070413000000001 0.9711191328125001 0.8063642515625 0.9936823109375 0.80027081875 0.9990974734375 0.79620853125 0.9990974734375 0.6932972234375 0.9900722015625 0.6878808390625 0.9747292421875 0.6811103593750001 0.9494584843749999 0.6770480703125 0.9259927796874999 0.6770480703125 0.903429603125 0.68178740625 0.8718411546875 0.683141503125 0.841155234375 0.6804333109375 0.8176895312499999 0.6878808390625 0.8095667875 0.6946513203125 0.804151625 0.704807040625 0.8050541515624999 0.722410290625 0.814079421875 0.7352742046875 0.8664259921875 0.7670954640625001 0.8754512640625001 0.7792823296875 0.898014440625 0.794854434375 0.9386281593750001 0.8070413000000001
3 0.54061371875 0.8761002031249999 0.5715505421875 0.8810487468750001 0.58963176875 0.8697501687500001 0.54970306875 0.7934834125 0.6039458484375 0.8657955312500001 0.623646209375 0.85985105 0.631768953125 0.84427894375 0.6281588453125 0.8253215984375 0.6092057765625001 0.8063642515625 0.5974729234375 0.8029790109375 0.580324909375 0.803656059375 0.569494584375 0.7995937718749999 0.5388086640624999 0.7623561265625 0.4900722015625 0.6919431281249999 0.48555956718750004 0.689911984375 0.47743682343750005 0.6932972234375 0.47833935 0.7075152328125001 0.5018050546875 0.7535545031249999 0.5397111906250001 0.8104265406250001 0.52436823125 0.833446175 0.5252707578125 0.8571428578125 0.54061371875 0.8761002031249999
0 0.60118953125 0.587823290625 0.6117906140625 0.6124989843749999 0.6279927796875 0.6138970890625 0.6787012640625 0.7127616796875 0.934416065625 0.62965064375 0.8561805046875 0.5090575484375 0.60118953125 0.587823290625
0 0.3892806859375 0.7056567359375 0.3755171484375 0.7034840890625 0.3581308671875 0.698595125 0.3496245484375 0.6924062281250001 0.13646299687500002 0.727928909375 0.16688808593749999 0.8794847671875001 0.4407138984375 0.829509140625 0.40883934999999993 0.7067433984375 0.3892806859375 0.7056567359375