2 0.5220345359375 1 0.5210462203125 0.9778940546875001 0.518140521875 0.975431775 0.5136388828125 0.9758251359375001 0.4910586171875 0.9648963609375001 0.48110383125 0.96508718125 0.449110859375 0.9495485328125 0.35812447812500003 0.897063959375 0.329037203125 0.8839875890625001 0.3180588453125 0.870686925 0.2971465875 0.8697980921875 0.27957975 0.8652216968750001 0.262524696875 0.867391046875 0.22107932031250002 0.882556415625 0.21683357343749998 0.8863226484375 0.18896518125 0.9132035187499999 0.17843802656250002 0.929741471875 0.174110809375 0.94437956875 0.1762906046875 0.9611652578125 0.20484770000000002 1 0.5220345359375 1
2 0.6022192421875 1 0.60877805625 0.999426878125 0.6094224921875 0.9959753328125001 0.6175254421874999 0.99526728125 0.6219853078125 0.9704318953125 0.5884434125 0.8389116375000001 0.5681035249999999 0.821675675 0.5378297390625 0.8168515453125 0.519976715625 0.8204487171875 0.5076791953125 0.8255975765624999 0.4829003296875 0.8454180109375 0.47947344062499997 0.8599774359374999 0.48718052656250005 0.9496171656250001 0.4943016796875 0.9598596484374999 0.51186851875 0.9644360437499999 0.5255990390624999 0.9781752687499999 0.52795491875 1 0.6022192421875 1
2 0.7485346890625 0.727139853125 0.753843703125 0.7015512203125 0.8025690140625 0.5553727828125 0.8042976046874999 0.5423198515625 0.7993865359375001 0.53731661875 0.7354726546875 0.5191349078124999 0.7219677359375 0.52031499375 0.7172008 0.5411029328125 0.6769837109375 0.5724580890625 0.649064140625 0.5986643843749999 0.6442251375 0.6065567359374999 0.64743790625 0.613066465625 0.617575628125 0.6733948437499999 0.6135554828124999 0.6920803875 0.6979419 0.717300771875 0.7394802312500001 0.7272520015625 0.7485346890625 0.727139853125
1 0.44941802343750004 0.368257865625 0.4705444 0.34807754687500003 0.4662265875 0.33894819374999996 0.42708217031249995 0.3247135 0.33946209375 0.280762375 0.1715478140625 0.205800909375 0.1568866734375 0.20368679374999998 0.14119255625 0.21184864218750002 0.12896710312499998 0.2298930890625 0.12973478125 0.24001170468750002 0.1335408078125 0.2423953140625 0.43686461093749995 0.370033853125 0.44506991874999996 0.37067495 0.44941802343750004 0.368257865625
1 0 0.1565290109375 0.3447993203125 0.183871390625 0.3873194484375 0.18287208593749998 0.3962506625 0.16918977500000001 0.395666809375 0.14954844375 0.3886991921875 0.1413296828125 0.0687224421875 0.1047804515625 0 0.0991916953125 0 0.1565290109375
0 0.228926378125 0.8784754906250001 0.2508716125 0.8690883625 0.5594564171874999 0.7674285078125 0.572040121875 0.75410608125 0.6089003078124999 0.690450025 0.6414426843750001 0.61766461875 0.6398258546875 0.6082992468749999 0.615342578125 0.596178665625 0.603587134375 0.596526834375 0.5303232062500001 0.6103982890624999 0.370525440625 0.630473146875 0.3427688109375 0.6349357125 0.33222076875 0.6392526546874999 0.256441765625 0.7035933265625001 0.2513980484375 0.70878738125 0.2493623859375 0.717792865625 0.23691133125000002 0.7209180046875 0.22937134375 0.7290463734375 0.21087596562500002 0.7958510015625 0.19832463125 0.857382903125 0.19919466875 0.8688506703125001 0.208014121875 0.8775866578124999 0.21907395 0.8800154609374999 0.228926378125 0.8784754906250001
0 0 0.716393996875 0.0066414953125 0.7199889859375 0.06586990781249999 0.7480867703125 0.092900634375 0.7579476109375001 0.1316565109375 0.779006725 0.1474738734375 0.7844150375 0.1564259734375 0.7829537390625 0.2171250046875 0.7348698078125 0.3231663125 0.6393648046875 0.33531029375 0.632192221875 0.394801925 0.5801395171875 0.41032161718750004 0.5577329343749999 0.40189070937500004 0.5421725265624999 0.35990117499999996 0.502382675 0.3457612234375 0.48324685624999997 0.336246159375 0.4772878359375 0.33483404375000003 0.47062076406250003 0.2909926765625 0.430313684375 0.288577878125 0.42237613281249997 0.26106565625 0.39422311250000003 0.251806484375 0.39163696406250004 0.2540980390625 0.3860043515625 0.228642365625 0.36106685625 0.22403836875 0.36011106875 0.21961819999999999 0.34963256875000004 0.161534525 0.28884051718750003 0.1559790203125 0.28728882968749997 0.1132729875 0.2380549359375 0.087224059375 0.2172435609375 0.068377753125 0.1958028046875 0.058965046875 0.1911929328125 0.044303906250000004 0.18907881875000002 0 0.1948124484375 0 0.716393996875
0 0.6201628109375 0.0108249828125 0.4802732859375 0.008383201562500001 0.210921 0.0319197265625 0.360972853125 0.1342458125 0.4687489875 0.204955615625 0.47985999531249995 0.20805899375 0.501467865625 0.20617085624999998 0.6201628109375 0.0108249828125
3 0.6481680625 0.13291676875 0.6459997546875 0.152119540625 0.634183728125 0.1755605828125 0.632066596875 0.19543793125 0.64732099375 0.1934259265625 0.6877407171875001 0.10501315781250001 0.6989331953125 0.0972446703125 0.7033627703125 0.08395572343749999 0.7194526890625 0.0730431015625 0.7340553890625 0.07040899843750001 0.7468949859375 0.060459443749999994 0.7609513875 0.030711215625 0.7628405078125 0.01331543125 0.65391345625 0.011414101562499999 0.6539450109375 0.029875940625000003 0.6653327984375 0.048573203125 0.6681911625 0.0623572890625 0.6606891046875 0.0829313046875 0.6626641859375 0.097018696875 0.6481680625 0.13291676875
1 0.6421157 0.4177366125 0.6352510515625001 0.415820590625 0.41931845 0.551270621875 0.4187149828125 0.5689160921874999 0.43469134687500005 0.5767666234375 0.6581579609375 0.43730240625 0.657209775 0.424804565625 0.6421157 0.4177366125
0 0.660573240625 0.4396079015625 0.4293178375 0.5797520390625001 0.4188637 0.5747945046875 0.4066264421875 0.575863821875 0.4523771609375 0.617995703125 0.6185521781250001 0.5942488015625 0.6386655265625001 0.6084271234374999 0.7225435765625 0.5331611265625 0.6343253390625 0.374089190625 0.48969112187499997 0.342275865625 0.339699575 0.4718103765625 0.41839531250000006 0.5538678359375 0.6309280421875 0.41787558750000003 0.6538090546875 0.4242631046875 0.660573240625 0.4396079015625
0 0.7945461078125 0.301378428125 0.7543076828124999 0.376185596875 0.7132729531249999 0.381449215625 0.67828014375 0.377796615625 0.6404564671874999 0.381101721875 0.6690016484375 0.44738257968750006 0.6875243234374999 0.46436651093750003 0.7468118921875 0.513551671875 0.7614635265625 0.5147879296875 0.8687537515624999 0.3938630140625 0.7945461078125 0.301378428125
1 0.8144959187499999 0.2248477046875 0.626450328125 0.255537434375 0.60422965625 0.29905442031249996 0.8187061578125 0.265577059375 0.8242433328125 0.2499959703125 0.8193255234375 0.2294581 0.8144959187499999 0.2248477046875
4 0.7239696343750001 0.31579119843750003 0.7349167296875 0.2829635703125 0.605136503125 0.2993364328125 0.6172345578125 0.2521496125 0.7380518375 0.235721328125 0.7184823921875 0.2139472 0.70034093125 0.1962420828125 0.676473475 0.1916173296875 0.4507679765625 0.21301783749999997 0.41970753437499997 0.2316671421875 0.40650983281249997 0.2495948703125 0.4030336484375 0.2775765625 0.406649034375 0.2957123734375 0.4205298421875 0.3163063421875 0.4313632140625 0.326262471875 0.4702287421875 0.3389475078125 0.6469311859375 0.3778781625 0.6722015781249999 0.3714768734375 0.7072698 0.34660564374999997 0.7239696343750001 0.31579119843750003
4 0.7988537328125 0.2708530546875 0.737078234375 0.2819360734375 0.718432459375 0.3313722875 0.7003037375 0.3581178015625 0.672577959375 0.373606746875 0.7054112140625 0.38115564375 0.7352582875 0.376031003125 0.7516298375 0.3704073140625 0.763841146875 0.354243025 0.7988537328125 0.2708530546875
4 0.8199958390625 0.2235284890625 0.8217868109375001 0.24034827656250002 0.8229158609375 0.23249885781250001 0.8261642734375 0.216279821875 0.802751615625 0.1881318609375 0.7754834374999999 0.182965646875 0.7368380375 0.1754397859375 0.7046015828125001 0.19335323124999998 0.7391014375 0.234790990625 0.8199958390625 0.2235284890625
2 0.975067490625 0.35627792187499996 0.96662301875 0.24497314062500003 0.8281563406249999 0.2475659765625 0.8205860625 0.267240784375 0.8073370375 0.27179374218749996 0.7991014375 0.2826990828125 0.7946206859375 0.29531345625 0.7991943906250001 0.3078156828125 0.8104286421875001 0.3244892203125 0.8198413515625 0.32909909375 0.975067490625 0.35627792187499996
2 0.788323634375 0.1525848890625 0.8015423703125 0.1595783703125 0.8212984046875 0.1571730015625 0.8415965203125 0.149966940625 0.9585879734375 0.1390649546875 0.949294525 0.016569996875 0.8068271156250001 0.0140832203125 0.7975577609375 0.0234381984375 0.7830407546875 0.047115259375 0.7765243390625 0.0687351171875 0.7716759328125 0.10039492187500001 0.7771405609375 0.1365859234375 0.788323634375 0.1525848890625