2 0.291663384375 0.906563946875 0.31334089062500003 0.9086411421875 0.338585359375 0.9031684468750001 0.3610551421875 0.8862687812500001 0.3735454125 0.86085938125 0.42463754531250003 0.798450375 0.42723890625000005 0.7800978187500001 0.4226787703125 0.7721073875 0.4117966875 0.7636239078125 0.3991291546875 0.7585769703125 0.37565438125 0.7579058937500001 0.3297492171875 0.7809025609375 0.2883096453125 0.7956462796875 0.2693753109375 0.7995816 0.2549814125 0.8081233125 0.2397361546875 0.825489775 0.235317828125 0.8418644109375 0.23631887968749998 0.858758346875 0.251816246875 0.8847075609375 0.2753816203125 0.9009452093749999 0.291663384375 0.906563946875
2 0.5263008265625 0.8943240921875001 0.547020609375 0.8869522328125001 0.5918656375 0.8369095203124999 0.6259861453125 0.8054556265624999 0.6313109828125001 0.7897315468749999 0.6303138703125 0.77351441875 0.613937565625 0.7516522984375 0.5867737171875 0.73755008125 0.566893478125 0.7340667703125 0.542535828125 0.7368059828125 0.5245277015625 0.7447758953125 0.5128454609374999 0.7539156625000001 0.5048601765625 0.7778401875000001 0.4663961859375 0.838528059375 0.4656314828125 0.862242571875 0.481101275 0.8834541359375001 0.49920394218749997 0.8917276 0.5263008265625 0.8943240921875001
2 0.26383826718750003 0.6237429171875 0.20350426093750001 0.49417487031249996 0.1827569015625 0.49680907812499997 0.144907928125 0.508063753125 0.10437486874999999 0.5234580281250001 0.08998097187500001 0.5319997421875 0.09000066718750001 0.5353837796875001 0.11632890781250001 0.5610179765625001 0.1863548671875 0.649688809375 0.1908834890625 0.6522647828125 0.2035076921875 0.6498668359375 0.26383826718750003 0.6237429171875
0 0.557845128125 0.42023812187500004 0.5975543984375 0.41840624687499994 0.713123121875 0.42181412500000004 0.7202412859375 0.404007121875 0.7392982421875 0.266037671875 0.73657870625 0.2640860046875 0.6941459625 0.26328940312500004 0.42787119999999995 0.2683263734375 0.42251878906250007 0.2793128015625 0.42444604999999996 0.3002413296875 0.4087590953125 0.396820515625 0.40974045 0.4103304125 0.4224079859375 0.41537735312499996 0.44135807656250003 0.41414926406249997 0.557845128125 0.42023812187500004
0 0.769020121875 0.254342453125 0.7870833968750001 0.25584784374999997 0.8604956250000001 0.150820484375 0.8890982781250001 0.1019271078125 0.8800449718750001 0.09745196874999999 0.8023015906250001 0.0787285703125 0.5980246796875 0.033900854687499996 0.5881475859374999 0.04298811875 0.5398655906250001 0.12291536562500001 0.51575216875 0.1676166421875 0.5140100484375 0.1784980640625 0.5266972765625 0.186929040625 0.5601397453125 0.1940794234375 0.769020121875 0.254342453125
2 0.12215452499999999 0.47623328281250005 0.1429137 0.47562949843749996 0.16274273125 0.47031431250000005 0.242121875 0.4598824890625 0.26556119843750003 0.45446229843749997 0.27902100937499996 0.440532375 0.279797528125 0.4188482859375 0.263460615625 0.403754240625 0.1974703765625 0.3880736078125 0.148613265625 0.36918696562500003 0.123337284375 0.36924520312500003 0.10351219375000001 0.3752371953125 0.0819410453125 0.391433803125 0.0712441015625 0.414760275 0.073210753125 0.44245687812499995 0.08322965624999999 0.45773468125 0.10407943125 0.47269747031250003 0.12215452499999999 0.47623328281250005
2 0.192457240625 0.30225031874999997 0.2141268671875 0.3029738984375 0.232166509375 0.30041844218749997 0.26377625625 0.302883678125 0.268269425 0.2993683828125 0.2755215203125 0.30457283125 0.2990002328125 0.3059207140625 0.31700048125 0.2965971859375 0.32603015 0.29701147968749997 0.33410209687500003 0.28797671875 0.3339484703125 0.2615812265625 0.317583984375 0.24174953124999998 0.2858796984375 0.2230409171875 0.264036746875 0.1925378109375 0.232363971875 0.1792436578125 0.21160085781250002 0.179170634375 0.19446772968749998 0.18237664375 0.16387872812499998 0.2001893828125 0.149536040625 0.21752959375 0.1459808984375 0.22710990312499998 0.1434701359375 0.26102903125 0.1562400890625 0.28367296406250003 0.16984170781250002 0.294108109375 0.192457240625 0.30225031874999997
4 0.34933109375 0.422918184375 0.374599196875 0.4215063359375 0.4006871484375 0.4058552765625 0.40610652500000005 0.40637457499999996 0.406827896875 0.37521518125000003 0.40407684687499995 0.367849053125 0.3859269109375 0.351453896875 0.36513228125 0.3459664140625 0.30552308125 0.34093094218750003 0.28747555937499997 0.342132778125 0.273069846875 0.3486440703125 0.26319275468750003 0.35773133281249997 0.257852159375 0.370748184375 0.2588295765625 0.38358127343750004 0.2679340890625 0.396854909375 0.2751822453125 0.40138255 0.34933109375 0.422918184375
4 0.3950595046875 0.21445002500000002 0.4303307515625 0.22560874687500002 0.44387328437500007 0.2258917828125 0.460994596875 0.220655353125 0.47267683437499997 0.21151558593750003 0.478037125 0.20188277187499998 0.47883334062499994 0.18358271718750002 0.4415048421875 0.1291608203125 0.42607837968749995 0.1153941390625 0.4106991875 0.109749146875 0.3908347046875 0.108973065625 0.37550672343749997 0.11212657031249999 0.34941483125 0.127100821875 0.3333142671875 0.15261522656249998 0.333428503125 0.17224264218750002 0.34164225937500003 0.18757295000000002 0.35433736875 0.197357540625 0.3950595046875 0.21445002500000002
1 0.9138142468750001 0.5112842203125 0.9024581375 0.49130685312500005 0.7044409625 0.5535404749999999 0.720552275 0.5794791921875 0.9138142468750001 0.5112842203125
1 0.9168363484375 0.465490546875 0.7108297359375 0.49695960625 0.711863546875 0.5156044609375 0.7195662625 0.5137016609375 0.9232697265625 0.48481841406250004 0.9168363484375 0.465490546875
1 0.70211965 0.47731549375000004 0.7038356296875 0.49342845 0.9158322421875 0.46265095624999997 0.9132147625 0.440079303125 0.70211965 0.47731549375000004
1 0.6809436921875001 0.4590446 0.682655040625 0.478859778125 0.89253829375 0.4424853578125 0.8904944703125001 0.4244845234375 0.6809436921875001 0.4590446
0 0.46506664531249997 0.600165621875 0.45289528749999997 0.6035935296875 0.2363869734375 0.6483514 0.2668052890625 0.765775725 0.48681097656250005 0.719039028125 0.5075866421875 0.7110312671875 0.46506664531249997 0.600165621875
0 0.2714533265625 0.47385667812500004 0.2877719171875 0.6208968968749999 0.5918553921874999 0.5745774859375 0.5489015968750001 0.4209741203125 0.2714533265625 0.47385667812500004
0 0.83989384375 0.55800275625 0.589059553125 0.616748459375 0.649102275 0.7483835 0.6484267359375 0.75360529375 0.903824346875 0.6957977546875 0.83989384375 0.55800275625
3 0.8000919874999999 0.7944172078125 0.7776496859375001 0.766095653125 0.691479440625 0.8105128828125 0.7697144125000001 0.76138830625 0.7411880187500001 0.7433515078124999 0.7082856984375 0.7520761593749999 0.6859325703125 0.7708718765625 0.700257571875 0.7950071921874999 0.6012600234375001 0.875792159375 0.7039689874999999 0.817705425 0.7359885609375 0.8179973296874999 0.7542865421875 0.826481728125 0.8000919874999999 0.7944172078125