0 0.6647581234375 0.045690589062499995 0.566788809375 0.15933784687500002 0.5655207578125 0.1746770484375 0.780338446875 0.29308056875 0.895905234375 0.1648002703125 0.6666389890625 0.0436276234375 0.6647581234375 0.045690589062499995
0 0.5921732859375 0.4477149625 0.7355821296875 0.3697379828125 0.57278790625 0.192404875 0.429414259375 0.2728618828125 0.5921732859375 0.4477149625
4 0.70397111875 0.509817196875 0.72021660625 0.5016926203125001 0.7319494578125 0.48544346718750003 0.7310469312500001 0.4691943125 0.7166064984375 0.45429925468750004 0.702166065625 0.44888287031249996 0.669675090625 0.44482058281250003 0.653429603125 0.4400812453125 0.626353790625 0.44617467812499995 0.6092057765625001 0.4590385921875 0.6055956671875 0.465809071875 0.604693140625 0.48002708125 0.6110108296875 0.4928909953125 0.6218411546875 0.50236966875 0.6462093859375 0.5084631015625 0.6796028875 0.5125253890625 0.70397111875 0.509817196875
4 0.9124548734375001 0.34952268124999997 0.9422382671875 0.328534190625 0.9494584843749999 0.317701421875 0.9521660656250001 0.30754570000000003 0.9494584843749999 0.2831719703125 0.9386281593750001 0.27030805625 0.9178700359375 0.25947528750000004 0.9016245484375001 0.25744414375 0.8763537906250001 0.25947528750000004 0.849277978125 0.2709851046875 0.7779783390625 0.3217637109375 0.7689530687499999 0.33395057499999997 0.7680505421875 0.3447833453125 0.77436823125 0.356970209375 0.7815884468750001 0.36238659375000004 0.7933213 0.365771834375 0.8185920578125 0.3650947875 0.9124548734375001 0.34952268124999997
1 0.41155234687500003 0.3141503046875 0.3583032484375 0.1922816515625 0.3501805046875 0.18754231562499998 0.3348375453125 0.1916046046875 0.3348375453125 0.198375084375 0.389891696875 0.3195666890625 0.3944043328125 0.32566012187500004 0.4052346578125 0.3249830734375 0.4124548734375 0.32227488125 0.41155234687500003 0.3141503046875
1 0.3312274375 0.1902505078125 0.327617328125 0.1848341234375 0.3212996390625 0.18280297968749998 0.3050541515625 0.1882193640625 0.357400721875 0.30467163125 0.3619133578125 0.3087339203125 0.360108303125 0.31821259375 0.36732852031249996 0.3229519296875 0.3880866421875 0.31821259375 0.3312274375 0.1902505078125
1 0.3664259921875 0.31821259375 0.3050541515625 0.19295869999999998 0.30144404375 0.1902505078125 0.28519855625 0.19295869999999998 0.2833935015625 0.1976980359375 0.2888086640625 0.21191604531250002 0.3429602890625 0.323628978125 0.3483754515625 0.3283683140625 0.36462093906250004 0.32701421875 0.3664259921875 0.31821259375
1 0.28249097500000003 0.20920785312499998 0.26444043281249996 0.2098849015625 0.2833935015625 0.3466486125 0.28519855625 0.3493568046875 0.2942238265625 0.3507109 0.305956678125 0.3493568046875 0.289711190625 0.215978334375 0.28249097500000003 0.20920785312499998
0 0.2572202171875 0.2802979015625 0.25180505468750003 0.2755585640625 0.2400722015625 0.2748815171875 0.0956678703125 0.29587000625000004 0.0956678703125 0.3026404875 0.1516245484375 0.45836154375 0.2942238265625 0.44075829375 0.303249096875 0.4366960046875 0.26353790625 0.29587000625000004 0.2572202171875 0.2802979015625
0 0.555956678125 0.5795531484375 0.574909746875 0.5761679078124999 0.5956678703125 0.56804333125 0.5288808671874999 0.40622884218750005 0.5126353796875 0.3764387265625 0.3375451265625 0.4184157078125 0.3366426 0.42721733281249996 0.3402527078125 0.43534190937500006 0.4232851984375 0.6093432640625001 0.42870036093749997 0.6147596484375 0.4341155234375 0.6154366953125 0.555956678125 0.5795531484375
0 0.41155234687500003 0.6696005421875 0.42870036093749997 0.6607989171875001 0.42960288750000003 0.6431956671875 0.42148014375000004 0.6242383203124999 0.414259928125 0.5917400140625 0.3889891703125 0.5368991203125 0.37725631718749997 0.527420446875 0.3799638984375 0.5247122546874999 0.37454873593750004 0.509817196875 0.2436823109375 0.53283683125 0.25812274375 0.5829383890625001 0.289711190625 0.6628300609375 0.2969314078125 0.67772511875 0.305956678125 0.685172646875 0.324909746875 0.6858496953125 0.41155234687500003 0.6696005421875
3 0.08393501875 0.49763033125 0.088447653125 0.4773188890625 0.101985559375 0.45497630312500004 0.12184115468750001 0.447528775 0.137184115625 0.43195666875 0.13537906093750002 0.41909275625 0.1254512640625 0.40622884218750005 0.1110108296875 0.402166553125 0.091155234375 0.40622884218750005 0.08393501875 0.3987813140625 0.07310469375 0.3953960734375 0.0550541515625 0.3994583609375 0.0469314078125 0.4096140828125 0.045126353125000004 0.4204468515625 0.0487364625 0.4346648609375 0.062274368749999996 0.44346648593750004 0.0740072203125 0.465809071875 0.0712996390625 0.49763033125 0.08393501875 0.49763033125
2 0.10740072187500001 0.7474610703125 0.142599278125 0.7488151656250001 0.1552346578125 0.746784021875 0.18411552343749998 0.7318889640624999 0.20126353749999998 0.7075152328125001 0.26353790625 0.6398104265625 0.2671480140625 0.626269465625 0.2626353796875 0.6147596484375 0.2436823109375 0.6046039265625 0.21750902499999997 0.605280975 0.123646209375 0.6425186187499999 0.0794223828125 0.6540284359374999 0.06317689531250001 0.665538253125 0.055956678125000006 0.67772511875 0.05144404375 0.6892349359375001 0.05234657031249999 0.7068381859375 0.055956678125000006 0.7156398109375 0.07310469375 0.7325660125 0.083032490625 0.7393364921875001 0.10740072187500001 0.7474610703125
2 0.6110108296875 0.6161137437499999 0.5388086640624999 0.628300609375 0.5288808671874999 0.626269465625 0.449458484375 0.63371699375 0.4404332125 0.6384563296875 0.43772563125 0.645903859375 0.43682310468749996 0.6770480703125 0.44314079375000004 0.6926201765625 0.623646209375 0.704807040625 0.6227436828124999 0.6702775890625 0.615523465625 0.6242383203124999 0.6110108296875 0.6161137437499999
2 0.694043321875 0.6641841578125 0.7084837546875 0.66689235 0.7328519859375 0.66689235 0.7626353796875 0.66012186875 0.7870036093749999 0.6438727156249999 0.7996389890625 0.6269465125 0.8023465703125 0.6012186859375 0.7942238265625 0.5836154359375 0.7752707578125 0.5673662828125 0.7481949453125 0.557887609375 0.7129963906250001 0.5531482734375001 0.6552346578125 0.5396073125 0.642599278125 0.5436696000000001 0.6299638984375 0.5545023703124999 0.6299638984375 0.5761679078124999 0.6462093859375 0.6059580234374999 0.6516245484375001 0.630331753125 0.661552346875 0.645903859375 0.6705776171875 0.6533513875 0.694043321875 0.6641841578125
2 0.8880866421875 0.52606635 0.92148014375 0.5233581578125001 0.9548736468750001 0.5104942453125 0.9792418765625 0.488151659375 0.9882671484375001 0.4664861203125 0.9864620937499999 0.43872714999999995 0.9738267140625 0.419769803125 0.9512635375 0.40555179375000006 0.9178700359375 0.3974272171875 0.895306859375 0.3974272171875 0.8727436828125 0.402166553125 0.8610108296875 0.40555179375000006 0.8402527078125 0.4184157078125 0.7987364625 0.42789438124999996 0.7897111906250001 0.43195666875 0.7644404328125 0.45429925468750004 0.7626353796875 0.4644549765625 0.7653429609375 0.47325660156250005 0.7897111906250001 0.4895057546875 0.8339350187499999 0.5071090046875 0.8637184109374999 0.5226811109375 0.8880866421875 0.52606635
2 0.16680595625 0.47976100156249996 0.13679061406249998 0.48434664843749997 0 0.5185626265625001 0.000014440625 0.5942687875 0.20669584843750002 0.5533933656250001 0.21191787031249998 0.5063662828125 0.1937716609375 0.493288421875 0.16680595625 0.47976100156249996