2 0.2553643609375 0.7817270359374999 0.274950190625 0.7943368359375 0.2981493375 0.7985405890624999 0.31825307812500003 0.7976003703125001 0.33615913124999997 0.7916261703125 0.34598570624999997 0.78466205625 0.3537561578125 0.7713199578125 0.369927175 0.6868556953125 0.371272025 0.67408766875 0.35903195781249997 0.6521677796875001 0.3428246625 0.64201394375 0.3041743765625 0.62911035 0.2781180640625 0.6347666375000001 0.258062665625 0.6438808640625 0.24282733125 0.6590310453125 0.2384837546875 0.6830031171875001 0.247277965625 0.72900506875 0.246361265625 0.7636071140625 0.2553643609375 0.7817270359374999
2 0.66317079375 0.8725327078125 0.6882361609375 0.876284440625 0.692557296875 0.861158378125 0.7048387875000001 0.8395202234375001 0.7648081640625 0.753615484375 0.767121515625 0.7402854453125001 0.7141525953125 0.7079299859375 0.6975913921875 0.7011361593750001 0.6613804984375 0.7341365859375 0.6496911609375 0.767418746875 0.6354951109375 0.781334915625 0.62290459375 0.788641059375 0.5877778625000001 0.802715453125 0.5825106671875 0.8095575187499999 0.582629790625 0.8170595234375 0.608264871875 0.841301271875 0.6449557140625 0.8641748984375001 0.66317079375 0.8725327078125
2 0.51978595625 0.7834941703125 0.5458681671875001 0.7948579 0.58550939375 0.7983534734375 0.6078332640624999 0.7936012265625 0.620282215625 0.7876390859375 0.633770453125 0.7804429328125 0.64036005625 0.76967885 0.647895721875 0.767198765625 0.6547684515625 0.7537466765625 0.6569143421875 0.7247406234375 0.6492112140625 0.71154469375 0.635153265625 0.6982508328125 0.58707519375 0.6712593265625 0.56087731875 0.6782596171875 0.545545303125 0.6770617828125001 0.5067534546875 0.665502190625 0.49898300312500005 0.6788442890625 0.4985393328125 0.717588334375 0.49433731875 0.740216403125 0.498568690625 0.7604743765624999 0.50400335 0.7693083265625 0.51978595625 0.7834941703125
2 1 0.5330867546875 0.9982998078125 0.531054725 0.9768477578124999 0.5188969453125 0.904203246875 0.5093157234375 0.862576675 0.49877016406249997 0.8311564859375 0.4949205 0.812423496875 0.5001127078125001 0.8034946406250001 0.5071868109375 0.7966926921875 0.5199669 0.79659946875 0.529484909375 0.8009948437500001 0.539552871875 0.8764326546874999 0.5916781078125 0.8951691046875 0.6123519265625 0.910691025 0.6203797671875 0.9401034312500001 0.626025453125 0.9575140109375001 0.6247552625 0.9781840046875001 0.6184390328125 1 0.6045514203125 1 0.5330867546875
2 1 0.347651346875 0.9951094046875 0.34552056875 0.912802321875 0.3327134484375 0.8605446765625 0.31950400156250003 0.8329052703125001 0.322924303125 0.8098028046874999 0.3350685671875 0.7979460046875 0.3526747140625 0.7953978687500001 0.376866765625 0.7979978046875 0.38671474843750003 0.81141871875 0.4060566234375 0.8375009296875 0.4174203515625 0.9804731406249999 0.42404680937499994 1 0.4196440484375 1 0.347651346875
4 0.623265334375 0.483062740625 0.63555028125 0.4872906125 0.75127841875 0.45041932031250004 0.766632875 0.4427711453125 0.771780946875 0.428427075 0.760248696875 0.399787171875 0.7503254390625 0.39040326875 0.733622675 0.3849534453125 0.6785562078125 0.389778046875 0.593559425 0.40250698125 0.5883630109375 0.4086770421875 0.5879158796875 0.42155506093749995 0.5975819109375 0.45064698593749997 0.607765853125 0.46618889062499996 0.623265334375 0.483062740625
4 0.7656642859375 0.08938279375 0.7845164 0.0916925921875 0.804903265625 0.0880643671875 0.8164544984375001 0.0819922359375 0.8661536296874999 0.04179565625 0.7234162015625001 0.024307184375 0.7206781624999999 0.0416692328125 0.7293273515625 0.0631491609375 0.74572455 0.080133 0.7656642859375 0.08938279375
1 0.65421071875 0.2928622109375 0.657682475 0.285800165625 0.6554140046875 0.28143818593750003 0.64790078125 0.2750722609375 0.63892358125 0.27397235625 0.5733002843749999 0.30132709687500003 0.5159204671875 0.3194817359375 0.47186488125 0.3406302359375 0.47895341562500005 0.3510281703125 0.48729357812499996 0.3581760875 0.5516652484375 0.334071365625 0.65421071875 0.2928622109375
1 0.396269984375 0.35042706562500003 0.4071358421875 0.3422289390625 0.40557518750000005 0.33114694375 0.39102177031249996 0.32255709375 0.374792034375 0.32124926875000004 0.3641385203125 0.32743139062500004 0.3635014859375 0.333479403125 0.369975428125 0.341079340625 0.3845288453125 0.34966919218750003 0.396269984375 0.35042706562500003
1 0.0120269203125 0.6890218359375 0.115354596875 0.6692784374999999 0.12199254374999999 0.6666883640625 0.1200072015625 0.659638378125 0.108288503125 0.6500344953125 0.0116229 0.665875459375 0.0120269203125 0.6890218359375
1 0.8712706593749999 0.148607709375 0.8666629374999999 0.1405557515625 0.8514724843750001 0.13801391406250002 0.8428267546875 0.14240001093750002 0.7921954015625 0.27777669843749997 0.7913943625 0.294014725 0.81534966875 0.299672471875 0.8183259515625 0.2973144375 0.8712706593749999 0.148607709375
0 0.670723665625 0.6454323937499999 0.679607640625 0.6560503078125001 0.7082638890624999 0.6602420015625 0.824938084375 0.63165470625 0.8307490921875 0.6282826406249999 0.8261638140625 0.6113846734374999 0.8034083375 0.568436875 0.75196379375 0.45254531406250004 0.743742753125 0.4528994046875 0.68248893125 0.47330208906250004 0.6714331687499999 0.47467021093749995 0.649440765625 0.484908459375 0.6309909031250001 0.4874126625 0.611192728125 0.47681886562500003 0.5905227359375 0.483135096875 0.5898149203124999 0.489855109375 0.638752746875 0.586380678125 0.6513467234375 0.6049405609375 0.670723665625 0.6454323937499999
0 0.2988588390625 0.62777840625 0.307456228125 0.6152183 0.303154075 0.5956323265625 0.19996288125 0.40124924687499997 0.1944574390625 0.393087296875 0.1803770515625 0.3886394453125 0.1464311671875 0.400135825 0.0127710796875 0.4259613 0.008193734375000001 0.469418684375 0.008339365625000001 0.47776196718749997 0.0471589484375 0.5397630437500001 0.10767390937500002 0.6472364984375 0.115801728125 0.6564004203125 0.122983484375 0.6572803421875 0.20431860937500002 0.6447834484375 0.2988588390625 0.62777840625
0 0.3351783921875 0.17073154375 0.3374917421875 0.1574015046875 0.30866803125 0.137533796875 0.26630774375 0.116688234375 0.2632123375 0.1115442625 0.24313103749999998 0.103638471875 0.2338931546875 0.0963805640625 0.1924305875 0.07564499375 0.1900913375 0.071955015625 0.12599587343750002 0.0416396796875 0.0407298015625 0.160520725 0.024803946875 0.3117210515625 0.0290802 0.3142870078125 0.1279519453125 0.359753984375 0.153609465625 0.375149721875 0.16168894375 0.3761396359375 0.16851679375 0.3803795640625 0.17673783125 0.380025475 0.20057055625000003 0.3523151875 0.3351783921875 0.17073154375
0 0.57944059375 0.6474686328125 0.6175753921875 0.5998015609375 0.5763538875 0.3726165453125 0.4655459234375 0.38575657812499997 0.5038839703125 0.3905225796875 0.47757619218749997 0.39412033125 0.3434583890625 0.3987377890625 0.4278727546875 0.6356351765625 0.5505413265625 0.6757380687500001 0.553211809375 0.665319465625 0.4769426796875 0.39434220781249996 0.50871065625 0.3900555078125 0.57944059375 0.6474686328125
3 0.5914371859374999 0.3504408796875 0.5730587734375 0.35799899062499996 0.70641078125 0.329150334375 0.719900284375 0.3294733328125 0.7351930109375 0.33277616718749997 0.7508183328125 0.3441560625 0.7672474984375001 0.346168996875 0.78717628125 0.34222803281249997 0.8048776453125001 0.32803616406249997 0.8038495343750001 0.3101629890625 0.7865262468750001 0.30264480625 0.7066320859374999 0.324882396875 0.69912025 0.32041980625 0.6997446484375 0.320188846875 0.6992335656249999 0.32035405 0.6966268140625 0.3136009375 0.7016965484375 0.310227871875 0.6946009171874999 0.31297903125 0.568538071875 0.35357547500000003 0.5914371859374999 0.3504408796875
3 0.733781134375 0.3048718515625 0.7349272796874999 0.304378403125 0.7373274703125 0.30628720781249996 0.6997446484375 0.320188846875 0.7764463671875 0.295395365625 0.7936478874999999 0.2876583453125 0.7806842781250001 0.2667028078125 0.747767353125 0.26529648125 0.7227722328125 0.277910628125 0.7170741453125 0.290630609375 0.7108808703125 0.30411723125 0.719565740625 0.2983388921875 0.733781134375 0.3048718515625