2 0.41600000000000004 0.4007474609375 0.4145451265625 0.37838659375 0.194043321875 0.3808395390625 0.185996390625 0.41692687812500007 0.1957003609375 0.46041909218750005 0.22608122812500003 0.493974271875 0.23457761718749998 0.48603317500000004 0.4366588453125 0.44377048124999996 0.41600000000000004 0.4007474609375
2 0.0764151625 0.3989363578125 0.006768953125 0.40622884218750005 0.0037635374999999997 0.40281719687499995 0.0033404593750000003 0.4918448234375 0.1173285203125 0.44671970156249996 0.0069224234375 0.49946194374999997 0.0844178703125 0.5699302640624999 0.134603790625 0.5957826671875 0.180655234375 0.57683276875 0.19948104687499998 0.5465511171874999 0.115891696875 0.44388964062499997 0.1166678703125 0.41688016250000004 0.0764151625 0.3989363578125
2 0.7171561375 0.317009478125 0.74889364375 0.3102782109375 0.8073213000000001 0.2935572109375 0.8131290609375 0.274746784375 0.795669675 0.2512681109375 0.7364142593749999 0.24043127968750003 0.68069404375 0.25312593125 0.6387409749999999 0.278581584375 0.6577698562500001 0.30428165156250003 0.7171561375 0.317009478125
2 0.747934115625 0.44467637031249996 0.7781480140625 0.42870886874999997 0.8036019859374999 0.2986750171875 0.74889364375 0.3102782109375 0.71703339375 0.3193960734375 0.647722021875 0.3040832765625 0.683664259375 0.4366960046875 0.747934115625 0.44467637031249996
2 0.9795505421874999 0.555662153125 0.9990974734375 0.5407786046874999 0.9990974734375 0.39459241718750004 0.9877402468750001 0.39245285 0.9865487359375 0.3966283 0.9397989953125 0.383421284375 0.9340622749999999 0.3823405546875 0.932851896875 0.3814586984375 0.9312689531249999 0.381011509375 0.9287860265625 0.3784963890625 0.9113202656249999 0.3657711921875 0.8924620937500001 0.40061543593750004 0.86744855625 0.4788199046875 0.85477436875 0.4821191609375 0.8483664265625 0.5100473937500001 0.8778041515625 0.5382599859375 0.9294792421875 0.5572816515625 0.9795505421874999 0.555662153125
2 0.9287860265625 0.3784963890625 0.932851896875 0.3814586984375 0.9397989953125 0.383421284375 0.9877402468750001 0.39245285 0.9990974734375 0.3526533515625 0.9990974734375 0.32304603906249996 0.9418664609375 0.3316682984375 0.9333754515624999 0.3349932296875 0.918238153125 0.35298901250000003 0.913056584375 0.36256299531249997 0.9287860265625 0.3784963890625
0 0.6408384468749999 0.49371631718750003 0.6696155234375001 0.46742789374999993 0.68579693125 0.467811103125 0.6040758125 0.359767771875 0.44558754531250006 0.4034983078125 0.5226814078124999 0.560746784375 0.5289918765625 0.5861753546874999 0.6616651625000001 0.54777454375 0.6482951265625 0.5312051453125 0.6408384468749999 0.49371631718750003
0 0.402320396875 0.4582173328125 0.191302346875 0.55006838125 0.302320396875 0.7959214625000001 0.3135225625 0.8068903187500001 0.589788809375 0.6913297218750001 0.5668646203125001 0.6669587 0.402320396875 0.4582173328125
0 0.0171335734375 0.9993229515625 0.4142545125 0.9993229515625 0.2596444046875 0.7490108328125 0.0041949453125 0.8598970890625001 0.0171335734375 0.9993229515625
0 0.6686805046875001 0.676823290625 0.8630947656249999 0.9659241703125 0.9990974734375 0.9141800953124999 0.9977418765625 0.70012999375 0.907594765625 0.6012437375 0.6686805046875001 0.676823290625
4 0.7981904328125 0.4835077859375 0.742848375 0.4550501015625 0.6851534296875 0.463850371875 0.639146209375 0.5055910625 0.68167371875 0.5449446078125 0.743253609375 0.5525213265625 0.8103761921875 0.52260141875 0.8116570390625 0.5183845640625 0.7981904328125 0.4835077859375
4 0.8102477218749999 0.523024375 0.7478456671875 0.5567928234374999 0.6821308671875 0.5453676375 0.68167371875 0.5449446078125 0.6810288812499999 0.5448652671875001 0.6657897109375 0.5469282328125 0.68853790625 0.6039018281249999 0.7061389890624999 0.6203981046875 0.7770018046875 0.6165768453125 0.789085740625 0.5926946515625 0.8102477218749999 0.523024375
4 0.203112815625 0.670429925 0.192509928125 0.6385341906249999 0.1251290609375 0.5937000671875 0.09525 0.5807670953125 0.0934826015625 0.584302171875 0.058937724999999996 0.56440284375 0.016472923437500002 0.576905890625 0.002132671875 0.5891110359375 0 0.6298530812500001 0.035712996875 0.6814779953125 0.097330325 0.725280975 0.1613971125 0.709174678125 0.203112815625 0.670429925
1 0.6353790609375001 0.9844278937500001 0.6191335734375001 0.9573459718749999 0.5216606500000001 0.7582938390625 0.5135379062500001 0.75423155 0.5018050546875 0.755585646875 0.49368231093750004 0.759647934375 0.49097472968750006 0.768449559375 0.4900722015625 0.775220040625 0.5009025265625 0.803656059375 0.5866426 0.9993229515625 0.6353790609375001 0.9993229515625 0.6389891703125 0.985781990625 0.6353790609375001 0.9844278937500001
1 0.7472924187500001 0.98239675 0.7761732859375 0.9688557890625 0.7870036093749999 0.9668246453125 0.7879061375 0.9587000671875 0.6389891703125 0.7406905890625 0.6281588453125 0.7325660125 0.615523465625 0.73459715625 0.6064981953124999 0.740013540625 0.604693140625 0.7515233578125 0.6164259921874999 0.775220040625 0.6552346578125 0.8348002703124999 0.72563176875 0.9546377796875 0.7436823109375 0.98239675 0.7472924187500001 0.98239675
1 0.5920577625 0.766418415625 0.577617328125 0.7745429921875 0.5794223828125 0.790792146875 0.6787003609375 0.9668246453125 0.694043321875 0.9993229515625 0.7481949453125 0.9993229515625 0.607400721875 0.7670954640625001 0.5920577625 0.766418415625
1 0.577617328125 0.8097494921875 0.555956678125 0.8178740687499999 0.555956678125 0.8259986453125 0.6407942234374999 0.9993229515625 0.6904332125 0.9993229515625 0.6787003609375 0.9722410296874999 0.588447653125 0.8097494921875 0.577617328125 0.8097494921875