2 0.97833935 0.501015571875 0.9503610109375 0.507786053125 0.941335740625 0.51523358125 0.9341155234375 0.527420446875 0.93501805 0.547054840625 0.946750903125 0.5639810421875 0.9666064984375 0.5734597156250001 0.9990974734375 0.57684495625 0.9990974734375 0.4996614765625 0.97833935 0.501015571875
2 0.5812274375 0 0.56227436875 0.0291130671875 0.5162454875 0.07921462500000001 0.5108303249999999 0.08869329687500001 0.48555956718750004 0.10629654687500001 0.47472924218749996 0.1279620859375 0.47472924218749996 0.14556533437500002 0.47833935 0.154366959375 0.5036101078125 0.1597833453125 0.5261732859375 0.161137440625 0.534296028125 0.16452268125 0.5315884468750001 0.17738659375000002 0.5252707578125 0.18009478750000002 0.5207581234374999 0.18686526718750002 0.5108303249999999 0.1888964109375 0.5153429609375 0.194312796875 0.5415162453125 0.2010832765625 0.558664259375 0.20176032500000002 0.5794223828125 0.20176032500000002 0.599277978125 0.1956668921875 0.6146209390624999 0.18280297968749998 0.626353790625 0.1577522 0.637184115625 0.1462423828125 0.664259928125 0.1015572109375 0.6768953062499999 0.0907244421875 0.6841155234375 0.075829384375 0.69314079375 0.0683818546875 0.7003610109375 0.056194990624999996 0.704873646875 0.038591740624999996 0.70397111875 0.0270819234375 0.6895306859375 0 0.5812274375 0
2 0.9043321296875 0.254570075 0.9296028875 0.254570075 0.9548736468750001 0.24847664218749999 0.9666064984375 0.24306025781249999 0.9801444046875 0.2308733921875 0.9909747296875 0.21394719062499998 0.9954873640624999 0.20176032500000002 0.9963898921875 0.184157075 0.9900722015625 0.15639810468749998 0.9738267140625 0.1340555171875 0.9386281593750001 0.108327690625 0.9025270765625001 0.10088016250000001 0.8808664265624999 0.10088016250000001 0.8610108296875 0.1049424515625 0.8294223828125 0.12525389375 0.819494584375 0.14014895 0.8095667875 0.1658767765625 0.79602888125 0.1740013546875 0.7897111906250001 0.184157075 0.7671480140625 0.1970209890625 0.7536101078125 0.21868652656249998 0.75 0.22816519999999998 0.7554151625000001 0.23155044062500002 0.8510830328125 0.23019634375 0.8583032484374999 0.235612728125 0.870938628125 0.2593094109375 0.9043321296875 0.254570075
2 0.9972924187500001 0.2024373734375 0.9819494578124999 0.23222748750000002 0.9611913359375001 0.24915369062499998 0.95397111875 0.2505077859375 0.95397111875 0.2626946515625 0.9620938625000001 0.2911306703125 0.9657039718749999 0.29316181406249997 0.9990974734375 0.29180771875 0.9990974734375 0.1916046046875 0.9972924187500001 0.2024373734375
2 0.967509025 0.095463778125 0.9395306859374999 0.10629654687500001 0.968411553125 0.1272850375 0.9801444046875 0.14014895 0.9963898921875 0.1685849703125 0.9990974734375 0.1834800265625 0.9990974734375 0.0880162484375 0.967509025 0.095463778125
4 0.8402527078125 0.6357481375 0.8592057765625001 0.6235612734375 0.8700361015625001 0.6113744078125001 0.8736462093749999 0.5991875421875 0.8691335734375001 0.5903859171875 0.8167870031250001 0.5308056875 0.7716606500000001 0.488151659375 0.7436823109375 0.48882870624999997 0.7166064984375 0.501015571875 0.6904332125 0.5172647265625 0.6678700359375 0.5409614078125 0.6651624546875 0.553825321875 0.6787003609375 0.5673662828125 0.7680505421875 0.62491536875 0.8023465703125 0.6418415703125 0.8240072203125001 0.6411645234375001 0.8402527078125 0.6357481375
4 0.6272563171875001 0.9553148281249999 0.6119133578125 0.9566689234375 0.58393501875 0.9661475968750001 0.566787003125 0.979011509375 0.55685920625 0.9939065671874999 0.555956678125 0.9993229515625 0.6895306859375 0.9993229515625 0.6759927796875 0.976980365625 0.6651624546875 0.9668246453125 0.6489169671874999 0.9587000671875 0.6272563171875001 0.9553148281249999
0 0.6326714796874999 0.7474610703125 0.6227436828124999 0.7285037234375 0.5171480140625 0.6059580234374999 0.5009025265625 0.6100203109375 0.47111913281250006 0.6235612734375 0.454873646875 0.635071090625 0.2400722015625 0.744752878125 0.239169675 0.75220040625 0.25270758125000004 0.7691266078125001 0.3456678703125 0.8774542999999999 0.36732852031249996 0.8984427890625 0.40342960312500004 0.8808395390625 0.6326714796874999 0.7474610703125
0 0 0.7305348687500001 0.022563176562500002 0.731211915625 0.1949458484375 0.70819228125 0.25631768906249996 0.6966824640625 0.2599277984375 0.6932972234375 0.26083032500000003 0.68178740625 0.2337545125 0.4827352734375 0.22382671406250002 0.42654028437499997 0.21660649843750002 0.4116452265625 0.18501805 0.38997968906249997 0.1732851984375 0.3865944484375 0.0045126359375000005 0.3920108328125 0 0.3940419765625 0 0.7305348687500001
1 0.653429603125 0.6973595125000001 0.5333935015625 0.56127285 0.5270758125 0.557887609375 0.5045126359375 0.5693974265625 0.5090252703125 0.58090724375 0.6254512640625001 0.7102234265625 0.634476534375 0.7163168578125 0.6525270765625 0.71293161875 0.6579422375 0.7061611375 0.653429603125 0.6973595125000001
1 0.468411553125 0.538253215625 0.46660649843749996 0.5280974953124999 0.452166065625 0.51997291875 0.4097472921875 0.5233581578125001 0.3880866421875 0.5301286390625 0.3880866421875 0.5423155046875 0.395306859375 0.5497630328125 0.4016245484375 0.55044008125 0.45126353750000003 0.551794178125 0.4638989171875 0.5463777921874999 0.468411553125 0.538253215625
1 0.8176895312499999 0.7616790796874999 0.7915162453125 0.757616790625 0.7861010828125 0.7589708875000001 0.78519855625 0.768449559375 0.77978339375 0.775220040625 0.7481949453125 0.9160460390624999 0.7454873640625 0.937711578125 0.7554151625000001 0.943805009375 0.7725631765625 0.94515910625 0.77978339375 0.9282329046875001 0.8176895312499999 0.7765741375 0.8176895312499999 0.7616790796874999
1 0.919675090625 0.7657413671875 0.9990974734375 0.781990521875 0.9990974734375 0.6784021671875 0.9620938625000001 0.66892349375 0.9151624546875 0.649966146875 0.8916967515625001 0.6486120515625 0.8610108296875 0.658090725 0.8510830328125 0.665538253125 0.8366426 0.683141503125 0.8321299640625 0.6946513203125 0.8312274374999999 0.7176709546875 0.835740071875 0.731211915625 0.846570396875 0.746784021875 0.8592057765625001 0.755585646875 0.8835740078125 0.764387271875 0.919675090625 0.7657413671875
0 0.9990974734375 0.3874840890625 0.9273465703125 0.3215978328125 0.7124061375 0.4676790796875 0.74164079375 0.4857887609375 0.7682229234375 0.4852992546875 0.858952165625 0.582280975 0.9990974734375 0.4605511171875 0.9990974734375 0.3874840890625
0 0.8533113718750001 0.231446175 0.6439936828125 0.2366492890625 0.40823465781249996 0.4595396078125 0.581565884375 0.51725389375 0.5880440203124999 0.523146584375 0.576330325 0.51203114375 0.8469657046875 0.245647934375 0.860503609375 0.245647934375 0.8767208406250001 0.2591175390625 0.8800694953124999 0.25596885625 0.8533113718750001 0.231446175
0 0.1795532484375 0 0.0344882671875 0.09331211874999999 0.0906055953125 0.10209952656250001 0.0055351984375000005 0.133935003125 0 0.20492620156250002 0.00260018125 0.2410995265625 0.1118393625 0.33010445312500003 0.10691967499999999 0.33332024374999997 0.207651625 0.38525592343750004 0.2301353796875 0.4007081921875 0.496168609375 0.2016693671875 0.49428339374999997 0.20006635 0.5117327109375001 0.1900247296875 0.53345410625 0.1737733734375 0.5181956203125 0.169962940625 0.409882671875 0.14656398125 0.39794043281249997 0.1210223421875 0.347693140625 0.040477318750000005 0.29049187656250003 0 0.1795532484375 0
0 0.2896923796875 0.44964933125 0.2898050546875 0.44972105625000003 0.29689981875 0.4664624234375 0.5679043328125 0.2824231546875 0.5679043328125 0.2626668921875 0.566915271875 0.2618258859375 0.2896923796875 0.44964933125
3 0.7851101078125 0.7612423828125 0.7172978343749999 0.6935646578125 0.8068980140625 0.752752878125 0.82496660625 0.7184712249999999 0.792840253125 0.6912105625 0.7647418765625 0.69402708125 0.7376922375 0.6931347328124999 0.6088880859375 0.600298578125 0.6933240078125 0.6871773859375 0.70877436875 0.7038456328125 0.7210252703125 0.72435545 0.713499096875 0.752455653125 0.7520063171875 0.7796235609375 0.7851101078125 0.7612423828125