0 0.6419047171875001 0.713592521875 0.6664508703124999 0.7182991453125 0.759718540625 0.7115187109375001 0.8395387265625001 0.7098731046875 0.8493438281250001 0.7061995546875 0.8528104937500001 0.7020328578125 0.8566243703125 0.6043427343750001 0.8681791593750001 0.4955851765625 0.86181709375 0.4944150859375 0.8484271671875 0.49887060625 0.663465934375 0.5293264828125 0.6487721468750001 0.5223001968750001 0.6391365625 0.504962196875 0.633940653125 0.48546207812500003 0.629217390625 0.47950085781249996 0.6229025859374999 0.47968465625 0.5986400187500001 0.48310137031249994 0.5906391484375 0.4867224078125 0.5895911515625001 0.508437159375 0.6125253171875 0.648039625 0.6253594328125 0.7052648609375 0.6419047171875001 0.713592521875
2 0.508118615625 0.942460565625 0.5232891390625001 0.9372755843749999 0.5380342828125 0.9199055953125 0.6512362671874999 0.851558003125 0.7005730765625 0.8162403734374999 0.6954008015625 0.7974172 0.6662063687499999 0.7630300265625001 0.6331394359375 0.7470516484374999 0.518397265625 0.7971479828125 0.515832715625 0.8012884234375001 0.5181095890625 0.8147748078125 0.52105225625 0.8214654875 0.532945171875 0.8258627625000001 0.5364550109375 0.8488001203125 0.53419768125 0.8617408453125 0.5265040296875 0.8741621640625 0.48386422656250005 0.8943769515625 0.4434817578125 0.9016510156249999 0.44279233125 0.9077697765625 0.4587190875 0.924247034375 0.48547121875 0.9404092078125 0.508118615625 0.942460565625
2 0.381141315625 0.9007549593749999 0.401058734375 0.9022081421875001 0.42904792187499996 0.902071125 0.47842790625 0.8938575484375001 0.5025014156250001 0.8850252734374999 0.5254837546875 0.8708036984374999 0.5332246703125 0.859736265625 0.5334178171875 0.8394016609375001 0.5257282562500001 0.8260728187499999 0.5183695453125 0.822221203125 0.5090689 0.7886102671875 0.5063902765625 0.7636158203125001 0.4952617734375 0.729380453125 0.4885924859375 0.7194100765625 0.48410554687499996 0.7202183046874999 0.48165915625 0.727743471875 0.469407665625 0.7389421875 0.45316551250000003 0.7651649734375 0.44986018124999994 0.79982045 0.4374905328125 0.8076344390625 0.42319849062500003 0.81211621875 0.4070313234375 0.8146196765625 0.3960877875 0.8115500328125 0.3712385015625 0.7722929609375 0.35234544843750004 0.7484480812500001 0.3487369890625 0.748553109375 0.33992444375 0.780658346875 0.3004595390625 0.8400834265625001 0.3002427609375 0.8597410859375 0.311611678125 0.8749957359374999 0.336512315625 0.8898565359375 0.381141315625 0.9007549593749999
2 0 0.7696394343749999 0.003659721875 0.874472096875 0.00914330625 0.8763453890624999 0.0344970453125 0.878317978125 0.060611107812499995 0.8762026374999999 0.0829749171875 0.8701306578124999 0.0970779 0.8602333203124999 0.1856042046875 0.705866940625 0.20968180625000002 0.671284503125 0.21091886093749998 0.6549853109375 0.19292792187500002 0.6311141734375 0.17016236406250002 0.6256780890625 0.066848646875 0.615132471875 0.05058695 0.61492815 0.0461945375 0.6184441609375 0.0430114578125 0.6307341953125001 0.054309479687499995 0.6439580125 0.0621881 0.662702415625 0.0436218078125 0.6740849296875 0.0352191875 0.6661979015624999 0.027978637499999997 0.6657310109375 0.01677105625 0.6809651390625 0.0169601140625 0.6863806984374999 0 0.7189740953125 0 0.7696394343749999
0 0 0.176723328125 0.0026317078125 0.172474465625 0.008044396875 0.172316925 0.025306823437499997 0.1494526046875 0.0306958796875 0.14861811875 0.03667983125 0.138957090625 0.1413178609375 0.03223369375 0.14818029375 0.021869465625 0 0.026182385937500004 0 0.176723328125
0 0.8913132812500001 0.1235690796875 0.8755680984374999 0.0203790734375 0.49984361718750003 0.011633989062499999 0.4558014 0.012915878124999999 0.46097367499999997 0.031739051562499995 0.5322830046875 0.21194674375 0.5397126109375 0.2178291953125 0.8744330578125 0.1315143515625 0.8913132812500001 0.1235690796875
1 0.2672339875 0.3280824765625 0.27960363906249996 0.32026848750000003 0.3438828296875 0.2214960984375 0.3415823234375 0.20733276875 0.33220669375 0.1974411625 0.3220943734375 0.192314428125 0.306829321875 0.194791628125 0.2777921359375 0.21664339843749997 0.26836515156249996 0.2311480671875 0.21534489531249998 0.2902900546875 0.2142260015625 0.309973971875 0.2273518828125 0.32382221875 0.24653261406250002 0.330040275 0.2672339875 0.3280824765625
1 0.8453167968749999 0.2028356171875 0.8541252546875 0.19648054375 0.852514171875 0.1761984515625 0.84216553125 0.16430226875 0.8358034625 0.1631321765625 0.8169772171874999 0.167068296875 0.47658412656250004 0.24609428437499997 0.47430316250000004 0.25835806093749997 0.4841750703125 0.2824655125 0.48972955 0.2863696421875 0.8453167968749999 0.2028356171875
4 0.6570566046875 0.5268025 0.6697098421875001 0.5271118484375 0.83399333125 0.49929071562500005 0.9048113796875 0.48435447187499997 0.9215734421875 0.4730244734375 0.927510128125 0.46200955468749993 0.930575046875 0.44633479375 0.9288930671875001 0.42402186718749996 0.9247410671875 0.4085571625 0.9161021265624999 0.3939006859375 0.903070771875 0.38276021718750003 0.889397259375 0.3790924 0.8288610484375001 0.37814382968750004 0.6394642296875 0.38501165937500004 0.6307030359375 0.39272062343749997 0.627543590625 0.40568760312499996 0.6283902625 0.45580778593750004 0.637903596875 0.4955112265625 0.648653984375 0.518915471875 0.6570566046875 0.5268025
2 0.871133190625 0.58020329375 0.948308309375 0.7473652359375 0.951223253125 0.7791291328125001 0.9588182875 0.789750196875 0.9717787421875 0.7988598296875 0.9863925234375 0.8028470484374999 0.9908230859374999 0.5490203515625 0.9736002375 0.5406287296875 0.9572676437500001 0.5383935734375 0.9248624124999999 0.5413696546875 0.9025695 0.54947246875 0.8787323125000001 0.5650741921875 0.871133190625 0.58020329375
0 0.46103440625000003 0.40749414375 0.45085768281250005 0.7887069890625 0.5767806171875 0.6366576421875 0.6375820437499999 0.3185249390625 0.5703312781250001 0.31549224374999996 0.414865478125 0.3619260921875 0.41203583593750004 0.4066637734375 0.288464715625 0.3163777875 0.242802078125 0.32018155625 0.2703679921875 0.637184928125 0.412068859375 0.8021189828124999 0.41970512343750005 0.8014427203125001 0.4098856546875 0.41100763906250004 0.46103440625000003 0.40749414375
0 0 0.6371653109375 0.063643065625 0.6867383921875 0.025878525000000003 0.6108761 0.026621646875 0.6109351562499999 0 0.569635246875 0 0.6371653109375
0 0 0.26546746718750003 0.057686846874999996 0.2594671 0.198966846875 0.6246316765625 0.133900871875 0.6194607890625 0.1998094 0.6265465375 0.2439511875 0.606209428125 0.09053810625 0.25092754687499996 0.049321262500000004 0.2568055765625 0 0.2649448859375 0 0.26546746718750003