0 0.6064981953124999 0.2505077859375 0.6110108296875 0.25592417031250003 0.6579422375 0.2789438046875 0.7644404328125 0.3229519296875 0.782490975 0.31076506406250004 0.803249096875 0.28165199687500003 0.8501805046875001 0.22951929531249998 0.865523465625 0.20446851718749998 0.841155234375 0.19092755625 0.674187725 0.12051455625 0.653429603125 0.108327690625 0.6380866421875 0.10629654687500001 0.6272563171875001 0.11645226875 0.5523465703125 0.21259309375000002 0.5496389890625 0.224779959375 0.5550541515625 0.23222748750000002 0.5712996390625 0.2396750171875 0.593862815625 0.24441435312499998 0.5956678703125 0.24779959375 0.6064981953124999 0.2505077859375
0 0.5911552343750001 0.47867298593749996 0.599277978125 0.47867298593749996 0.6651624546875 0.442112390625 0.6868231046875 0.42654028437499997 0.7346570390625 0.4075829390625 0.7247292421875 0.39268788125 0.5830324906250001 0.2593094109375 0.5649819500000001 0.24576845 0.48646209375 0.28639133437500003 0.43231046875 0.32227488125 0.4314079421875 0.32566012187500004 0.445848375 0.33987813125 0.4476534296875 0.345294515625 0.47743682343750005 0.37102234218749996 0.5225631765625 0.41909275625 0.5911552343750001 0.47867298593749996
0 0.5153429609375 0.41706161093749994 0.3456678703125 0.461746784375 0.34747292343749997 0.47325660156250005 0.44133574062500003 0.6540284359374999 0.454873646875 0.6519972921875 0.607400721875 0.603926878125 0.607400721875 0.59851049375 0.5153429609375 0.41706161093749994
0 0.289711190625 0.40148950625 0.29061371875 0.396073121875 0.281588446875 0.3777928234375 0.2788808671875 0.3601895734375 0.2707581234375 0.3371699390625 0.2662454875 0.33310765 0.24187725625 0.3337846984375 0.1227436828125 0.35612728437499996 0.1254512640625 0.37440758281250003 0.1705776171875 0.505754909375 0.2382671484375 0.4962762359375 0.31498195 0.48138117812500003 0.311371840625 0.461746784375 0.289711190625 0.40148950625
0 0.3348375453125 0.7305348687500001 0.36823104687499997 0.7244414359375 0.419675090625 0.713608665625 0.44314079375000004 0.7007447531250001 0.44494584843749996 0.6892349359375001 0.43501804999999993 0.645903859375 0.38447653437499996 0.549085984375 0.284296028125 0.5687203796875 0.2599277984375 0.5761679078124999 0.25812274375 0.5829383890625001 0.2662454875 0.5991875421875 0.28249097500000003 0.652674340625 0.305956678125 0.7088693296875 0.322202165625 0.72579553125 0.3348375453125 0.7305348687500001
3 0.1092057765625 0.5443466484374999 0.11281588437500001 0.525389303125 0.1272563171875 0.5016926203125001 0.1435018046875 0.4955991875 0.1570397109375 0.4820582265625 0.1552346578125 0.465809071875 0.1516245484375 0.4603926875 0.1416967515625 0.45497630312500004 0.12635379062500002 0.4536222078125 0.120938628125 0.45633039999999997 0.10018050468749999 0.44820582187499997 0.08754512656249999 0.4502369671875 0.080324909375 0.45429925468750004 0.0740072203125 0.46513202500000006 0.074909746875 0.4820582265625 0.0794223828125 0.490182803125 0.0947653421875 0.503046715625 0.0956678703125 0.5457007453125 0.10469314062499999 0.5463777921874999 0.1092057765625 0.5443466484374999
2 0.148014440625 0.8016249156249999 0.1787003609375 0.794854434375 0.202166065625 0.7786052812500001 0.2211191328125 0.7474610703125 0.25 0.713608665625 0.25812274375 0.70819228125 0.25812274375 0.704807040625 0.27978339375 0.6858496953125 0.28249097500000003 0.6736628296875 0.2806859203125 0.658090725 0.2590252703125 0.6452268109375 0.2445848375 0.6438727156249999 0.23646209375 0.645903859375 0.1444043328125 0.6885578875 0.1010830328125 0.7007447531250001 0.0821299640625 0.7156398109375 0.069494584375 0.740013540625 0.0685920578125 0.7528774546875 0.0767148015625 0.7718347999999999 0.093862815625 0.78740690625 0.1092057765625 0.7955314828125 0.134476534375 0.8016249156249999 0.148014440625 0.8016249156249999
2 0.6299638984375 0.656736628125 0.626353790625 0.6533513875 0.46480144375 0.6736628296875 0.457581228125 0.676371021875 0.452166065625 0.69058903125 0.452166065625 0.71699390625 0.4566787 0.731211915625 0.4620938625 0.735951253125 0.6462093859375 0.7461069734375 0.634476534375 0.675693975 0.6299638984375 0.656736628125
2 0.70397111875 0.7007447531250001 0.7229241875 0.704807040625 0.75 0.7054840890625 0.7770758125 0.7000677046875 0.803249096875 0.685172646875 0.8185920578125 0.6628300609375 0.819494584375 0.637102234375 0.8104693140625001 0.6181448890625 0.79061371875 0.6025727828125 0.7770758125 0.595125253125 0.7346570390625 0.5897088687500001 0.7057761734375 0.5795531484375 0.669675090625 0.5727826671875 0.6588447656249999 0.575490859375 0.6444043328125 0.587677725 0.6435018046875001 0.603926878125 0.656137184375 0.6323628984375 0.6651624546875 0.6696005421875 0.6732851984375 0.6811103593750001 0.6895306859375 0.6939742718749999 0.70397111875 0.7007447531250001
4 0.70397111875 0.5443466484374999 0.7274368234375 0.53283683125 0.7355595671875 0.518618821875 0.7328519859375 0.5003385234375 0.7211191328125001 0.48882870624999997 0.7030685921875001 0.4820582265625 0.6687725625 0.47799593749999997 0.6552346578125 0.47325660156250005 0.6326714796874999 0.47799593749999997 0.6119133578125 0.49695328437499997 0.6110108296875 0.51117129375 0.6218411546875 0.52877454375 0.6353790609375001 0.5368991203125 0.656137184375 0.5409614078125 0.68772563125 0.5457007453125 0.70397111875 0.5443466484374999
4 0.8962093859375001 0.380501015625 0.9124548734375001 0.3730534875 0.927797834375 0.3615436703125 0.9368231046875 0.34597156406249996 0.9386281593750001 0.332430603125 0.935920578125 0.3215978328125 0.927797834375 0.30941096875 0.911552346875 0.29790115156249997 0.8826714796875 0.29180771875 0.8574007218749999 0.2945159109375 0.8366426 0.3026404875 0.7698555953125 0.354096140625 0.7644404328125 0.3615436703125 0.7626353796875 0.37440758281250003 0.7653429609375 0.3811780640625 0.7752707578125 0.391333784375 0.7870036093749999 0.3953960734375 0.8176895312499999 0.39336492968750003 0.8962093859375001 0.380501015625
2 0.8727436828125 0.551794178125 0.8916967515625001 0.5545023703124999 0.92148014375 0.553825321875 0.957581228125 0.542992553125 0.9774368234375 0.5280974953124999 0.9900722015625 0.5118483406250001 0.9954873640624999 0.498984428125 0.9936823109375 0.4698713609375 0.9747292421875 0.44549762968750006 0.9503610109375 0.4312796203125 0.919675090625 0.42586323593750003 0.8916967515625001 0.42654028437499997 0.8691335734375001 0.4312796203125 0.8402527078125 0.44685172656249994 0.7969314078124999 0.45836154375 0.7698555953125 0.479350034375 0.7707581234374999 0.50236966875 0.782490975 0.5132024375 0.8185920578125 0.5301286390625 0.8330324906250001 0.5314827359375001 0.851985559375 0.5443466484374999 0.8727436828125 0.551794178125
2 0 0.6181448890625 0.0099277984375 0.630331753125 0.04061371875 0.637102234375 0.202166065625 0.5991875421875 0.22382671406250002 0.5897088687500001 0.23104693125 0.5795531484375 0.2319494578125 0.562626946875 0.2247292421875 0.547054840625 0.20758122812500002 0.53283683125 0.174187725 0.527420446875 0.11311642656250001 0.5457007453125 0.10288808593750001 0.5457007453125 0.0198555953125 0.5687203796875 0.0054151625 0.5761679078124999 0 0.582261340625 0 0.6181448890625
1 0.2933213 0.272173325 0.27436823125 0.2735274203125 0.2942238265625 0.396073121875 0.2969314078125 0.3987813140625 0.3077617328125 0.3987813140625 0.3158844765625 0.394719025 0.2987364625 0.279620853125 0.2933213 0.272173325
1 0.3718411546875 0.3723764390625 0.370938628125 0.3676371015625 0.319494584375 0.26811103593749996 0.3104693140625 0.255247121875 0.295126353125 0.2572782671875 0.2933213 0.2633717 0.297833934375 0.2735274203125 0.349277978125 0.3723764390625 0.3528880859375 0.3764387265625 0.36552346562500004 0.37508463124999997 0.3718411546875 0.3723764390625
1 0.389891696875 0.364928909375 0.3889891703125 0.3568043328125 0.33844765312499997 0.2572782671875 0.32942238281249997 0.24779959375 0.31498195 0.2505077859375 0.3131768953125 0.255247121875 0.319494584375 0.26946513125 0.3664259921875 0.3601895734375 0.37274368281250003 0.37034529374999997 0.3781588453125 0.37034529374999997 0.389891696875 0.364928909375
1 0.360108303125 0.2518618828125 0.349277978125 0.2505077859375 0.33935018125 0.2538930265625 0.341155234375 0.264048746875 0.395306859375 0.3689911984375 0.3989169671875 0.3723764390625 0.41335740000000004 0.37034529374999997 0.41606498125 0.3642518625 0.360108303125 0.2518618828125