2 0.74915133125 0.20081798437499998 0.7288152859375 0.18935534062499998 0.70541426875 0.1865032953125 0.6854288562499999 0.188611840625 0.667956890625 0.195623259375 0.658604371875 0.203154153125 0.65171014375 0.2169392640625 0.6409906578125 0.30228805625 0.6404667078124999 0.31512585312499997 0.65407398125 0.3363195671875 0.6708841140625 0.3455243140625 0.7102482546875 0.356172040625 0.735867240625 0.34900441875 0.7552814078125001 0.33873007187500004 0.769503225 0.32270401875 0.7723002953125 0.2984952078125 0.76058793125 0.2530349640625 0.7592878453125 0.218402453125 0.74915133125 0.20081798437499998
2 0.3367142765625 0.13378448125 0.311481359375 0.131492671875 0.308140621875 0.1468600046875 0.297279259375 0.1691979953125 0.2429803109375 0.25853300468749996 0.24152662343750003 0.271988759375 0.2964126671875 0.3012429421875 0.31336067968750003 0.3070693203125 0.34735515625 0.2719851625 0.356880996875 0.2380452828125 0.3701454984375 0.22331285781250002 0.3822320796875 0.21527945 0.4163565765625 0.19917187187500002 0.42117071875 0.1920280578125 0.42057189843750004 0.1845379296875 0.39345979375 0.1618027546875 0.3554114578125 0.14107764375 0.3367142765625 0.13378448125
2 0.4853817078125 0.2144270234375 0.4586478109375 0.20458736718749998 0.41889760000000004 0.2033990703125 0.3969424078125 0.2094462203125 0.3849109828125 0.21612828125 0.37192224375 0.22410396875 0.3660404828125 0.23524410625 0.3586853171875 0.23816072031250002 0.3526932515625 0.2520035515625 0.35240962656249997 0.28111523437499997 0.36093485468750003 0.29385455 0.3758027859375 0.30632222656249997 0.4254689 0.3305003796875 0.45114303749999995 0.3219814125 0.4665073421875 0.3222869640625 0.5059266359375 0.33158334375 0.512820865625 0.31779823125 0.5107840765625 0.279053959375 0.5135259953125 0.256196496875 0.5080105875 0.236197928125 0.5020263796875 0.2276858125 0.4853817078125 0.2144270234375
2 0.122035790625 0.4072832703125 0.10604508906250001 0.4001632640625 0.076356525 0.3962315125 0.059077595312499995 0.3985132171875 0.038871571875 0.40602715156249997 0.017432473437500002 0.42159145000000003 0.014867868749999999 0.48442909375000004 0.024405565625 0.494523434375 0.04657350625 0.50542584375 0.11962092499999999 0.5107767671875 0.161801853125 0.51889495625 0.19337746875 0.5209151265624999 0.21172401718749997 0.5146371000000001 0.2201743765625 0.5070484890625 0.22613886875000003 0.49388133281249996 0.22562277812499998 0.48436418437500006 0.220595884375 0.4745584390625 0.14204091875 0.4268539984375 0.122035790625 0.4072832703125
2 0.22489806093750003 0.679419928125 0.2355939640625 0.661135978125 0.23658671406249998 0.6368117296875 0.23336414218749998 0.627121421875 0.21874440156250002 0.6085726828125 0.1920105046875 0.5987330265625 0.0490279328125 0.600424178125 0.029806801562500002 0.6059688109375 0.017906315625 0.6154001296875 0.019530296875 0.6712127640625 0.0216362 0.6731898546874999 0.0394587984375 0.679749628125 0.1223472515625 0.687762484375 0.175298953125 0.6979246484375 0.20263953125 0.6928994890625 0.22489806093750003 0.679419928125
4 0.40142589375000004 0.520677059375 0.3889059546875 0.5171662968749999 0.2758719921875 0.560742359375 0.26105135625 0.5692782828125 0.256836034375 0.5839122265625 0.2701675453125 0.6118626765624999 0.2806625546875 0.6206633874999999 0.2976657203125 0.6251384203125 0.3522641453125 0.6171151171875 0.4362005015625 0.599452378125 0.44098706718749997 0.5929842390625 0.4406088578125 0.5800887203125 0.42910924531249994 0.5515780359375 0.4179602625 0.5366385421875 0.40142589375000004 0.520677059375
4 0.28462995 0.922377078125 0.26568458125 0.9211649749999999 0.2455888640625 0.9259762171875 0.23445959843750003 0.9327159953124999 0.1874763828125 0.975775840625 0.330919890625 0.9849531859375 0.3325390375 0.9674433921875 0.3225404046875 0.9464805546875 0.305103875 0.930461353125 0.28462995 0.922377078125
1 0.3827406984375 0.7125514 0.379730878125 0.7198106515625 0.3822719 0.7240378515625 0.390170734375 0.7299627125 0.3991923375 0.7305399031250001 0.46287537968750003 0.699387496875 0.5189274921875 0.67790844375 0.5615023515625001 0.6542122546875 0.553768975 0.6442333515625001 0.544995559375 0.637575096875 0.4823525609375 0.6654068546875 0.3827406984375 0.7125514
1 0.63625164375 0.6400263640625 0.6259418125 0.648850884375 0.628207071875 0.65983481875 0.643268034375 0.6675727796875 0.659534496875 0.6679360515625 0.669761603125 0.661138553125 0.670009790625 0.6550574890624999 0.6630682703125 0.6478390015625 0.6480073078124999 0.6401010406250001 0.63625164375 0.6400263640625
1 1 0.2787354796875 0.8959514265624999 0.305051384375 0.8894984218750001 0.3080257171875 0.8919291390625 0.3149556109375 0.9042284703125001 0.32387176093750003 1 0.302330753125 1 0.2787354796875
1 0.175539409375 0.8693318187499999 0.1806490328125 0.8771105421875 0.195958184375 0.878767440625 0.20429823906250003 0.873881525 0.24612054374999998 0.7356501859375 0.24588021875 0.7193763 0.22163219218750002 0.715115190625 0.2188154046875 0.7176447265625 0.175539409375 0.8693318187499999
0 0.343715075 0.361174075 0.33417737812500004 0.3510797328125 0.3053358203125 0.348557046875 0.1908284546875 0.38390959062499996 0.185250034375 0.38761731718750003 0.190903325 0.40423751875 0.21634112968750002 0.44583383281250005 0.27505256093749997 0.5586576203125 0.28322715781249996 0.5578257453125001 0.34299821875 0.5338748734375 0.3539344484375 0.5318648078125 0.375208090625 0.52035455 0.3934443328125 0.5167792171875 0.41386310625 0.5262148421874999 0.434069128125 0.51870090625 0.4343448921875 0.511944171875 0.379372125 0.41832784062500006 0.3656269671875 0.40051249375 0.343715075 0.361174075
0 1 0.46935682031250003 0.97223726875 0.43051600468749995 0.9050203234374999 0.32663217499999997 0.8963296359375 0.3179469015625 0.8891123515625001 0.317485146875 0.8088122140625 0.33470309062500003 0.7156336421875 0.357194028125 0.70786483125 0.370245746875 0.713407815625 0.38956864062499996 0.8287387374999999 0.577823290625 0.834750521875 0.585659734375 0.8490747828125 0.5892859359375 0.882186815625 0.5758233328125 1 0.5457658515625 1 0.46935682031250003
0 1 0.6529574515625 0.9031965484375 0.61510403125 0.8766281093750001 0.6012103328125 0.8685086656250001 0.600690859375 0.8614292625 0.596850740625 0.85325466875 0.5976826140625 0.831264040625 0.6267603859374999 0.7086649375 0.8160510656250001 0.7072112484375 0.8295068171875 0.7372228703125 0.8476854359375 0.7807944734375 0.866054165625 0.78421008125 0.871014759375 0.8047391609375 0.8777476875 0.8144147374999999 0.8844636593749999 0.85708418125 0.902774671875 0.8596527796875 0.906326196875 0.92550263125 0.9328946406249999 1 0.8137944203125 1 0.6529574515625
0 0.4346037421875 0.3538314515625 0.3996294265625 0.4036844421875 0.4552689015625 0.6283226562500001 0.56491545625 0.6087482750000001 0.5263833625000001 0.606214615625 0.552384809375 0.601089553125 0.6858191078125 0.588676753125 0.5864902578125 0.3568440625 0.4616104765625 0.3239003015625 0.459614390625 0.33446730625 0.5530022921875 0.6008309875 0.5216005296875 0.6069620328124999 0.4346037421875 0.3538314515625
3 0.441648234375 0.651360715625 0.459489840625 0.642738965625 0.32836964062499996 0.6793224421875 0.3148984984375 0.6797840140625 0.299438675 0.67737256875 0.2831303796875 0.6669087296875 0.2666199421875 0.6658524124999999 0.2470009953125 0.67094955 0.2302589640625 0.6861613140625 0.23242778125000002 0.7039629109375001 0.25018202343749996 0.7104688546875 0.3284220765625 0.6836004296875 0.3361977328125 0.68762329375 0.3355899203125 0.6878904078125 0.33608895156249996 0.6876955953125 0.33912028437499997 0.6942926796875 0.3342810546875 0.697958303125 0.34118011406250004 0.6947963781250001 0.46428051562499995 0.6468967015625 0.441648234375 0.651360715625
3 0.3026320234375 0.7051763703125 0.30152076875 0.7057361375 0.29900537968749996 0.70396815625 0.3355899203125 0.6878904078125 0.26069662031249996 0.7171274078125001 0.2440399484375 0.72585951875 0.25830696406250003 0.7460474453125 0.291218640625 0.7455388625 0.31533428125 0.7314796796875 0.3202019515625 0.718436775 0.3255143171875 0.7045989390625 0.317224321875 0.7108784546875 0.3026320234375 0.7051763703125