2 0.4675600796875 0.25518611406249997 0.459546978125 0.2715743953125 0.46536807812500003 0.3198195515625 0.4720210234375 0.324585978125 0.4875532734375 0.3264398234375 0.6776567296875 0.321873625 0.68284571875 0.317969965625 0.6840845328125 0.309032515625 0.6837731375 0.21955815156249997 0.6764358203125 0.2182497765625 0.6153895703125001 0.2276790171875 0.4675600796875 0.25518611406249997
2 0.844362303125 0.29182117343749997 0.8562128281250001 0.3069225484375 0.8891310734375001 0.3253643890625 0.9053910078125 0.324433971875 0.97710123125 0.283436690625 0.9684130734374999 0.176483109375 0.9130494046875001 0.2178975453125 0.8433661703125 0.2763241171875 0.844362303125 0.29182117343749997
2 0.1774283484375 0.2269290625 0.1470915296875 0.22043710625 0.113757359375 0.2237346328125 0.072150225 0.23937772812500002 0.0540537234375 0.25405121406250003 0.044108842187500004 0.26859638124999996 0.0403404984375 0.280496340625 0.040132535937500005 0.291366021875 0.0474784453125 0.3069130078125 0.1172651140625 0.3488304828125 0.1695444453125 0.386377215625 0.18623748125 0.3921846484375 0.20159649062499999 0.3913433546875 0.2211569484375 0.3853399546875 0.235052003125 0.3758285765625 0.24328165624999998 0.362809221875 0.23421193437499999 0.33454944375 0.202298771875 0.27532400625000003 0.19571526875 0.2434279359375 0.1774283484375 0.2269290625
4 0.1917292765625 0.4635167453125 0.1777909125 0.4723543390625 0.1678893421875 0.48757329218749995 0.16597474375000001 0.5142074 0.1740050234375 0.5262963375 0.18331743125 0.530121609375 0.21918971874999998 0.5381001859375 0.30616337968749996 0.5511946875 0.3316490984375 0.5527419734375 0.3488446765625 0.5381576124999999 0.3569444 0.5231169015625 0.3627658640625 0.5008428 0.3618910734375 0.473128490625 0.3538607921875 0.4610395546875 0.3437773921875 0.45932475781250004 0.1917292765625 0.4635167453125
3 0.128083690625 0.5735574 0.12220173906250001 0.5666804984375 0.1175586015625 0.550866146875 0.1090171875 0.544930396875 0.0878195375 0.5395685734375 0.066197371875 0.541707509375 0.056460453125 0.5453829953125 0.0434663203125 0.5548052515624999 0.041153342187500004 0.5611366828125 0.0386571125 0.5673113 0.039679009375000004 0.5727432578125 0.04248145 0.5744778625 0.1368574484375 0.5877765171875 0.029848901562500002 0.5872967375 0.0208425734375 0.5937200421875 0.022792503125 0.59990778125 0.024234803125000003 0.6082409734375 0.03119091875 0.6177238921875 0.057156914062499994 0.6248387609375 0.07873190625000001 0.6238700953125 0.10888123281249999 0.602620434375 0.1517651578125 0.59988691875 0.2828802125 0.609048096875 0.256671884375 0.5990659125 0.282970421875 0.599985590625 0.2623357421875 0.592972578125 0.1961379578125 0.588523471875 0.128083690625 0.5735574
0 0.33431715 0.5660394296875 0.33187424062500004 0.57034950625 0.334152496875 0.5775828984375 0.34737176875000003 0.5857681796875001 0.4164135765625 0.6019926984375 0.41838866562500004 0.60450959375 0.549351515625 0.6390191796875 0.56020590625 0.6386234984375 0.6864662265625 0.41660995468750006 0.6959346953125001 0.3946531484375 0.6930153734375 0.3915515890625 0.5547585140625 0.3564074109375 0.4891038484375 0.3364574765625 0.33431715 0.5660394296875
0 0.7011233203125 0.4612687484375 0.601942971875 0.6250017578125 0.5709561359374999 0.6789222859375 0.5722468515625 0.68489723125 0.67313274375 0.716957571875 0.6877640703125001 0.718900540625 0.6934727828125 0.7230823015625 0.7897241265625 0.7535669015625001 0.9487455375 0.7873350515624999 0.98128615625 0.792387 0.988806309375 0.469290553125 0.9853212015624999 0.4677365046875 0.934285903125 0.477626496875 0.9110359953125 0.4931745765625 0.7157460578125 0.44897310625 0.7113280609375 0.45076628750000003 0.7011233203125 0.4612687484375
1 0.899308953125 0.48370388125 0.900642978125 0.4903526109375 0.9144600015625001 0.4937322703125 0.920974428125 0.48223873125 0.9278786453125001 0.47680925625 0.92594686875 0.47496614531250003 0.914919234375 0.4726666875 0.9059533109375 0.474231696875 0.899308953125 0.48370388125
1 0.4085468546875 0.7899180671875 0.40988946718749997 0.8108054046875001 0.4155981796875 0.8149871671875 0.43722034374999996 0.8128482312499999 0.439576634375 0.807190584375 0.44422945468749997 0.6256857671875 0.41977458749999996 0.6260707156249999 0.4147588375 0.6326695140624999 0.4085468546875 0.7899180671875
1 0.3069679984375 0.7470771625 0.28215696874999996 0.9393909984375 0.2828499328125 0.9501715609374999 0.2920324078125 0.9519754765625 0.3091499546875 0.950282153125 0.31438225468750003 0.947052278125 0.32040309218749996 0.8996698859375 0.317301940625 0.879634578125 0.3263892078125 0.865852315625 0.341384925 0.7606242640625 0.3405187203125 0.7471485640625 0.329447778125 0.7441753203125 0.3104417625 0.7446993187500001 0.3069679984375 0.7470771625
0 0.3040684078125 0.278818009375 0.28575535625000004 0.2901225703125 0.27486624375 0.3040830765625 0.2221874375 0.45779144531249993 0.3456225484375 0.4598202984375 0.35759441718749996 0.46270441875 0.3686306390625 0.4792424859375 0.3885808859375 0.47930314999999996 0.3988289359375 0.469474475 0.41262878281250004 0.4443769203125 0.4329172875 0.365069996875 0.4364171828125 0.3348887203125 0.44430035468750007 0.3164790859375 0.44471627812500003 0.29473971875 0.42308552343750006 0.28264004374999996 0.31492280156249997 0.2784223265625 0.3040684078125 0.278818009375
2 0 0.5336661687500001 0.0004213640625 0.5339748281250001 0.016213476562500002 0.5398713859375001 0.036207034375 0.540605834375 0.0667518140625 0.5362281062500001 0.0764021125 0.5312050515625 0.1006318375 0.51321256875 0.1107066484375 0.5006887546875001 0.11773220625 0.48304202656250006 0.11677938437499999 0.4682187546875 0.10299708125 0.45127427343750004 0.07059855625 0.44091785000000006 0 0.4063522609375 0 0.5336661687500001
0 0.8365895140624999 0.887530253125 0.8243106171875001 0.8706167359375 0.791525640625 0.8829236859374999 0.6839091046875 0.7294529265625 0.6743801484375 0.72225873125 0.325791453125 0.870657934375 0.3182028640625 0.87954545625 0.3285199921875 0.91310639375 0.35571198437499996 0.9694085140625001 0.36464318906250004 0.9814083296874999 0.366237075 0.9920997687499999 0.3708283140625 0.9930017281250001 0.371863271875 0.995402146875 0.4907869546875 0.9940183453125 0.66264950625 0.9770171375000001 0.67225649375 0.9713202984375 0.6822099625 0.9710137375000001 0.8098994859375 0.9076016484375 0.8047761546875 0.900438821875 0.8365895140624999 0.887530253125
0 0.10553410625 0.6741081484375 0.053851068749999995 0.9138328359375001 0.0550984734375 0.9191339921875 0.075135340625 0.920542228125 0.28239965312500004 0.914956490625 0.2876233640625 0.8974880078125 0.305296084375 0.7492767625 0.31589956875 0.68855771875 0.31537125625 0.666233690625 0.2970496171875 0.663299640625 0.12252172343750001 0.6703934703125001 0.10553410625 0.6741081484375
1 0 0.6074123078125 0.022467678125 0.5948543953125001 0.036189490625 0.5826478749999999 0.0369171734375 0.5798636125 0.026227434375000004 0.568715828125 0.016144034374999998 0.56700103125 0 0.57744786875 0 0.6074123078125