2 0.7576101734375 0.08465225625 0.7440565109375 0.08162896562500001 0.71248381875 0.083601928125 0.696265903125 0.0879631453125 0.6899954828125 0.09594067656250001 0.650926340625 0.205375225 0.651891890625 0.216229 0.6627970546874999 0.2293449921875 0.6718498984375 0.23429439375 0.698957221875 0.24034097499999998 0.715202709375 0.24071909218749998 0.7313930515625 0.2316185390625 0.7787582515625 0.1521631640625 0.79581566875 0.136990184375 0.7957487078125001 0.1254803671875 0.776626265625 0.0959261625 0.768503521875 0.095737103125 0.7576101734375 0.08465225625
2 1 0.169961396875 0.9954317125 0.168714553125 0.9665272125 0.16398005625 0.9259213718750001 0.16438885625 0.8925751375000001 0.1717361921875 0.870098615625 0.186106084375 0.8647504156249999 0.1974898625 0.8648213171875 0.209676728125 0.87671960625 0.2383858328125 0.8668272578125 0.24424819375 0.8632683562500001 0.25296579218750004 0.8571830640625 0.2927645828125 0.8600521421874999 0.3205865734375 0.8574036453125 0.330679275 0.865613046875 0.345763390625 0.8927203703125001 0.35180997187499996 0.895447646875 0.3552582328125 0.9108103015625 0.35900058437500004 0.937870359375 0.35692258906249996 0.9432461312499999 0.350278146875 0.9540607015625 0.3478220328125 1 0.297193665625 1 0.169961396875
2 0.5046066625 0.18301481718749998 0.49103724375 0.177283334375 0.4604694921875 0.196880553125 0.316466934375 0.2625784078125 0.3119897484375 0.2685668078125 0.339329471875 0.3145592265625 0.353852621875 0.32911334062500003 0.3601781890625 0.33061448125 0.4908004 0.29168345156250003 0.533148271875 0.28048389375 0.5502844703124999 0.278851875 0.5538591265624999 0.27284246875 0.5528738828125 0.258603453125 0.53914690625 0.22579004687499998 0.5227596171875 0.201038196875 0.5046066625 0.18301481718749998
2 0.077502084375 0.292218171875 0.070226721875 0.28257144843750004 0.0548325546875 0.2734127109375 0.0394659625 0.2689933109375 0.0024584125 0.26745499375000004 0.0033289203125 0.41708261718750006 0.035969575 0.4435666796875 0.051359803125000006 0.45204836875 0.059533753125 0.4610390515625 0.0767211578125 0.46820865781250004 0.10379697031249999 0.46883885468750003 0.125414290625 0.46189548281250004 0.1433742359375 0.4467435078125 0.146937078125 0.4387029578125 0.1459675875 0.427172134375 0.10496785156249999 0.35987612812499997 0.08123430000000001 0.3132906890625 0.077502084375 0.292218171875
0 1 0.5817895140625 0.9987173031250001 0.5783496421875001 0.94309988125 0.48025037031249995 0.9258336999999999 0.45953980312500003 0.8284041046875 0.4647186234375 0.8076774921875 0.469651859375 0.7436138265625 0.4708685859375 0.6931116984375 0.4764626984375 0.68591905625 0.48103398437499995 0.689560675 0.4865343953125 0.692421875 0.5130022890625 0.6960477390625 0.5157945078124999 0.6997366281249999 0.5294194953125 0.70607795 0.5336288296875 0.7089588453125 0.5634819640625001 0.7805218875 0.7655267046875001 0.78964563125 0.782662971875 0.8113259765624999 0.78655236875 0.8455747375 0.7792260390625 0.928559959375 0.773034065625 0.938464125 0.76920285 0.9637348828125001 0.7697910343750001 1 0.7645845125 1 0.5817895140625
0 0.4764857109375 1 0.6594645828125001 0.8974233859374999 0.675647046875 0.886968734375 0.6756115953124999 0.8808753015624999 0.46399536250000006 0.647815575 0.44597239218749996 0.6521347796875 0.2488664765625 0.741644028125 0.25710345 0.76146748125 0.4193070453125 1 0.4764857109375 1
0 0.28876038125000003 0.308643521875 0.255394453125 0.3126056171875 0.18690086875 0.3279353203125 0.1454240125 0.33373949999999997 0.138247125 0.3410189765625 0.1922288671875 0.46818930312499996 0.20407594843750002 0.48809678281249996 0.20859252343749998 0.48887886406250003 0.26534537812500003 0.471921978125 0.27163549374999996 0.46732968750000003 0.3409843375 0.4438964140625 0.3590703296875 0.450409978125 0.3618291171875 0.45927462343750003 0.3690729671875 0.46350496249999995 0.37093316718749997 0.47302565 0.3763837796875 0.479245121875 0.403412325 0.471750740625 0.40700273749999993 0.46844952656250005 0.4051701125 0.46366817656250003 0.32226417500000004 0.3283781109375 0.3086356734375 0.31249090625 0.28876038125000003 0.308643521875
4 0.344594446875 0.44398044062500003 0.1905971265625 0.49793740625 0.1780129546875 0.5064449390625 0.1771773890625 0.51793375 0.182683146875 0.53363189375 0.20089518593750003 0.561810996875 0.21267924374999997 0.5708857078125 0.22983907499999998 0.5733159750000001 0.2586963078125 0.5699258953124999 0.379477378125 0.5456588515624999 0.371287671875 0.5339599765624999 0.3721389921875 0.5251793578124999 0.38648883125 0.50994335625 0.385542975 0.502474821875 0.3636578046875 0.4633789234375 0.352740821875 0.4482317875 0.344594446875 0.44398044062500003
1 0.5684679218750001 0.61233764375 0.7018720453125 0.741356546875 0.7136364093750001 0.7470460171875 0.7370272734375 0.7347282734375 0.7369996999999999 0.7299889375 0.5727678515625 0.5758820796874999 0.56743146875 0.5892970015625 0.5684679218750001 0.61233764375
1 0.5365874828125 0.716523859375 0.5402409203125 0.7240554125 0.5682940984375 0.7375705296875 0.7953798484375 0.8376299046875 0.8026079421875 0.8391520515625001 0.8080034093749999 0.8358928499999999 0.8160355578124999 0.8205098046874999 0.8159961687499999 0.8137393234375001 0.5536212671875 0.6972885875 0.545533975 0.7031929625 0.5365874828125 0.716523859375
3 0.17435113124999999 0.6525822890625 0.1499592671875 0.6479528234374999 0.1301273046875 0.65155296875 0.099543796875 0.6684419953125 0.0914643828125 0.6757004656250001 0.0861122421875 0.6864071953125 0.0871093046875 0.7026773562499999 0.0997998296875 0.7124501203125 0.116061071875 0.71553643125 0.121586525 0.734619815625 0.132475934375 0.745027615625 0.146029596875 0.74805090625 0.16858095625 0.746544925 0.19379656875 0.7376544359375 0.2063807421875 0.729146903125 0.21355369062500001 0.721190378125 0.21888219687500002 0.7064213609375 0.2151361953125 0.682979175 0.2213928296875 0.672631975 0.2321877046875 0.6667906218749999 0.242032784375 0.652803684375 0.25193300937499996 0.6482954203125 0.25550766875 0.6422860140625 0.267212946875 0.6378197625 0.2734873078125 0.6305192796875 0.304949709375 0.6095889703124999 0.3148578125 0.6064348015625 0.3175299421875 0.6004043890624999 0.346308396875 0.5834733484375 0.3579742859375 0.5722366171875 0.357942775 0.5668202328125 0.34980821406249996 0.5646000296875 0.229291053125 0.6342292953124999 0.17435113124999999 0.6525822890625
0 0.5872959578125 0.28106723906250003 0.51985458125 0.3221457765625 0.5153852734375 0.3294882734375 0.5154443578125 0.33964399375 0.5200042609375 0.347873603125 0.6267742421875 0.3970686921875 0.7299616906249999 0.4509190921875 0.765246903125 0.46663340625 0.8058488046875001 0.46554755625000005 0.81846055 0.46177935937500003 0.822047025 0.4578010984375 0.8301658296875001 0.45731310937499997 0.9010873281249999 0.3939760125 0.91361635625 0.3759898046875 0.9099707968749999 0.369812346875 0.6413057796875 0.257953903125 0.6313819203125 0.2583998765625 0.5872959578125 0.28106723906250003
2 0.003876434375 0.5111923 0.0047311859375 0.65811173125 0.03268589375 0.6547006453125 0.048895928125 0.64898533125 0.0659927375 0.6405828296875 0.081264796875 0.6287530765625 0.0973960546875 0.6094968 0.1027206203125 0.594050734375 0.1017274984375 0.5784576218749999 0.087168896875 0.557810075 0.0555056078125 0.5442109328125 0.003876434375 0.5111923
0 0.5167672078125001 0.3247404484375 0.5162750046875 0.3232769203125 0.38850161875 0.324659853125 0.3890389234375 0.333720559375 0.42109889375 0.519892565625 0.4345896640625 0.509313659375 0.4626144640625 0.5008886359375 0.49696035624999996 0.49769400468749997 0.52555130625 0.5034427296875 0.5449615046875 0.51188259375 0.56148336875 0.52316005 0.5702944546875 0.540067675 0.5732558296875 0.5499402843750001 0.5743024109375 0.56339884375 0.7000620140625 0.5488976875 0.7024361109374999 0.540964859375 0.6985316734375 0.5354271921875 0.6754080328125001 0.4709843 0.6762982765625 0.4575708203125 0.6757891671875 0.453201403125 0.66804824375 0.4538058234375 0.6523100796875 0.41095711562500004 0.5144712828125 0.346109971875 0.5134403921875 0.33519307187499997 0.5167672078125001 0.3247404484375
1 0.43332460156249997 0.45814625312499996 0.4367295859375 0.4611296484375 0.67158421875 0.479304453125 0.6744716484375 0.4764668375 0.676824621875 0.4649030015625 0.6738653578125 0.455393290625 0.43609583281250003 0.435335721875 0.4332464296875 0.44470955625 0.43332460156249997 0.45814625312499996
1 0.371830628125 0.5373221921875 0.379597240625 0.5411334796875 0.5000108640625001 0.6060259015625 0.5179055124999999 0.6035375843749999 0.532390046875 0.5973387015625 0.541071353125 0.592094646875 0.3949182953125 0.5124425593749999 0.38041052343750004 0.5146468578125 0.372722978125 0.5242709343749999 0.371830628125 0.5373221921875
4 0.52847076875 0.506110871875 0.49890385625 0.49888667968749995 0.46987352031249996 0.5007529625 0.44376652656250004 0.505954278125 0.42688767031249997 0.5164543234375001 0.41869978281250003 0.5235261359375001 0.3954008421875 0.5120909421875 0.3818614765625 0.5143171046874999 0.37463988593750003 0.5210478828125 0.3698536625 0.530377315625 0.3742469796875 0.5366520609375 0.4024187640625 0.5536467859374999 0.404418065625 0.564586225 0.41469188125 0.5833434921875 0.46782694999999996 0.648122059375 0.49208956875 0.6587659828125 0.5206403765625 0.6576149124999999 0.5414131046875 0.6508366921875 0.5539258015625 0.6384194265625001 0.5592084578125001 0.63128066875 0.5724356453125 0.5753957390625 0.5727609484375 0.5481713859374999 0.5658909125 0.5320353140625 0.5488514890625 0.514936171875 0.52847076875 0.506110871875