0 0.599408553125 0.865213509375 0.6343095859375001 0.861798753125 0.7039242453125001 0.7399723609375 0.7121569765625 0.7164123671875 0.7210278531250001 0.7030469609375001 0.7256154015625 0.6853922125 0.7378513484375 0.67026228125 0.7655844203125 0.613603190625 0.8007618359374999 0.558123615625 0.8025964828125 0.5462693062499999 0.8137620640625001 0.536057553125 0.819828090625 0.516175234375 0.8339246593749999 0.49534967031250005 0.832904375 0.488623146875 0.838894346875 0.4742268546875 0.8523045515625001 0.4788134515625 0.852634746875 0.46302803125 0.8651266968750001 0.46156075625000004 0.864972721875 0.448570753125 0.868923990625 0.444683465625 0.8787390953124999 0.44353060624999996 0.8783050078124999 0.434681321875 0.8649708578125 0.424608703125 0.867035534375 0.42025837343749994 0.8645367703125 0.41575941875 0.8500302265625 0.40993232500000004 0.8001885609375 0.39867070312499997 0.5744615515625 0.359458990625 0.5676293796875 0.3623153890625 0.55707596875 0.37656305625000003 0.5216703875 0.44850070468750003 0.4456353984375 0.6237982046874999 0.42399619062499994 0.6906957031250001 0.42647084375000005 0.712998034375 0.4298618890625 0.7173921828125 0.511933334375 0.7974396125000001 0.58311744375 0.8595960281249999 0.599408553125 0.865213509375
0 1 0.6230757234375 0.8783959796874999 0.6208916984374999 0.8596320796875 0.616933934375 0.8506832859375001 0.6118233125 0.8322495812499999 0.5920801328125 0.8063474234375001 0.5889608140625 0.7866151875 0.590593878125 0.7741251015625 0.6160232046874999 0.7638035859375 0.661736903125 0.7434388000000001 0.7250615296875 0.735666128125 0.7636294828125 0.7379868093749999 0.7729418078125 0.7292940156250001 0.7814938421875001 0.713160609375 0.8367904625 0.7127543625 0.8580619031250001 0.7184401125 0.8656097031250001 0.725986484375 0.8674618703125001 0.7348072765625 0.8657411640625 0.7455406375 0.8706421750000001 0.77462978125 0.8768103375 0.8209523984375 0.87684648125 0.9167085671875 0.8854536390625001 0.9256313890625 0.8844055859375001 0.9357266031249999 0.87911200625 0.9456956828124999 0.8909491515625 0.9519156859375 0.8840568375 0.9529090640625 0.872643659375 0.9911408046875 0.7534764765624999 1 0.7305164703125 1 0.6230757234375
2 0.6447982828125001 1 0.6620056296875 0.9845187109375001 0.669270021875 0.966549546875 0.67444376875 0.9467720359375 0.671178859375 0.9252471640625 0.6546057765625 0.8998083484375 0.632118771875 0.8832798046875 0.621537521875 0.867406746875 0.59882235625 0.8673362734375001 0.5745767625 0.8571760140625001 0.5740666203125 0.8538127515625 0.479681309375 0.770419228125 0.463238090625 0.7757737921875 0.45579561249999995 0.798556328125 0.4494735828125 0.8047759875 0.44295122343750004 0.8575744437499999 0.43854175937499995 0.8704158218750001 0.4385436234375 0.894377871875 0.4151420953125 0.9197195578124999 0.40186175625000004 0.9459263421875 0.399849025 0.962594021875 0.4041082453125 0.9846867390625 0.4139402453125 1 0.6447982828125001 1
2 0.30744114843750003 0.736563890625 0.3163379984375 0.729357159375 0.3227360828125 0.717651475 0.3269155171875 0.69730611875 0.319979453125 0.675527815625 0.3109026546875 0.6635858671875 0.282831928125 0.6401821734375 0.2356671125 0.6286061375 0.2010721640625 0.6340388515625001 0.177592715625 0.6409045078125 0.158090509375 0.6500415546875 0.13813010781249999 0.6681326921874999 0.12976937500000002 0.6848613578125 0.12314312499999999 0.7130251109375 0.0981369796875 0.7577250859375 0.0830461015625 0.7779828046875 0.078534609375 0.7901515296875 0.050621587499999995 0.8276619406249999 0.057355460937500005 0.8720569890625001 0.063831465625 0.8788273312499999 0.0949611765625 0.898448540625 0.11482141562499999 0.9036468031249999 0.1432983890625 0.905779053125 0.1699648265625 0.9019622406250001 0.19334224687499998 0.8944239312500001 0.22023684999999998 0.874149046875 0.30744114843750003 0.736563890625
1 0.81976309375 0.33612353437500003 0.8412539203125 0.3281221828125 0.8506349375 0.31812003906249997 0.7126446140625 0.10292100468750001 0.7068828078125 0.10085922812499999 0.6805484296875 0.11285267343750001 0.672441834375 0.1192819453125 0.674048315625 0.12388570624999999 0.8073472 0.33210478593750004 0.8115284984375 0.3357214796875 0.81976309375 0.33612353437500003
1 0.8009138171875 0.2178415453125 0.8029284109375 0.225135915625 0.8411184609375001 0.2254426546875 0.84963316875 0.2217039921875 0.8568981062500001 0.019944524999999998 0.8205185171875 0.01909778125 0.823307984375 0.0241976640625 0.8265469187500001 0.0395638609375 0.8237940171875 0.0453643 0.8111239843750001 0.051644946875 0.8099515890625 0.055890471875 0.8009138171875 0.2178415453125
0 0.85664901875 0.28592037187499997 0.8551724046875 0.3121099890625 0.847601925 0.32806119843750003 0.8502027156249999 0.3332328046875 0.871235346875 0.3341855421875 0.9798136609375 0.3255400046875 0.9337319734375 0.021732853125 0.8628020921875 0.0200819421875 0.8631805703125 0.0236221421875 0.8589751625 0.0378088234375 0.8517998734375001 0.21802631562500002 0.8479766062499999 0.22874493125 0.849942984375 0.2716460484375 0.85664901875 0.28592037187499997
4 1 0.5056318265625 0.9060974859375 0.48618778125000006 0.8879457578125001 0.486265934375 0.8776464859375 0.4902142078125 0.8635999999999999 0.4993950734375 0.85105796875 0.5125070453125 0.837777628125 0.5387138296875 0.833344053125 0.5693585828125001 0.840816234375 0.6006588203125001 0.8555528109375 0.61398989375 0.8754130484375 0.6191881578125 1 0.6205628546875 1 0.5056318265625
1 0.01797250625 0.612413225 0.042090100000000005 0.6157421546874999 0.07145935625 0.6177696015625 0.0825989640625 0.601399171875 0.08354132812500001 0.589649665625 0.07767749375 0.5869152375 0.0323232125 0.581288265625 0.013585287500000001 0.583489178125 0.01797250625 0.612413225
3 0.933726665625 0.40489399062500003 0.9060659187500001 0.40814295625 0.9011203374999999 0.4114623984375 0.8982913828125 0.4227488609375 0.9964442859375 0.4351823203125 0.9919550375 0.4055856203125 0.933726665625 0.40489399062500003
0 0.3745031046875 0.2446491171875 0.3791425984375 0.23931171875 0.39183860625 0.2391897484375 0.4170766453125 0.2259558046875 0.43193935625 0.22215615625 0.49182242656249997 0.1918447984375 0.5091579281249999 0.1863854296875 0.673410171875 0.1136911171875 0.6849838687500001 0.1061699703125 0.8007226812500001 0.054920567187500005 0.8175480421874999 0.046097939062499996 0.823666015625 0.038532971875 0.8168543500000001 0.0190124953125 0.469901390625 0.0109370765625 0.20750155625 0.041757946875 0.2091080375 0.04636170625 0.2516630640625 0.1173579171875 0.339856209375 0.23776447968749997 0.3543627546875 0.243591575 0.3745031046875 0.2446491171875
0 0.4898838546875 0.291644115625 0.487743290625 0.2895984125 0.1958238578125 0.21324799843750003 0.0016783484375 0.1442369328125 0.0061329734375 0.5270665078125 0.013816718750000002 0.5795184890625 0.044356034375 0.5767940546875 0.3176554125 0.6466263875 0.3205803984375 0.6405980328124999 0.31803949062500003 0.6418538609375 0.4898838546875 0.291644115625
2 0.652607115625 1 0.749666334375 0.9885996515625 0.69872093125 0.9075464578125001 0.675773890625 0.9224905906249999 0.6371974421875 1 0.652607115625 1