0 0.5664044374999999 0.923183859375 0.5892711734375 0.930093503125 0.715365771875 0.7434411562500001 0.734837 0.7132422 0.7331891890625 0.7080134546875 0.563849159375 0.6391234156250001 0.55571 0.63963079375 0.40129679218750003 0.8454695984375 0.4005456875 0.8531006203124999 0.5664044374999999 0.923183859375
3 0.7348595890625 0.8171668453125 0.7353336171875 0.8335071515625 0.7417335515625 0.8400916625000001 0.7605535625 0.8441748359375 0.7766434 0.8418201890624999 0.796965621875 0.83064131875 0.8120159812500001 0.807926696875 0.8088117796875001 0.78514856875 0.8130441656249999 0.776324346875 0.8437131593749999 0.7479053515625 0.9146496296875 0.6944488375 0.9148838218750001 0.689628409375 0.898511259375 0.6899732234375 0.857161415625 0.7138016671875 0.8223514578125 0.738724246875 0.7713545953125001 0.7523409515624999 0.75460506875 0.750005984375 0.73931486875 0.7515598734375 0.7263778765625 0.7568718046875 0.7123128140625 0.767134978125 0.7051160656250001 0.77434180625 0.701871803125 0.7837051578125 0.7037566265625 0.79710405625 0.70963964375 0.8064991609375 0.7175446140624999 0.810812209375 0.7293535359375001 0.8104515203125 0.7348595890625 0.8171668453125
1 0.384001584375 0.9300490265624999 0.38950481406250004 0.9237737718749999 0.40630905000000006 0.7449105546875 0.40550658906250003 0.7327207312499999 0.3808063859375 0.732233034375 0.3765254671875 0.73422699375 0.35478345 0.9233851375000001 0.3565255 0.9292838281250001 0.3660297453125 0.9319953578125 0.384001584375 0.9300490265624999
1 0.03950680625 0.880638171875 0.048082759375 0.9416031578125 0.134047003125 0.7615073765625 0.1343754359375 0.7573568921875 0.1297175546875 0.7566710703124999 0.095892890625 0.7691422015625 0.03950680625 0.880638171875
1 0.3595818125 0.7045709765625 0.366827090625 0.7041944109375 0.5709516671875 0.6312466421875 0.574150221875 0.62804360625 0.57330205 0.6220141031249999 0.5634665484375 0.6104624734375 0.3528020890625 0.6823161046874999 0.35059165625 0.6860582703125 0.35369879375 0.6951758703124999 0.3595818125 0.7045709765625
1 0.534443071875 0.4171100265625 0.5369390515625 0.42836827499999997 0.6301678140625 0.5528396 0.642025265625 0.559309175 0.6653118515625 0.5497476984375 0.66662840625 0.5461363453125 0.6608881609374999 0.54424145 0.648699453125 0.528931778125 0.55909474375 0.41076746093749994 0.5552365015625 0.40928087968750004 0.534443071875 0.4171100265625
2 0.82680726875 0.4591076671875 0.813778859375 0.47674023125 0.817077303125 0.5001883046875 0.8258304421875 0.5105308578125001 0.84244001875 0.518356196875 0.8840296999999999 0.5156884859375 0.9617972515625001 0.5043076875 0.9912495781249999 0.50615115 0.9913685109375001 0.5061337453125 0.9919593390625 0.4722852015625 0.9781415765625001 0.3740570671875 0.9504313 0.3781122953125 0.9342015124999999 0.3859573140625 0.9034382765625001 0.41370636562499996 0.8397442609375 0.453795734375 0.82680726875 0.4591076671875
2 0.7856685 0.58820064375 0.7826612500000001 0.60573415 0.771563375 0.630605296875 0.7611680703125 0.6410151578125001 0.7338832921875 0.6545804296875 0.740097565625 0.67281563125 0.75722688125 0.690820959375 0.7748245781249999 0.6991854281250001 0.8024891468750001 0.70129051875 0.8469946593750001 0.6934099390624999 0.9336552984375001 0.6868813203124999 0.95223829375 0.6827943421875 0.9719493609375001 0.6737561203125 0.981639265625 0.664816959375 0.9889559734375 0.6443478687499999 0.9892392421875 0.6281194765625 0.98407541875 0.6172826234375 0.9701931921875 0.6029045265625 0.9478433703125001 0.593184290625 0.8058993031250001 0.5893424109375001 0.7951727453124999 0.5909121765625 0.7856685 0.58820064375
2 0.7126310124999999 0.283002953125 0.711594359375 0.2756335609375 0.700159578125 0.2656834484375 0.6004964734375 0.1927502515625 0.5684996328125 0.172818275 0.5552285609375 0.156299528125 0.5342951828125 0.169619046875 0.5053197078125 0.1971064703125 0.4709837765625 0.2383693546875 0.46214204375 0.2533380203125 0.462707490625 0.2573576875 0.489149746875 0.263744078125 0.5638699859375 0.3020382625 0.647717509375 0.3403642 0.65477430625 0.33864774375 0.676130359375 0.3218476875 0.7126310124999999 0.283002953125
2 0.375304215625 0.310489071875 0.392567834375 0.2970228625 0.40343151875 0.2769721453125 0.42049818281249995 0.2231943046875 0.43790175 0.20423772499999998 0.44561259062499997 0.1812297203125 0.441514509375 0.1585824078125 0.43327828281249997 0.1454292625 0.4048569625 0.1249740328125 0.374462221875 0.11643111875 0.3478800171875 0.11553510468749999 0.3052565046875 0.1238240015625 0.28484004218750003 0.1343329265625 0.268753028125 0.1496781546875 0.2575609109375 0.1738793578125 0.2601539546875 0.1987981328125 0.2815670125 0.22780008125 0.30844605937499997 0.295658834375 0.3242102890625 0.3104452484375 0.3374785359375 0.313973415625 0.3603909828125 0.314722740625 0.375304215625 0.310489071875
2 0 0.3031144453125 0.000237509375 0.30315773749999997 0.0345875578125 0.326847753125 0.0653592625 0.33807044531249997 0.0945288671875 0.337904071875 0.11649889843750001 0.3319539484375 0.1276938390625 0.32074332656250004 0.1375694046875 0.3001534765625 0.139023084375 0.278061171875 0.129933040625 0.23289735781249998 0.1323291328125 0.21750450312499997 0.129690378125 0.1987460453125 0.116465015625 0.17606698125 0.08724405468749999 0.156412509375 0.045651551562499997 0.1460896390625 0.0183639484375 0.14666432812500002 0 0.15044113125 0 0.3031144453125
4 0.275069484375 0.421564653125 0.298684503125 0.40785269375000005 0.308091684375 0.3969036984375 0.3127467421875 0.384598940625 0.3115673140625 0.36972933750000003 0.30201171250000003 0.3471969640625 0.2813497625 0.31056399375 0.27189122499999996 0.3016921453125 0.2505295265625 0.2925110390625 0.23218072343750001 0.2917775890625 0.20197728750000002 0.29756514843750004 0.1852305859375 0.3082207625 0.17822232031250002 0.3167674796875 0.17234495 0.33335353749999996 0.1787990609375 0.3727494734375 0.18957980000000002 0.40399113125 0.210284634375 0.421473203125 0.22642300624999998 0.4259488171875 0.2466538109375 0.42709058437499997 0.275069484375 0.421564653125
0 0 0.5664588140625 0.076367484375 0.7665297328125 0.08022572812499999 0.7680163125 0.09979684375 0.7644684640625 0.29009337031250004 0.709954021875 0.3227414296875 0.6956038703125 0.3164786234375 0.6705384046875 0.226848503125 0.43545886093749997 0.2205428109375 0.42954429375 0.20332207812499997 0.42385960312500004 0.197958796875 0.424644484375 0 0.48662617812500003 0 0.5664588140625
0 0.4762108484375 0.42543435 0.4790884109375 0.42901583125 0.4869838546875 0.42608198281250004 0.49411700156249994 0.43882563750000003 0.4805917234375 0.44391802968749994 0.527797653125 0.5679744109375 0.5770147375 0.4839344375 0.5343552875 0.4253577953125 0.533833825 0.4174289203125 0.55274461875 0.40843465468750006 0.5613142625 0.4102935921875 0.591713415625 0.45343429375 0.634390675 0.3729315359375 0.4180697453125 0.31163409999999997 0.32329223125 0.4647143265625 0.4762108484375 0.42543435
0 0.48858376875 0.4737340171875 0.48203823906250004 0.4466587171875 0.47144880625 0.42974752812499994 0.3342653328125 0.46623315625000006 0.2837853875 0.47703926562500004 0.25395891718749997 0.48550660468749995 0.2507603625 0.4887096390625 0.25683468593750003 0.5124352140624999 0.3136056765625 0.6566003765625 0.4388402796875 0.6259658109374999 0.4973166125 0.6071521140625 0.52323913125 0.6033585140625 0.534011396875 0.5956284296875001 0.5199807468750001 0.5477689625 0.48858376875 0.4737340171875
0 0.7468712734375 0.5511653562500001 0.85917111875 0.36967423906249997 0.6983548796875 0.31810229218749997 0.59694101875 0.4598238859375 0.5564435578125 0.40624006250000005 0.52963601875 0.41802273124999995 0.578541975 0.48877947656250004 0.5600817234375 0.51730643125 0.6171839296875 0.539828103125 0.625724190625 0.5526133468750001 0.6411398703125 0.56102433125 0.656590475 0.5537104203125 0.6695324703125001 0.5551852078125 0.675906125 0.55256841875 0.7016327718750001 0.543750671875 0.7242706921875001 0.544928534375 0.7468712734375 0.5511653562500001
4 0.7432447640625 0.6497917531249999 0.7583921890624999 0.64073765625 0.77570151875 0.6211111296875 0.7819073203125 0.6003745890625 0.776915359375 0.5778580890625 0.75870368125 0.5586436875 0.7411059828125001 0.5502792171875 0.7167342109375 0.5456410359375 0.70036165 0.54598585 0.6703466984374999 0.5531132984375 0.6568927921875 0.5612358234375 0.62316519375 0.58736748125 0.6168623265625001 0.5944434953125 0.611079196875 0.611699496875 0.612492815625 0.6217486703125 0.6193639546874999 0.63168290625 0.6343742531250001 0.6411097625 0.6883411265625 0.6550916140624999 0.715911453125 0.6565267593749999 0.7432447640625 0.6497917531249999