4 0.4011834578125 0.5283847265625 0.4061184171875 0.5051877015625 0.4029599234375 0.47619707812499995 0.3964657484375 0.4688300328125 0.387761140625 0.4651662015625 0.22544349531250002 0.449851115625 0.1496493640625 0.4479970171875 0.13417350625 0.46093019999999996 0.126508375 0.4776424125 0.11230901093750001 0.5191251 0.1101042234375 0.548806934375 0.11730379531249999 0.554715734375 0.2109326390625 0.573414 0.3293559296875 0.593702459375 0.3530680125 0.594064815625 0.3624294859375 0.5894399859375 0.3830316078125 0.567642134375 0.4011834578125 0.5283847265625
0 0.10629451406249998 0.5540835953125 0.10436398124999999 0.546812059375 0.02755860625 0.654475025 0.0362288 0.7162549953124999 0.04954275625 0.71385544375 0.1754884046875 0.7099297531250001 0.2207935546875 0.7020398875 0.24624204062500002 0.6823521109375 0.3233357859375 0.6026823328125 0.3280393765625 0.597290471875 0.3247922890625 0.5936069484375001 0.1204566421875 0.5577277359374999 0.10629451406249998 0.5540835953125
0 0.47048824375000003 0.6361985515625 0.4904990296875 0.6592236046875 0.5646745531249999 0.684321103125 0.8362464390625 0.5600576203125 0.8066109656249999 0.50277425 0.7273012484375 0.504602878125 0.47048824375000003 0.6361985515625
0 0.8946593343749999 0.49760226406249997 0.9986040671874999 0.3952691265625 0.9665287015624999 0.20660746562500001 0.965257584375 0.1729215609375 0.9046764171874999 0.17072165625 0.7138786968749999 0.4221364203125 0.730917615625 0.44380865468749997 0.6890182015625 0.4928456953125 0.8946593343749999 0.49760226406249997
2 0.28788934843749997 0.671068209375 0.257618703125 0.6751164359375 0.22869165625 0.7368023921875 0.4427070921875 0.7920418640625 0.44060729375 0.7893679296875 0.45933955156249995 0.7827006484375 0.4864532890625 0.7660402078125 0.507077196875 0.71244150625 0.484032653125 0.6758401203125 0.4481878984375 0.683357125 0.28788934843749997 0.671068209375
2 0.7952383609375 0.6710772687500001 0.80770979375 0.688612646875 0.8159174609375001 0.7146738781249999 0.8165171125 0.7319159328125 0.8216462015625 0.7360405734375 0.8300680859374999 0.737689840625 0.8578726031249999 0.7347901 0.895743990625 0.7258072875 0.9497966343750001 0.702433046875 0.9663548546875 0.69072770625 0.97486815625 0.6800591859375 0.9714782953125001 0.6688737265625 0.9611744109375 0.6667833390625 0.9480461109375 0.6575366234375 0.8469665624999999 0.5598095437499999 0.8363342453125 0.561863490625 0.808249828125 0.5757379765625 0.795972525 0.5855242640625 0.77588449375 0.5915315171875 0.7724517484375 0.5994942625 0.7748991968750001 0.6039645078125 0.770901003125 0.6078981265625 0.775558884375 0.6086651578125 0.7807365046875 0.6196202140625 0.77565595 0.6223259921875 0.7768810859374999 0.6310557703125 0.7952383609375 0.6710772687500001
2 0.6698807515625 0.7829465765625 0.6742073765625001 0.7748686296875 0.672037003125 0.7464343265625 0.667990278125 0.743537528125 0.6587631078125 0.716696359375 0.6438899359375 0.6885318421875 0.62055199375 0.6778662609375 0.6043679140625 0.6792683765625 0.5807986046875 0.68640795625 0.57049754375 0.697306884375 0.56621945 0.712215246875 0.57705436875 0.7764508984375 0.58486791875 0.7932192437500001 0.5981847 0.8038090046875 0.6263661828125 0.8035953484375 0.63991433125 0.796379946875 0.6552987734375 0.7957645546875 0.6698807515625 0.7829465765625
0 0.4535329578125 0 0.415089865625 0.0049544921875 0.2397376328125 0.19505208125 0.22929662187500002 0.21143838124999997 0.2339087953125 0.2183643078125 0.231041496875 0.23035618281249998 0.3759612234375 0.2903008453125 0.48860420624999995 0.34073195 0.5014954890625 0.3418052078125 0.863840159375 0.051037578125000004 0.8638858671874999 0.044878684375 0.851697159375 0.0293578703125 0.8229620734375 0 0.4535329578125 0
1 0.6405779046875 0.3860941671875 0.647634703125 0.3845010296875 0.8420038984374999 0.2391255890625 0.8424265734375 0.23565278125 0.8349442781249999 0.2277294171875 0.817769253125 0.2155859 0.8123117328125 0.215605590625 0.70407214375 0.29382006562499996 0.6203414515625 0.3586208609375 0.6405779046875 0.3860941671875
1 0.9607787406250001 0.1451963375 0.96063314375 0.1247050875 0.9576687796875 0.1230361296875 0.9558781968750001 0.11027722343749999 0.953102315625 0.1099513078125 0.6537637359375 0.22715136406249997 0.617260259375 0.25236589375 0.630345671875 0.280760815625 0.9607787406250001 0.1451963375
1 0.4257396078125 0.5767233421875 0.5196301359375 0.558531959375 0.49076651718750003 0.5554371796875001 0.48446962187500003 0.5342565125000001 0.4274906328125 0.5464539203125 0.4257396078125 0.5767233421875
1 0.57220031875 0.54030889375 0.5317771125 0.54300131875 0.5239392359374999 0.5576970671875 0.6728392921874999 0.5288475359375 0.6701698421875 0.510396878125 0.63806245625 0.5235216390625 0.602345178125 0.5361230531250001 0.57220031875 0.54030889375
1 0.5745710625 0.44232715312500004 0.51877581875 0.4749948203125 0.4892584734375 0.5377919234374999 0.484267909375 0.5562480484375001 0.5275995874999999 0.5567392718749999 0.5745710625 0.44232715312500004
0 0.634262325 0.5345665312500001 0.5431278578125001 0.542506521875 0.5338738265625 0.56047704375 0.49151588906250004 0.55564756875 0.4959696734375 0.505314228125 0.46824182499999994 0.4146298875 0.4253939875 0.4303804015625 0.4139188 0.48951705624999997 0.3842672734375 0.5631340781249999 0.3502704 0.5948355703125 0.326949803125 0.6278246828125 0.333201021875 0.6767387234375 0.4736343578125 0.651963178125 0.6268904328125 0.5607541796875 0.6814400921875 0.5211758734374999 0.6773222921875 0.5066515359375 0.69686411875 0.48014842187499995 0.634262325 0.5345665312500001
3 0.175409528125 0.3334492328125 0.1460557375 0.308884053125 0.1579261 0.2896745859375 0.1531539625 0.262829440625 0.0978354140625 0.21264221718749998 0.012132540625 0.21774505 0.004092034374999999 0.2344324640625 0.0045845421875 0.2626482765625 0.1513281625 0.34258821875 0.00485915625 0.27838085 0.00614010625 0.35176645156249997 0.052392845312500005 0.360806834375 0.09028955 0.3423294078125 0.1364432671875 0.35918763125000003 0.319494003125 0.43899480312500005 0.3255150046875 0.4194576328125 0.175409528125 0.3334492328125