2 0.7319494578125 0.447528775 0.7788808671874999 0.4339878125 0.795126353125 0.42654028437499997 0.7969314078124999 0.41909275625 0.7879061375 0.3920108328125 0.7400722015625 0.27420446875 0.7238267140625 0.2748815171875 0.694043321875 0.28300609374999997 0.645306859375 0.30060934375000004 0.6200361015625 0.3141503046875 0.6191335734375001 0.31821259375 0.6254512640625001 0.3209207859375 0.637184115625 0.3358158421875 0.7120938625 0.44617467812499995 0.715703971875 0.44820582187499997 0.7319494578125 0.447528775
2 0.6525270765625 0.11103588281250001 0.6579422375 0.10697359531249999 0.6732851984375 0.079891671875 0.674187725 0.061611375 0.661552346875 0.047393365625 0.661552346875 0.040622884375 0.653429603125 0.033175354687500005 0.5875451265625 0.031821259375 0.5712996390625 0.033852403125 0.5604693140625 0.0392687875 0.5523465703125 0.0914014890625 0.52436823125 0.1740013546875 0.52436823125 0.189573459375 0.54061371875 0.20176032500000002 0.574909746875 0.21056195 0.5911552343750001 0.21056195 0.6064981953124999 0.20446851718749998 0.6525270765625 0.11103588281250001
2 0.31768953125 0.1888964109375 0.325812275 0.184157075 0.341155234375 0.1577522 0.34747292343749997 0.152335815625 0.3637184109375 0.1198375078125 0.38447653437499996 0.0920785375 0.38447653437499996 0.067027759375 0.37274368281250003 0.0419769796875 0.3366426 0.01760325 0.3095667875 0.008801625 0.2806859203125 0.0060934328125 0.25270758125000004 0.0081245765625 0.2292418765625 0.016249153125 0.20848375468749997 0.033175354687500005 0.20397111875 0.040622884375 0.202166065625 0.0649966140625 0.204873646875 0.077860528125 0.218411553125 0.0961408265625 0.239169675 0.169939065625 0.25812274375 0.18686526718750002 0.31768953125 0.1888964109375
1 0.48736462031250005 0.3303994578125 0.47833935 0.3290453625 0.2942238265625 0.3642518625 0.295126353125 0.377115775 0.3023465703125 0.3832092078125 0.46660649843749996 0.3534190921875 0.4900722015625 0.3466486125 0.49187725625 0.341232228125 0.48736462031250005 0.3303994578125
1 0.3610108296875 0.56804333125 0.3537906140625 0.56804333125 0.1416967515625 0.6255924171875 0.148014440625 0.6425186187499999 0.1633574 0.6425186187499999 0.32942238281249997 0.597833446875 0.3637184109375 0.5788761 0.36552346562500004 0.575490859375 0.3610108296875 0.56804333125
1 0.27436823125 0.66892349375 0.25812274375 0.667569396875 0.047833934375 0.6628300609375 0.037003609375 0.663507109375 0.032490975 0.6696005421875 0.031588446874999995 0.683141503125 0.034296028125 0.6858496953125 0.25812274375 0.6932972234375 0.27436823125 0.6912660796875 0.2770758125 0.67772511875 0.27436823125 0.66892349375
0 0 0.617467840625 0.0054151625 0.6269465125 0.0712996390625 0.6540284359374999 0.0794223828125 0.66012186875 0.0956678703125 0.6628300609375 0.10469314062499999 0.658090725 0.139891696875 0.6201760328125 0.153429603125 0.6025727828125 0.1673664265625 0.594286390625 0.2193140796875 0.53283683125 0.23465703906250002 0.5125253890625 0.2626353796875 0.4895057546875 0.2788808671875 0.470548409375 0.28249097500000003 0.461746784375 0.30054151562500003 0.44482058281250003 0.3050541515625 0.43872714999999995 0.304151625 0.43331076562500004 0.31498195 0.41909275625 0.3023465703125 0.412322275 0.2933213 0.4204468515625 0.2770758125 0.42315504375 0.13537906093750002 0.35748138125 0.1272563171875 0.34867975625000003 0.12184115468750001 0.350033853125 0.1191335734375 0.3480027078125 0.10740072187500001 0.3534190921875 0.08393501875 0.3723764390625 0.064079421875 0.3940419765625 0.037003609375 0.415707515625 0.0054151625 0.44685172656249994 0 0.45565335156250003 0 0.617467840625
0 0.39350180468749996 0.5693974265625 0.43501804999999993 0.5795531484375 0.4566787 0.5971563984375 0.46660649843749996 0.6113744078125001 0.5153429609375 0.57684495625 0.626353790625 0.48679756249999995 0.6768953062499999 0.4502369671875 0.677797834375 0.44685172656249994 0.6850180499999999 0.44346648593750004 0.685920578125 0.43737305312499997 0.532490975 0.332430603125 0.5171480140625 0.3378469875 0.29602888125 0.490182803125 0.2942238265625 0.49356804375 0.303249096875 0.505754909375 0.3528880859375 0.5443466484374999 0.360108303125 0.5463777921874999 0.37725631718749997 0.56127285 0.39350180468749996 0.5693974265625
0 0.6254512640625001 0.597833446875 0.6281588453125 0.6066350703125 0.6552346578125 0.6465809078125 0.6570397109375 0.654705484375 0.661552346875 0.6574136765625 0.865523465625 0.5565335140625 0.8646209390624999 0.5484089375 0.8583032484374999 0.545023696875 0.795126353125 0.4685172640625 0.7870036093749999 0.461746784375 0.7680505421875 0.45633039999999997 0.75812274375 0.45700744687499995 0.7278880859375 0.47427217343750006 0.6949458484375 0.48408937031250004 0.56227436875 0.5457007453125 0.5595667875 0.55044008125 0.572202165625 0.56804333125 0.5911552343750001 0.5646580906249999 0.610108303125 0.5795531484375 0.6164259921874999 0.591062965625 0.6254512640625001 0.597833446875
4 0.6435018046875001 0.7007447531250001 0.6651624546875 0.6844955984375 0.6669675093749999 0.67298578125 0.6588447656249999 0.6574136765625 0.6191335734375001 0.5958023015625 0.596570396875 0.56804333125 0.5794223828125 0.5673662828125 0.545126353125 0.580230196875 0.5162454875 0.595125253125 0.49638989218749996 0.610697359375 0.49638989218749996 0.6181448890625 0.5054151625000001 0.628300609375 0.5911552343750001 0.7088693296875 0.599277978125 0.711577521875 0.6218411546875 0.709546378125 0.6435018046875001 0.7007447531250001
4 0.419675090625 0.67772511875 0.4404332125 0.6682464453125 0.452166065625 0.658090725 0.46480144375 0.63168585 0.4620938625 0.608666215625 0.44855595625 0.591062965625 0.42870036093749997 0.5788761 0.40342960312500004 0.5734597156250001 0.37364620937500004 0.575490859375 0.3483754515625 0.5863236296875 0.3348375453125 0.597833446875 0.3240072203125 0.6181448890625 0.32310469375 0.6384563296875 0.32851985625 0.6513202437500001 0.3375451265625 0.6614759640625001 0.3510830328125 0.6716316859375 0.38447653437499996 0.68178740625 0.419675090625 0.67772511875
2 0.8483754515624999 0.68652674375 0.924187725 0.709546378125 0.9485559562500001 0.7102234265625 0.9693140796874999 0.704807040625 0.9900722015625 0.69058903125 0.9990974734375 0.6797562625 0.9990974734375 0.626269465625 0.97833935 0.60324983125 0.9485559562500001 0.5897088687500001 0.9368231046875 0.587677725 0.911552346875 0.589031821875 0.8131768953125 0.6134055515625 0.7942238265625 0.6140825999999999 0.7788808671874999 0.6194989843750001 0.7662454875 0.63371699375 0.7644404328125 0.6472579546875 0.7671480140625 0.656736628125 0.7770758125 0.66892349375 0.7861010828125 0.6736628296875 0.8113718406249999 0.6811103593750001 0.8483754515624999 0.68652674375
2 0.8212996390624999 0.8815165875 0.8420577625 0.8815165875 0.8574007218749999 0.8747461062499999 0.8763537906250001 0.8571428578125 0.881768953125 0.8415707515624999 0.8808664265624999 0.8287068375000001 0.8727436828125 0.8117806359375 0.8583032484374999 0.798239675 0.7626353796875 0.7603249828124999 0.7355595671875 0.744752878125 0.70397111875 0.740013540625 0.674187725 0.7494922140625 0.6588447656249999 0.7616790796874999 0.6471119140625 0.7846987140625 0.6471119140625 0.8083953953125 0.6552346578125 0.82667569375 0.674187725 0.8429248484375 0.6895306859375 0.849695328125 0.7355595671875 0.8557887609374999 0.8212996390624999 0.8815165875
1 0.5315884468750001 0.9939065671874999 0.5306859203125 0.9993229515625 0.56227436875 0.9993229515625 0.623646209375 0.8436018953125 0.620938628125 0.8381855109374999 0.5947653421875 0.8327691265625001 0.5315884468750001 0.9939065671874999
3 0.5279783390625 0.805687203125 0.5288808671874999 0.8199052124999999 0.534296028125 0.8327691265625001 0.547833934375 0.84427894375 0.564079421875 0.8490182796875001 0.5794223828125 0.8483412328125001 0.5929602890625 0.8436018953125 0.5956678703125 0.8422478 0.593862815625 0.8348002703124999 0.5426714796875001 0.763970209375 0.607400721875 0.8348002703124999 0.6110108296875 0.8273527421875 0.6227436828124999 0.823290453125 0.6308664265624999 0.8144888281249999 0.6335740078125001 0.7975626265625 0.626353790625 0.78266756875 0.607400721875 0.7670954640625001 0.5974729234375 0.7650643203125 0.5767148015625 0.7670954640625001 0.5604693140625 0.7616790796874999 0.5126353796875 0.718348003125 0.47111913281250006 0.6716316859375 0.4620938625 0.6641841578125 0.45306859218750006 0.665538253125 0.452166065625 0.6736628296875 0.4720216609375 0.7000677046875 0.4729241875 0.7054840890625 0.5144404328125 0.7501692624999999 0.5370036093749999 0.7880839546875 0.5279783390625 0.805687203125
0 0.38537906093749996 0.6858496953125 0.3808664265625 0.68178740625 0.3510830328125 0.6736628296875 0.3240072203125 0.6790792140625 0.085740071875 0.7488151656250001 0.08393501875 0.7515233578125 0.08935018125000001 0.768449559375 0.1516245484375 0.9126607984374999 0.3185920578125 0.8564658093749999 0.44133574062500003 0.8117806359375 0.38537906093749996 0.6858496953125
0 0 0.3351387953125 0.099277978125 0.3371699390625 0.10288808593750001 0.3337846984375 0.11371841093749999 0.3358158421875 0.13598104687499998 0.332430603125 0.1904332125 0.3378469875 0.341155234375 0.3385240359375 0.3456678703125 0.3317535546875 0.346570396875 0.3202437375 0.3366426 0.20176032500000002 0.333032490625 0.194312796875 0.30685920625 0.1888964109375 0.26083032500000003 0.1902505078125 0.0054151625 0.176709546875 0 0.17806364218749998 0 0.3351387953125