2 0.36732852031249996 0.3303994578125 0.38176895312500003 0.310088015625 0.38176895312500003 0.29722410312499997 0.37454873593750004 0.2112389984375 0.36823104687499997 0.1970209890625 0.35920577656249997 0.1888964109375 0.3420577625 0.180771834375 0.322202165625 0.17738659375000002 0.2987364625 0.178740690625 0.2779783390625 0.1888964109375 0.2671480140625 0.2058226140625 0.26444043281249996 0.240352065625 0.2509025265625 0.2850372375 0.25270758125000004 0.30941096875 0.2662454875 0.3263371703125 0.28519855625 0.3378469875 0.3104693140625 0.3466486125 0.3501805046875 0.3385240359375 0.36732852031249996 0.3303994578125
2 0.6759927796875 0.28571428593750003 0.7084837546875 0.3229519296875 0.72563176875 0.31821259375 0.7815884468750001 0.2924847671875 0.7806859203125 0.2789438046875 0.7301444046875 0.18618821875 0.72021660625 0.16316858437499998 0.717509025 0.1475964796875 0.6922382671875 0.148273528125 0.6732851984375 0.154366959375 0.634476534375 0.1726472578125 0.6064981953124999 0.1936357484375 0.6055956671875 0.2010832765625 0.610108303125 0.20853080624999998 0.6435018046875001 0.22681110312500002 0.6552346578125 0.235612728125 0.6678700359375 0.251184834375 0.6759927796875 0.28571428593750003
2 0.5956678703125 0.3392010828125 0.6462093859375 0.31821259375 0.661552346875 0.3067027765625 0.6705776171875 0.2945159109375 0.67148014375 0.26540284375 0.66606498125 0.251184834375 0.6588447656249999 0.24779959375 0.653429603125 0.2362897765625 0.6407942234374999 0.22748815156250002 0.629061371875 0.2200406234375 0.607400721875 0.21259309375000002 0.56768953125 0.2112389984375 0.54061371875 0.21936357499999998 0.5234657046875 0.23155044062500002 0.5171480140625 0.2396750171875 0.5108303249999999 0.2593094109375 0.5126353796875 0.28232904531249997 0.5090252703125 0.3209207859375 0.5153429609375 0.3351387953125 0.5550541515625 0.3283683140625 0.5703971125 0.3290453625 0.5956678703125 0.3392010828125
2 0.8935018046875 0.5389302640625 0.9666064984375 0.538253215625 0.989169675 0.52877454375 0.9990974734375 0.5192958703125 0.9990974734375 0.45633039999999997 0.97833935 0.4394041984375 0.9584837546875 0.43060257343749997 0.941335740625 0.42721733281249996 0.911552346875 0.4292484765625 0.895306859375 0.43534190937500006 0.8745487359374999 0.4536222078125 0.7942238265625 0.4962762359375 0.7888086640624999 0.505754909375 0.7879061375 0.51523358125 0.7933213 0.52877454375 0.8014440437499999 0.5368991203125 0.819494584375 0.5443466484374999 0.8510830328125 0.5443466484374999 0.8935018046875 0.5389302640625
2 0.9666064984375 0.71293161875 0.9846570390625 0.7075152328125001 0.9990974734375 0.69532836875 0.9990974734375 0.6574136765625 0.9792418765625 0.6398104265625 0.9602888093749999 0.6330399453125 0.8176895312499999 0.6222071765625 0.79061371875 0.630331753125 0.7752707578125 0.647935003125 0.7716606500000001 0.6574136765625 0.7716606500000001 0.68178740625 0.7815884468750001 0.7007447531250001 0.803249096875 0.7156398109375 0.830324909375 0.722410290625 0.8835740078125 0.7156398109375 0.9666064984375 0.71293161875
4 0.7391696750000001 0.630331753125 0.7536101078125 0.60324983125 0.75 0.5883547734375 0.7355595671875 0.5788761 0.6245487359374999 0.5280974953124999 0.6119133578125 0.5308056875 0.5947653421875 0.5457007453125 0.5830324906250001 0.5599187546875 0.5703971125 0.587677725 0.569494584375 0.6005416390625 0.5740072203125 0.60731211875 0.6570397109375 0.630331753125 0.7111913359375001 0.6418415703125 0.7283393499999999 0.6384563296875 0.7391696750000001 0.630331753125
4 0.7120938625 0.939742721875 0.691335740625 0.9465132031250001 0.6732851984375 0.961408259375 0.6624548734375 0.9817197015625 0.6633574 0.9993229515625 0.8068592062500001 0.9993229515625 0.7617328515625 0.9532836828125 0.7509025265625 0.9458361546875 0.7310469312500001 0.939742721875 0.7120938625 0.939742721875
1 0.6227436828124999 0.7352742046875 0.6254512640625001 0.731211915625 0.6227436828124999 0.7237643874999999 0.5252707578125 0.6702775890625 0.4638989171875 0.6384563296875 0.454873646875 0.6445497625 0.446750903125 0.6540284359374999 0.48826714843749996 0.6804333109375 0.5433213 0.7054840890625 0.6055956671875 0.7406905890625 0.6146209390624999 0.7406905890625 0.6227436828124999 0.7352742046875
1 0.37274368281250003 0.635071090625 0.3610108296875 0.6343940421875 0.3456678703125 0.6411645234375001 0.33844765312499997 0.647935003125 0.33844765312499997 0.6540284359374999 0.3483754515625 0.6614759640625001 0.36462093906250004 0.6621530124999999 0.3799638984375 0.6553825328125 0.38267147968750004 0.6445497625 0.37274368281250003 0.635071090625
1 0 0.26743398749999997 0.118231046875 0.3019634390625 0.1308664265625 0.2938388625 0.1335740078125 0.28706838125 0.1272563171875 0.2836831421875 0.00270758125 0.2437373046875 0 0.2437373046875 0 0.26743398749999997
1 0.7861010828125 0.7393364921875001 0.7833935015625 0.7366283 0.7590252703125 0.7393364921875001 0.75812274375 0.755585646875 0.7942238265625 0.8964116453125 0.8023465703125 0.9018280296875 0.8176895312499999 0.90115098125 0.8231046937500001 0.8937034531249999 0.7861010828125 0.7393364921875001
0 0.669675090625 0.5477318890625 0.7283393499999999 0.575490859375 0.7364620937499999 0.57684495625 0.7996389890625 0.46784021718749996 0.8267148015625001 0.42789438124999996 0.8330324906250001 0.4116452265625 0.8276173281249999 0.4075829390625 0.71480144375 0.364928909375 0.685920578125 0.3656059578125 0.6759927796875 0.37508463124999997 0.6525270765625 0.4129993234375 0.6380866421875 0.429925525 0.5794223828125 0.51997291875 0.5794223828125 0.5267433984375 0.599277978125 0.5355450234375 0.6200361015625 0.527420446875 0.6380866421875 0.5321597828125 0.6588447656249999 0.545023696875 0.669675090625 0.5477318890625
0 0 0.5132024375 0.1299638984375 0.5551794171875 0.1624548734375 0.5707515234375 0.17689530625 0.56804333125 0.18321299687499998 0.5605958015625 0.305956678125 0.3798239671875 0.31227436875 0.36086662187499996 0.3050541515625 0.347325659375 0.212996390625 0.318889640625 0.1335740078125 0.2965470546875 0.12635379062500002 0.2965470546875 0.1173285203125 0.30467163125 0.04602888125 0.40419769843750003 0 0.4624238328125 0 0.5132024375
0 0 0.780636425 0.07220216562500001 0.9092755578125 0.1389891703125 0.8869329718750001 0.1416967515625 0.88354773125 0.18501805 0.8679756265625 0.1949458484375 0.86188219375 0.215703971875 0.8564658093749999 0.2193140796875 0.8517264718750001 0.26353790625 0.8361543671874999 0.2942238265625 0.8199052124999999 0.2933213 0.8063642515625 0.1787003609375 0.6093432640625001 0.1579422375 0.5788761 0.1498194953125 0.5775220046875 0.142599278125 0.58090724375 0.134476534375 0.58090724375 0.10740072187500001 0.593094109375 0.0045126359375000005 0.626269465625 0 0.628300609375 0 0.780636425
0 0.44519675156250005 0.6083723765625 0.5538050546875 0.6349465125 0.6184702171875001 0.41399526093750005 0.5856029953124999 0.3619346296875 0.48848917031249994 0.6093568046875 0.45740613750000003 0.6012213953125001 0.5614359203125 0.340982396875 0.5598745484375 0.3302938390625 0.4339277984375 0.35523358125 0.325376353125 0.580581584375 0.45801173281249996 0.6015192953125 0.4837472921875 0.6083039953125 0.44519675156250005 0.6083723765625
3 0.7550956671875 0.73015910625 0.7730758125 0.724792146875 0.7759648015625 0.7071394718749999 0.7598790609375 0.69086594375 0.7405108296875 0.6845172640625 0.7239936828125 0.6845172640625 0.7072951265625 0.6939322953125 0.6917710968749999 0.695353821875 0.678348375 0.69403114375 0.5490063171874999 0.64908463125 0.56645758125 0.6588422484375 0.544056859375 0.65293365 0.6649359203125 0.7086770484375 0.67169104375 0.7122782937500001 0.6670117328125 0.7083053484375 0.6703050546875 0.701905890625 0.67079505625 0.7021325 0.6701994578125 0.7018266750000001 0.678121840625 0.6983033171875 0.7550956671875 0.73015910625
3 0.67079505625 0.7021325 0.7066444046875 0.720540284375 0.7040625484375 0.7221464109375 0.7029765343750001 0.7215159109375 0.688184115625 0.7262816515625 0.6801680734375 0.719475671875 0.6849052343750001 0.7336452265625 0.689231046875 0.746991875 0.71272111875 0.7625849703124999 0.7455397109375 0.7651976984375 0.7605974734375 0.74593365 0.7443330328125 0.736141503125 0.67079505625 0.7021325