2 0.9151780953124999 0.3851984609375 0.9313664296875 0.3836550171875 0.9944144125 0.354467440625 0.9910118890625 0.256952715625 0.9865020031249999 0.2570052359375 0.932591934375 0.2894737015625 0.871820478125 0.3321839828125 0.8684961124999999 0.34035222656249997 0.8708671546875 0.356583671875 0.8839674093750001 0.369980328125 0.9069894140624999 0.3832614390625 0.9151780953124999 0.3851984609375
2 0.5722304265625 0.280121078125 0.5111795156250001 0.28896157968749997 0.5071894593749999 0.30391218124999997 0.508087346875 0.329645234375 0.5134242359375001 0.3532942078125 0.5207581984375 0.3565961046875 0.5369229015625 0.3543754765625 0.575920584375 0.360018475 0.67342864375 0.3615927875 0.7059707125 0.36324619999999996 0.719618515625 0.36647456875 0.72636585 0.32710327031249997 0.72421564375 0.2654793796875 0.719563984375 0.2614687859375 0.6694076875 0.27221479375 0.5722304265625 0.280121078125
2 0.222228253125 0.2056115859375 0.191537396875 0.2052915359375 0.1592316140625 0.2104099765625 0.1360637484375 0.218809309375 0.1201825859375 0.229156165625 0.11078066718749999 0.24416979218749998 0.11400642968750001 0.2590363640625 0.1325658046875 0.273724365625 0.202190728125 0.3813072703125 0.20874085625 0.38800559843750004 0.2369620671875 0.39512901562499997 0.27185563749999997 0.386593134375 0.2824194484375 0.37901804375000003 0.28579107187499997 0.372204171875 0.2685989734375 0.26739796562499996 0.2670590234375 0.24912445625 0.27107270781250004 0.234851040625 0.26430992343750004 0.22205804218749997 0.2504494625 0.2127350046875 0.222228253125 0.2056115859375
2 0 0.4771347140625 0.004806748437499999 0.49132216875 0.01325534375 0.50070823125 0.029798107812500002 0.5093225718750001 0.0479557953125 0.51249841875 0.0732347890625 0.5128814953124999 0.09649716875 0.50719090625 0.1257662171875 0.4926233765625 0.1380631 0.48299572343749997 0.1474177609375 0.46662772500000005 0.1458541828125 0.44767703125 0.1132453171875 0.41824850468749997 0.035049565625 0.3236371671875 0.0185068015625 0.3150228265625 0 0.31318702656249997 0 0.4771347140625
4 0.3006634734375 0.43638974687500004 0.2285525484375 0.43858443906250005 0.214380828125 0.44620154218749997 0.20666471875 0.457808234375 0.202981834375 0.48156224999999997 0.20608945312500002 0.49304289375000004 0.2108828828125 0.5011165984375 0.22191926875 0.5070852218749999 0.25832916093749997 0.5161456624999999 0.3282303546875 0.52820338125 0.3585195234375 0.517011275 0.400770684375 0.512454475 0.4070649859375 0.48596020468749995 0.40517060625 0.4575289140625 0.395607375 0.4420586859375 0.3873714359375 0.4387672921875 0.3006634734375 0.43638974687500004
0 0.42622416249999995 0.310952209375 0.3346755125 0.2991465875 0.26629382343749997 0.43408015625 0.26907064062499997 0.43608020312500007 0.39007736875 0.43873578125 0.397434959375 0.44271486250000003 0.4050052046875 0.45278861406250004 0.40953463125 0.4791568375 0.4168449640625 0.4817815484375 0.434813625 0.47953991093750004 0.4571544875 0.447439084375 0.49109155156249995 0.33390792187499996 0.48898042343750003 0.3251255171875 0.4769948046875 0.317813028125 0.45057754843750003 0.3106686015625 0.42622416249999995 0.310952209375
0 0.5325784171875 0.3591682953125 0.412425503125 0.5102863656250001 0.41626969843749995 0.51701620625 0.4456528015625 0.5315781625 0.46076966874999997 0.5510484796874999 0.46425125625 0.5991076484375 0.5691128187500001 0.6304046 0.5916386218749999 0.6294648140625 0.5944863265625 0.6334964171874999 0.6034115843750001 0.630682634375 0.615231803125 0.6332548250000001 0.619812575 0.6352338609375 0.61819765 0.640672353125 0.6218291875 0.6413075218750001 0.6322276 0.628992134375 0.7162541640625 0.47693985312500004 0.741541334375 0.4258358125 0.7386463734375 0.420449840625 0.6374636078125 0.39114243125 0.5589247859375 0.3642811640625 0.5325784171875 0.3591682953125
1 0.742391965625 0.45021449375 0.73716913125 0.45569500312500005 0.7384727953125 0.4671966546875 0.775338903125 0.5927750328125 0.78010870625 0.600171553125 0.7892229921875 0.60277525625 0.8061715312500001 0.5971581953125 0.8055571875 0.5795513703124999 0.765937890625 0.4526501328125 0.7613098609375 0.4493167265625 0.742391965625 0.45021449375
0 1 0.51454773125 0.99973085625 0.5068341984375 0.9943189921875 0.506897221875 0.829442090625 0.53998049375 0.8232936499999999 0.5447943203125 0.8192090796875 0.55703618125 0.9166258078125 0.6852967203125 0.9259527546875 0.6939950921875 0.9442522140625 0.701234053125 0.9471235453125001 0.705942840625 0.9458157937499999 0.7201847453125 0.955379025 0.735654975 1 0.790034540625 1 0.51454773125
0 0.734312559375 1 0.775092628125 0.9477673390625 0.7800791765625 0.9355149734375001 0.7828087375 0.9361606468750001 0.7862748734375 0.93205551875 0.785207496875 0.9273257234375001 0.7905721031249999 0.925908328125 0.794727559375 0.9156980234375001 0.7974571203124999 0.9163436968750001 0.808686621875 0.9019862484375001 0.9307893515625001 0.7291667265624999 0.93404283125 0.7189669265624999 0.9246922578125 0.7095913687500001 0.7529507843750001 0.6235214874999999 0.738377375 0.6196264359375 0.7043426140625 0.6010538890625 0.6971031671875 0.600460734375 0.6829550734375001 0.608755025 0.6187842765625 0.6833455500000001 0.5646574625 0.735462903125 0.5281448765625 0.7751808328124999 0.5282866484375 0.7792439484375 0.512429115625 0.7902679890625001 0.5134256078125 0.792966228125 0.4865984859375 0.8257967609374999 0.47423072031249996 0.83339285625 0.46656186875000005 0.8463539203125 0.4585622171875 0.8498343828125 0.45988950937500006 0.8620132187499999 0.4673416140625 0.86870104375 0.4755539234375 0.87131525 0.4905762765625 0.888076825 0.49601176875 0.8886909875000001 0.500757940625 0.8954103234374999 0.559878575 0.9346920203125 0.624434703125 0.9745878749999999 0.65469615625 0.9884621421875 0.6707150625 1 0.734312559375 1
1 0.45859901875000003 0.618142375 0.4572676359375 0.63170709375 0.458995709375 0.8105366109375 0.4672789046875 0.8151823734375 0.4817577984375 0.81636868125 0.4957404921875 0.803334090625 0.4901918515625 0.61845191875 0.4846145875 0.61377464375 0.4620651546875 0.61403724375 0.45859901875000003 0.618142375
1 0.3681250171875 0.7147179578125 0.358250525 0.716187871875 0.3404945234375 0.7245241796874999 0.34070718125 0.73061885 0.4470605296875 0.9339734609375 0.45876260625 0.933159721875 0.4800792609375 0.9234270296875 0.4740294234375 0.9052060421875 0.3850222109375 0.7334900828124999 0.37270579062500003 0.7166969937500001 0.3681250171875 0.7147179578125
0 0.17516140468750002 0.6410895109375 0.1174112296875 0.64108458125 0.11207025156249999 0.6431791609374999 0.038496628125 0.8879218390625001 0.0329152765625 0.9089881203125 0.035833865625 0.9150512765625001 0.05396792500000001 0.9175499421875 0.09999239531250001 0.917691421875 0.1170590765625 0.915460290625 0.3092274953125 0.9145773140625 0.3208350578125 0.9110548328125001 0.3421926015625 0.6438865734375 0.334858640625 0.6405846765625001 0.182448109375 0.6430370359375 0.17516140468750002 0.6410895109375
4 0.41631695625000004 0.518370578125 0.39906124374999996 0.5151842249999999 0.3657117140625 0.5162500578125 0.346935590625 0.5212109421875 0.3273992640625 0.5302454421875 0.30812285156249997 0.5467289828124999 0.299717421875 0.5644408484375 0.30026088125 0.5800161187499999 0.3051724546875 0.591475753125 0.3495738203125 0.648542840625 0.3727848546875 0.6672414375 0.38375035468749996 0.6711785046875 0.4081273703125 0.67157208125 0.42780546875000003 0.66660069375 0.44454135 0.6548889625000001 0.4571494921875 0.6283211640624999 0.4600330921875 0.5557992828125 0.45035171875 0.5369431265625 0.4364676296875 0.5269429015625 0.41631695625000004 0.518370578125
3 0.170332984375 0.5544307640625 0.1638301140625 0.54908680625 0.14750000937500002 0.5465671375000001 0.1385552109375 0.5229601765624999 0.120184865625 0.5136896578125 0.10478036406249999 0.51183666875 0.08852114531250001 0.5113485546875001 0.06618437031249999 0.517705825 0.0574245140625 0.5252599078125 0.057991601562499995 0.541512359375 0.03230683125 0.5553606875 0.03076279375 0.5628307390625 0.0338940390625 0.574988565625 0.0450485671875 0.5843431171875 0.0560613234375 0.589634553125 0.0732934078125 0.5921437203125001 0.09850151406249999 0.5904952375 0.1353428546875 0.5731296828125 0.14851604062499998 0.5756861171875001 0.1619748140625 0.5734969999999999 0.215545903125 0.5830350484375 0.297101915625 0.592924659375 0.3015172890625 0.590163396875 0.3003790234375 0.5834020453125001 0.2938997828125 0.578735275 0.21946507343750002 0.5660528890625 0.170332984375 0.5544307640625
1 0.0031086687500000002 0.5719597750000001 0.030691907812500002 0.56079918125 0.05003920625 0.5463471953125 0.0481171078125 0.542982275 0.03140894375 0.5296276359375 0.0020690078125 0.5421636078125001 0.0031086687500000002 0.5719597750000001