2 0.9008399890625001 0.6419677234375001 0.8620231734375 0.62523878125 0.7854127265625 0.5768183703124999 0.7708835703125 0.5753762124999999 0.755807378125 0.58073855 0.7297568562500001 0.600791 0.7285919078124999 0.613046434375 0.7325520125 0.619667125 0.8063364125 0.683123584375 0.8192399125 0.688023125 0.8176142531249999 0.691480509375 0.827053803125 0.6992341843750001 0.841582959375 0.7006763390625 0.8841426921875 0.6853763875000001 0.9046074531249999 0.662160634375 0.9008399890625001 0.6419677234375001
2 0.6071872640625 0.6580121921875 0.6123432015625 0.6184652765624999 0.6116852984375 0.588650503125 0.6077960734375 0.583383359375 0.5880355484375 0.58554563125 0.5048207046875001 0.5835133859375 0.4742076078125 0.58544000625 0.4632132828125 0.5824972640625 0.4407484734375 0.5847698171875 0.4345093609375 0.586380684375 0.4285537609375 0.5934057359375 0.4228307953125 0.622124284375 0.42295710781249996 0.6417874625 0.43950175625 0.6472167343749999 0.5149227078124999 0.655670778125 0.5996768859375 0.669848175 0.60321171875 0.668347590625 0.6071872640625 0.6580121921875
2 0.210838134375 0.6450119296875 0.2240669265625 0.569868453125 0.224578521875 0.5623871890625 0.21860292656250002 0.55177938125 0.20278250937500003 0.542929484375 0.1736887546875 0.5393684000000001 0.151472021875 0.5463783624999999 0.089991415625 0.63162816875 0.0700736890625 0.6480394328125 0.0682908296875 0.6657458125 0.07804933124999999 0.6795904421875 0.10132924531250001 0.6928836703125001 0.1351427734375 0.700321590625 0.17480558125 0.6987041421875 0.1987188515625 0.689590340625 0.20911070937499998 0.681027940625 0.21315713593750002 0.672046090625 0.210838134375 0.6450119296875
2 0 0.5829391 0.0069646609375000005 0.5814347578125 0.016561409375 0.5749394390625 0.08318705937500001 0.501687746875 0.1049076421875 0.4852029625 0.11065060468750001 0.47411727187499997 0.1117092328125 0.45983151875 0.1036827078125 0.44455982031249996 0.08577591875 0.4303692578125 0.0728015421875 0.4241161703125 0.054418596875 0.4180836453125 0.0317057140625 0.415618784375 0.0047337671875 0.41807513749999997 0 0.42070649062500004 0 0.5829391
2 0.8489705984375 0.42773133906250005 0.8422907671875001 0.438177015625 0.833453690625 0.44192848281249997 0.8317262671875 0.47794449375000003 0.8361116421875 0.49268645937500005 0.8556640828125 0.5210524953125 0.8532987515625001 0.5448865921875 0.8631281312500001 0.5600847703125 0.8799208546875 0.5702514546875 0.9099869171874999 0.575129325 0.9424028671875 0.5731291828125 0.97352755625 0.5637212984375 0.9884619906250001 0.555651871875 0.9908319453125 0.5543344875 0.9915772390625 0.5116366390625 0.9898304703124999 0.4782791859375 0.9704752203125 0.47092987500000005 0.946876353125 0.4515456890625 0.8919910421875 0.42122943749999997 0.8604765203125 0.4231928171875 0.8489705984375 0.42773133906250005
1 0.43385958281250003 0.349709015625 0.4515337375 0.34220608124999996 0.4826556625 0.17748633125 0.48139984062499996 0.1707553625 0.470405515625 0.1678126203125 0.4568841015625 0.1683640234375 0.45172361250000004 0.1733219953125 0.425266028125 0.32360895 0.43011211562499996 0.3471489640625 0.43385958281250003 0.349709015625
1 0.4082634328125 0.46469349062500004 0.41063331718749996 0.47544833906250006 0.41729770312500003 0.4819587484375 0.42631197656250003 0.48159114531249997 0.589673884375 0.40982029375 0.5833793359375 0.39312153125 0.5708302296875 0.3949897203125 0.501105909375 0.4263182453125 0.46558040156249997 0.4379402484375 0.41962759531250005 0.45744787656249997 0.4082634328125 0.46469349062500004
1 0.33755038437499996 0.23562653125000002 0.33963675625 0.24096719531250002 0.357260028125 0.24974357343750003 0.36266859375 0.2495230125 0.37731951406249997 0.23603940156249997 0.49434511875 0.0901977 0.49128644374999997 0.0835402515625 0.4708525703125 0.0728438359375 0.461255821875 0.07933915625 0.44681753906250005 0.0968834046875 0.33755038437499996 0.23562653125000002
1 0.28348749687499997 0.4107768671875 0.2858573828125 0.421531715625 0.2979303328125 0.4278215625 0.30961345156250003 0.4266669078125 0.38806397812500004 0.3549676515625 0.394055015625 0.34861937187500003 0.389811396875 0.3365845 0.38692991875 0.333310915625 0.37788020312500004 0.33300174375 0.355982425 0.3461026640625 0.28348749687499997 0.4107768671875
3 0.07635815625 0.31952552343749996 0.0899504453125 0.3203276640625 0.094351265625 0.3181135453125 0.0887300640625 0.31427347031249997 0.058947518750000004 0.3148097828125 0.0415214375 0.327050128125 0.047020878125 0.345815971875 0.0323699578125 0.359299584375 0.0328661078125 0.3687744046875 0.0415105453125 0.378595159375 0.0637827140625 0.389894828125 0.0973481671875 0.39259533750000003 0.11065694374999999 0.387983296875 0.1201828140625 0.38013443125 0.1308936265625 0.37766299062500003 0.18637685312500002 0.3848954390625 0.28216079843749997 0.40269235156249994 0.289954690625 0.3962705515625 0.278854046875 0.391297490625 0.19655607343749998 0.37227240156249997 0.1525078875 0.3591478859375 0.143422734375 0.3581619421875 0.1408956484375 0.3616560859375 0.12463451562500001 0.361641 0.11713958124999999 0.356520896875 0.1054564640625 0.35767555156249997 0.0903602734375 0.34540502812499996 0.07683886250000001 0.34595643125 0.072119090625 0.3420795953125 0.052905596875 0.3374373734375 0.04981148125 0.330103153125 0.053999665625000005 0.32382839531249996 0.07635815625 0.31952552343749996
4 0.35257212031249996 0.48798935 0.3563704703125 0.4742700859375 0.35021312656250003 0.4256894703125 0.343548740625 0.41917906250000003 0.327940959375 0.414389803125 0.30611405937499997 0.4288442671875 0.292486328125 0.427365353125 0.279299315625 0.41705162656250006 0.1940889765625 0.4286651234375 0.18265393125 0.4345571921875 0.17857206718750002 0.44286226875 0.1767183296875 0.4592151015625 0.18023771718749998 0.47467059999999994 0.1890593515625 0.48787521875 0.199223128125 0.492208265625 0.2400354421875 0.49529146874999996 0.34484910625 0.49576469375 0.35257212031249996 0.48798935
4 0.336915946875 0.4171361453125 0.35685261874999996 0.4191139953125 0.365086871875 0.4224989078125 0.392845546875 0.41997181406250006 0.405965125 0.4129197984375 0.41744922500000003 0.40454887812500007 0.43030192968750003 0.3896058234375 0.433707865625 0.37179120625 0.42782277031250004 0.3422621671875 0.4211491515625 0.3095091578125 0.395292334375 0.2891671703125 0.3581112359375 0.2892876421875 0.3334103453125 0.302854190625 0.32731212656249997 0.3165919578125 0.3001153109375 0.353517071875 0.29045174687499997 0.3701911046875 0.2990164546875 0.391703521875 0.377070609375 0.33177327343749996 0.4005375421875 0.3419790859375 0.3267284078125 0.4119698578125 0.336915946875 0.4171361453125
0 0.68857828125 0.3664503140625 0.6735020875 0.37181264999999997 0.6588511671874999 0.3852962609375 0.5486117109374999 0.522722603125 0.5420027578125 0.534521825 0.5455221453125 0.5499773234374999 0.669781934375 0.576786265625 0.688782790625 0.5773678484375 0.8457701656250001 0.418366796875 0.845238575 0.4082152 0.827650740625 0.4001155953125 0.7173176421874999 0.36324366874999997 0.68857828125 0.3664503140625
0 0.4068519765625 0.4152268765625 0.38354441562499997 0.41989874374999997 0.3612314359375 0.41987815 0.45152191249999996 0.5817864796875 0.552199971875 0.5550710640625 0.5434939765625 0.5509234046875 0.5370778781250001 0.5349051015625 0.6075928109375 0.4493601265625 0.5937272421875 0.4094583140625 0.4203445890625 0.483509015625 0.409392875 0.47558370156249996 0.4039101953125 0.46557365156249997 0.5890924453124999 0.39197159843749996 0.5651968453125 0.33805989531249997 0.5609995453125001 0.32892794062499997 0.4316935671875 0.3569932421875 0.435417384375 0.36893469218749997 0.4320609359375 0.3876771296875 0.41985047968749994 0.40306806718750005 0.4068519765625 0.4152268765625
0 0.5145154734374999 0.1131127921875 0.512023828125 0.11728371093750001 0.500198953125 0.1157312765625 0.49417247656249996 0.12140278125 0.49682587343750007 0.13757181406250002 0.5255234578125 0.21982236875 0.53901398125 0.25318313593749997 0.5436274390625 0.25502965624999996 0.5452376515624999 0.26852835625 0.5616450984375 0.30583948125 0.5862762578125 0.3794390296875 0.5882917484375 0.3834261484375 0.59463718125 0.383845596875 0.60707996875 0.37994708906249997 0.6224042359374999 0.379322165625 0.797489253125 0.3416623765625 0.7964615109375 0.322035959375 0.75397623125 0.09724361718749999 0.7397260375 0.06662670000000001 0.6443364765624999 0.090863234375 0.638750715625 0.08769993125 0.6234618859375 0.089001628125 0.61649854375 0.0940331203125 0.603807678125 0.0931942171875 0.5699787062499999 0.10271238281249999 0.5536466953125 0.101343746875 0.5429358828125 0.10381518906250001 0.5467896671875 0.108405559375 0.5388540171875 0.11212026718749998 0.5189871734375 0.1122522171875 0.5145154734374999 0.1131127921875
0 0.3163150625 0.31313117031250004 0.325258459375 0.311410021875 0.3470226078125 0.08874511562500001 0.3471798078125 0.0744961203125 0.334311746875 0.07027335312500001 0.14150803125 0.0455814140625 0.09903462187499999 0.0452788265625 0.10624425625 0.16570766406249998 0.11939404218750001 0.296067534375 0.3163150625 0.31313117031250004
0 0.3897941671875 0.4742635046875 0.3775794578125 0.4652665640625 0.364128925 0.46717151562500003 0.34845481562499997 0.49561765312499995 0.3431171296875 0.49719176093749995 0.27616341875 0.49517460468749996 0.2238451859375 0.49662992499999997 0.2562593515625 0.6153527046875 0.26112088125 0.621936634375 0.275933553125 0.6287929734375 0.370548 0.6242563765625 0.3928356109375 0.6185999609375 0.405101203125 0.6113175875 0.40083303593749997 0.5470609109375 0.3897941671875 0.4742635046875